session_id;id;base_name;modo;condiciones_medida;config_label;sample_index;tiempo_s;red_raw;ir_raw;temp_c;temp_raw;red_proc_norm;ir_proc_norm;artifact_red;artifact_ir;peak_ir;bpm_rolling_5s;spo2_rolling_5s;ratio_r_rolling_5s;quality_rolling_5s
BLOQUE_16CFG_386_20260610_132433_CFG002_CONFIG_03_-_B3F_AVG4_ADC16384;386;BLOQUE_16CFG_386_20260610_132433_CFG002_CONFIG_03_-_B3F_AVG4_ADC16384;configurations;RIGHT;CONFIG 03 - B3F_AVG4_ADC16384;1;0.000000;10307;27529;32.61;2339;0.93596;1.19973;0;0;0;;;;
BLOQUE_16CFG_386_20260610_132433_CFG002_CONFIG_03_-_B3F_AVG4_ADC16384;386;BLOQUE_16CFG_386_20260610_132433_CFG002_CONFIG_03_-_B3F_AVG4_ADC16384;configurations;RIGHT;CONFIG 03 - B3F_AVG4_ADC16384;2;0.020024;10300;27539;32.34;2329;0.89541;1.21089;0;0;0;;;;
BLOQUE_16CFG_386_20260610_132433_CFG002_CONFIG_03_-_B3F_AVG4_ADC16384;386;BLOQUE_16CFG_386_20260610_132433_CFG002_CONFIG_03_-_B3F_AVG4_ADC16384;configurations;RIGHT;CONFIG 03 - B3F_AVG4_ADC16384;3;0.050237;10306;27528;32.58;2338;0.70117;1.36430;0;0;0;;;;
BLOQUE_16CFG_386_20260610_132433_CFG002_CONFIG_03_-_B3F_AVG4_ADC16384;386;BLOQUE_16CFG_386_20260610_132433_CFG002_CONFIG_03_-_B3F_AVG4_ADC16384;configurations;RIGHT;CONFIG 03 - B3F_AVG4_ADC16384;4;0.070432;10304;27535;32.50;2335;1.11846;1.07586;0;0;1;;;;
BLOQUE_16CFG_386_20260610_132433_CFG002_CONFIG_03_-_B3F_AVG4_ADC16384;386;BLOQUE_16CFG_386_20260610_132433_CFG002_CONFIG_03_-_B3F_AVG4_ADC16384;configurations;RIGHT;CONFIG 03 - B3F_AVG4_ADC16384;5;0.100489;10304;27520;32.50;2335;0.41088;1.21527;0;0;0;;;;
BLOQUE_16CFG_386_20260610_132433_CFG002_CONFIG_03_-_B3F_AVG4_ADC16384;386;BLOQUE_16CFG_386_20260610_132433_CFG002_CONFIG_03_-_B3F_AVG4_ADC16384;configurations;RIGHT;CONFIG 03 - B3F_AVG4_ADC16384;6;0.120475;10297;27533;31.00;2279;0.22839;1.05244;0;0;0;;;;
BLOQUE_16CFG_386_20260610_132433_CFG002_CONFIG_03_-_B3F_AVG4_ADC16384;386;BLOQUE_16CFG_386_20260610_132433_CFG002_CONFIG_03_-_B3F_AVG4_ADC16384;configurations;RIGHT;CONFIG 03 - B3F_AVG4_ADC16384;7;0.150914;10301;27523;32.74;2344;-0.04376;0.94389;0;0;0;;;;
BLOQUE_16CFG_386_20260610_132433_CFG002_CONFIG_03_-_B3F_AVG4_ADC16384;386;BLOQUE_16CFG_386_20260610_132433_CFG002_CONFIG_03_-_B3F_AVG4_ADC16384;configurations;RIGHT;CONFIG 03 - B3F_AVG4_ADC16384;8;0.170629;10300;27511;32.39;2331;0.03202;0.87145;0;0;0;;;;
BLOQUE_16CFG_386_20260610_132433_CFG002_CONFIG_03_-_B3F_AVG4_ADC16384;386;BLOQUE_16CFG_386_20260610_132433_CFG002_CONFIG_03_-_B3F_AVG4_ADC16384;configurations;RIGHT;CONFIG 03 - B3F_AVG4_ADC16384;9;0.201106;10297;27526;32.26;2326;0.02348;0.60249;0;0;0;;;;
BLOQUE_16CFG_386_20260610_132433_CFG002_CONFIG_03_-_B3F_AVG4_ADC16384;386;BLOQUE_16CFG_386_20260610_132433_CFG002_CONFIG_03_-_B3F_AVG4_ADC16384;configurations;RIGHT;CONFIG 03 - B3F_AVG4_ADC16384;10;0.221373;10300;27505;31.88;2312;0.27855;0.59855;0;0;0;;;;
BLOQUE_16CFG_386_20260610_132433_CFG002_CONFIG_03_-_B3F_AVG4_ADC16384;386;BLOQUE_16CFG_386_20260610_132433_CFG002_CONFIG_03_-_B3F_AVG4_ADC16384;configurations;RIGHT;CONFIG 03 - B3F_AVG4_ADC16384;11;0.251490;10302;27508;32.47;2334;0.44397;0.36373;0;0;0;;;;
BLOQUE_16CFG_386_20260610_132433_CFG002_CONFIG_03_-_B3F_AVG4_ADC16384;386;BLOQUE_16CFG_386_20260610_132433_CFG002_CONFIG_03_-_B3F_AVG4_ADC16384;configurations;RIGHT;CONFIG 03 - B3F_AVG4_ADC16384;12;0.271656;10298;27510;31.88;2312;0.52401;0.32280;0;0;0;;;;
BLOQUE_16CFG_386_20260610_132433_CFG002_CONFIG_03_-_B3F_AVG4_ADC16384;386;BLOQUE_16CFG_386_20260610_132433_CFG002_CONFIG_03_-_B3F_AVG4_ADC16384;configurations;RIGHT;CONFIG 03 - B3F_AVG4_ADC16384;13;0.301837;10300;27500;32.23;2325;-0.09605;0.44317;0;0;0;;;;
BLOQUE_16CFG_386_20260610_132433_CFG002_CONFIG_03_-_B3F_AVG4_ADC16384;386;BLOQUE_16CFG_386_20260610_132433_CFG002_CONFIG_03_-_B3F_AVG4_ADC16384;configurations;RIGHT;CONFIG 03 - B3F_AVG4_ADC16384;14;0.322053;10294;27512;32.69;2342;-0.19103;0.36876;0;0;0;;;;
BLOQUE_16CFG_386_20260610_132433_CFG002_CONFIG_03_-_B3F_AVG4_ADC16384;386;BLOQUE_16CFG_386_20260610_132433_CFG002_CONFIG_03_-_B3F_AVG4_ADC16384;configurations;RIGHT;CONFIG 03 - B3F_AVG4_ADC16384;15;0.352145;10296;27503;32.04;2318;-0.03095;0.31273;0;0;0;;;;
BLOQUE_16CFG_386_20260610_132433_CFG002_CONFIG_03_-_B3F_AVG4_ADC16384;386;BLOQUE_16CFG_386_20260610_132433_CFG002_CONFIG_03_-_B3F_AVG4_ADC16384;configurations;RIGHT;CONFIG 03 - B3F_AVG4_ADC16384;16;0.372243;10301;27494;32.34;2329;-0.21238;0.16611;0;0;0;;;;
BLOQUE_16CFG_386_20260610_132433_CFG002_CONFIG_03_-_B3F_AVG4_ADC16384;386;BLOQUE_16CFG_386_20260610_132433_CFG002_CONFIG_03_-_B3F_AVG4_ADC16384;configurations;RIGHT;CONFIG 03 - B3F_AVG4_ADC16384;17;0.402344;10291;27501;32.96;2352;-0.04803;-0.03655;0;0;0;;;;
BLOQUE_16CFG_386_20260610_132433_CFG002_CONFIG_03_-_B3F_AVG4_ADC16384;386;BLOQUE_16CFG_386_20260610_132433_CFG002_CONFIG_03_-_B3F_AVG4_ADC16384;configurations;RIGHT;CONFIG 03 - B3F_AVG4_ADC16384;18;0.422400;10297;27489;31.64;2303;-0.31163;-0.24183;0;0;0;;;;
BLOQUE_16CFG_386_20260610_132433_CFG002_CONFIG_03_-_B3F_AVG4_ADC16384;386;BLOQUE_16CFG_386_20260610_132433_CFG002_CONFIG_03_-_B3F_AVG4_ADC16384;configurations;RIGHT;CONFIG 03 - B3F_AVG4_ADC16384;19;0.452606;10297;27480;31.99;2316;0.11419;-0.35847;0;0;0;;;;
BLOQUE_16CFG_386_20260610_132433_CFG002_CONFIG_03_-_B3F_AVG4_ADC16384;386;BLOQUE_16CFG_386_20260610_132433_CFG002_CONFIG_03_-_B3F_AVG4_ADC16384;configurations;RIGHT;CONFIG 03 - B3F_AVG4_ADC16384;20;0.473278;10295;27492;32.34;2329;0.01921;-0.49438;0;0;0;;;;
BLOQUE_16CFG_386_20260610_132433_CFG002_CONFIG_03_-_B3F_AVG4_ADC16384;386;BLOQUE_16CFG_386_20260610_132433_CFG002_CONFIG_03_-_B3F_AVG4_ADC16384;configurations;RIGHT;CONFIG 03 - B3F_AVG4_ADC16384;21;0.502838;10295;27479;31.99;2316;-0.34365;-0.36329;0;0;0;;;;
BLOQUE_16CFG_386_20260610_132433_CFG002_CONFIG_03_-_B3F_AVG4_ADC16384;386;BLOQUE_16CFG_386_20260610_132433_CFG002_CONFIG_03_-_B3F_AVG4_ADC16384;configurations;RIGHT;CONFIG 03 - B3F_AVG4_ADC16384;22;0.523024;10292;27485;32.83;2347;-0.70971;-0.42807;0;0;0;;;;
BLOQUE_16CFG_386_20260610_132433_CFG002_CONFIG_03_-_B3F_AVG4_ADC16384;386;BLOQUE_16CFG_386_20260610_132433_CFG002_CONFIG_03_-_B3F_AVG4_ADC16384;configurations;RIGHT;CONFIG 03 - B3F_AVG4_ADC16384;23;0.553239;10290;27486;31.88;2312;-0.38420;-0.42347;0;0;0;;;;
BLOQUE_16CFG_386_20260610_132433_CFG002_CONFIG_03_-_B3F_AVG4_ADC16384;386;BLOQUE_16CFG_386_20260610_132433_CFG002_CONFIG_03_-_B3F_AVG4_ADC16384;configurations;RIGHT;CONFIG 03 - B3F_AVG4_ADC16384;24;0.573852;10298;27477;32.58;2338;-0.40768;-0.27750;0;0;0;;;;
BLOQUE_16CFG_386_20260610_132433_CFG002_CONFIG_03_-_B3F_AVG4_ADC16384;386;BLOQUE_16CFG_386_20260610_132433_CFG002_CONFIG_03_-_B3F_AVG4_ADC16384;configurations;RIGHT;CONFIG 03 - B3F_AVG4_ADC16384;25;0.603569;10291;27491;32.69;2342;0.34685;-0.52349;0;0;0;;;;
BLOQUE_16CFG_386_20260610_132433_CFG002_CONFIG_03_-_B3F_AVG4_ADC16384;386;BLOQUE_16CFG_386_20260610_132433_CFG002_CONFIG_03_-_B3F_AVG4_ADC16384;configurations;RIGHT;CONFIG 03 - B3F_AVG4_ADC16384;26;0.623834;10298;27470;32.34;2329;-0.10992;-0.32674;0;0;0;;;;
BLOQUE_16CFG_386_20260610_132433_CFG002_CONFIG_03_-_B3F_AVG4_ADC16384;386;BLOQUE_16CFG_386_20260610_132433_CFG002_CONFIG_03_-_B3F_AVG4_ADC16384;configurations;RIGHT;CONFIG 03 - B3F_AVG4_ADC16384;27;0.653719;10292;27486;32.64;2340;0.12593;-0.60884;0;0;0;;;;
BLOQUE_16CFG_386_20260610_132433_CFG002_CONFIG_03_-_B3F_AVG4_ADC16384;386;BLOQUE_16CFG_386_20260610_132433_CFG002_CONFIG_03_-_B3F_AVG4_ADC16384;configurations;RIGHT;CONFIG 03 - B3F_AVG4_ADC16384;28;0.673525;10293;27473;32.28;2327;-0.24226;-0.53902;0;0;0;;;;
BLOQUE_16CFG_386_20260610_132433_CFG002_CONFIG_03_-_B3F_AVG4_ADC16384;386;BLOQUE_16CFG_386_20260610_132433_CFG002_CONFIG_03_-_B3F_AVG4_ADC16384;configurations;RIGHT;CONFIG 03 - B3F_AVG4_ADC16384;29;0.704000;10293;27472;31.48;2297;-0.27108;-0.57513;0;0;0;;;;
BLOQUE_16CFG_386_20260610_132433_CFG002_CONFIG_03_-_B3F_AVG4_ADC16384;386;BLOQUE_16CFG_386_20260610_132433_CFG002_CONFIG_03_-_B3F_AVG4_ADC16384;configurations;RIGHT;CONFIG 03 - B3F_AVG4_ADC16384;30;0.723665;10291;27482;31.85;2311;-0.47172;-0.47381;0;0;0;;;;
BLOQUE_16CFG_386_20260610_132433_CFG002_CONFIG_03_-_B3F_AVG4_ADC16384;386;BLOQUE_16CFG_386_20260610_132433_CFG002_CONFIG_03_-_B3F_AVG4_ADC16384;configurations;RIGHT;CONFIG 03 - B3F_AVG4_ADC16384;31;0.754343;10290;27477;32.74;2344;-0.50907;-0.38867;0;0;0;;;;
BLOQUE_16CFG_386_20260610_132433_CFG002_CONFIG_03_-_B3F_AVG4_ADC16384;386;BLOQUE_16CFG_386_20260610_132433_CFG002_CONFIG_03_-_B3F_AVG4_ADC16384;configurations;RIGHT;CONFIG 03 - B3F_AVG4_ADC16384;32;0.774419;10292;27475;32.01;2317;-0.71611;-0.36110;0;0;0;;;;
BLOQUE_16CFG_386_20260610_132433_CFG002_CONFIG_03_-_B3F_AVG4_ADC16384;386;BLOQUE_16CFG_386_20260610_132433_CFG002_CONFIG_03_-_B3F_AVG4_ADC16384;configurations;RIGHT;CONFIG 03 - B3F_AVG4_ADC16384;33;0.804601;10288;27482;32.45;2333;-0.06510;-0.54646;0;0;0;;;;
BLOQUE_16CFG_386_20260610_132433_CFG002_CONFIG_03_-_B3F_AVG4_ADC16384;386;BLOQUE_16CFG_386_20260610_132433_CFG002_CONFIG_03_-_B3F_AVG4_ADC16384;configurations;RIGHT;CONFIG 03 - B3F_AVG4_ADC16384;34;0.825371;10297;27465;32.93;2351;0.07150;-0.61124;0;0;0;;;;
BLOQUE_16CFG_386_20260610_132433_CFG002_CONFIG_03_-_B3F_AVG4_ADC16384;386;BLOQUE_16CFG_386_20260610_132433_CFG002_CONFIG_03_-_B3F_AVG4_ADC16384;configurations;RIGHT;CONFIG 03 - B3F_AVG4_ADC16384;35;0.854911;10293;27470;31.77;2308;0.03095;-0.55303;0;0;0;;;;
BLOQUE_16CFG_386_20260610_132433_CFG002_CONFIG_03_-_B3F_AVG4_ADC16384;386;BLOQUE_16CFG_386_20260610_132433_CFG002_CONFIG_03_-_B3F_AVG4_ADC16384;configurations;RIGHT;CONFIG 03 - B3F_AVG4_ADC16384;36;0.875022;10287;27484;32.45;2333;-0.52935;-0.46089;0;0;0;;;;
BLOQUE_16CFG_386_20260610_132433_CFG002_CONFIG_03_-_B3F_AVG4_ADC16384;386;BLOQUE_16CFG_386_20260610_132433_CFG002_CONFIG_03_-_B3F_AVG4_ADC16384;configurations;RIGHT;CONFIG 03 - B3F_AVG4_ADC16384;37;0.905192;10290;27469;32.74;2344;-1.00000;-0.44492;0;0;0;;;;
BLOQUE_16CFG_386_20260610_132433_CFG002_CONFIG_03_-_B3F_AVG4_ADC16384;386;BLOQUE_16CFG_386_20260610_132433_CFG002_CONFIG_03_-_B3F_AVG4_ADC16384;configurations;RIGHT;CONFIG 03 - B3F_AVG4_ADC16384;38;0.924888;10287;27470;32.36;2330;-1.12806;-0.55566;0;0;0;;;;
BLOQUE_16CFG_386_20260610_132433_CFG002_CONFIG_03_-_B3F_AVG4_ADC16384;386;BLOQUE_16CFG_386_20260610_132433_CFG002_CONFIG_03_-_B3F_AVG4_ADC16384;configurations;RIGHT;CONFIG 03 - B3F_AVG4_ADC16384;39;0.955516;10285;27477;32.66;2341;-0.73212;-0.74211;0;0;0;;;;
BLOQUE_16CFG_386_20260610_132433_CFG002_CONFIG_03_-_B3F_AVG4_ADC16384;386;BLOQUE_16CFG_386_20260610_132433_CFG002_CONFIG_03_-_B3F_AVG4_ADC16384;configurations;RIGHT;CONFIG 03 - B3F_AVG4_ADC16384;40;0.975262;10294;27458;32.23;2325;-0.42796;-1.05551;0;0;0;;;;
BLOQUE_16CFG_386_20260610_132433_CFG002_CONFIG_03_-_B3F_AVG4_ADC16384;386;BLOQUE_16CFG_386_20260610_132433_CFG002_CONFIG_03_-_B3F_AVG4_ADC16384;configurations;RIGHT;CONFIG 03 - B3F_AVG4_ADC16384;41;1.005847;10290;27452;32.99;2353;-0.30736;-1.26429;0;0;0;;;;
BLOQUE_16CFG_386_20260610_132433_CFG002_CONFIG_03_-_B3F_AVG4_ADC16384;386;BLOQUE_16CFG_386_20260610_132433_CFG002_CONFIG_03_-_B3F_AVG4_ADC16384;configurations;RIGHT;CONFIG 03 - B3F_AVG4_ADC16384;42;1.026494;10286;27465;31.93;2314;-1.06296;-1.20892;0;0;0;;;;
BLOQUE_16CFG_386_20260610_132433_CFG002_CONFIG_03_-_B3F_AVG4_ADC16384;386;BLOQUE_16CFG_386_20260610_132433_CFG002_CONFIG_03_-_B3F_AVG4_ADC16384;configurations;RIGHT;CONFIG 03 - B3F_AVG4_ADC16384;43;1.056167;10285;27461;33.15;2359;-1.13767;-1.31309;0;0;0;;;;
BLOQUE_16CFG_386_20260610_132433_CFG002_CONFIG_03_-_B3F_AVG4_ADC16384;386;BLOQUE_16CFG_386_20260610_132433_CFG002_CONFIG_03_-_B3F_AVG4_ADC16384;configurations;RIGHT;CONFIG 03 - B3F_AVG4_ADC16384;44;1.076806;10289;27446;32.12;2321;-1.64567;-1.42011;0;0;0;;;;
BLOQUE_16CFG_386_20260610_132433_CFG002_CONFIG_03_-_B3F_AVG4_ADC16384;386;BLOQUE_16CFG_386_20260610_132433_CFG002_CONFIG_03_-_B3F_AVG4_ADC16384;configurations;RIGHT;CONFIG 03 - B3F_AVG4_ADC16384;45;1.106396;10280;27459;32.50;2335;-1.55389;-1.62145;0;0;0;;;;
BLOQUE_16CFG_386_20260610_132433_CFG002_CONFIG_03_-_B3F_AVG4_ADC16384;386;BLOQUE_16CFG_386_20260610_132433_CFG002_CONFIG_03_-_B3F_AVG4_ADC16384;configurations;RIGHT;CONFIG 03 - B3F_AVG4_ADC16384;46;1.126483;10286;27450;31.91;2313;-2.08217;-1.55798;0;0;0;;;;
BLOQUE_16CFG_386_20260610_132433_CFG002_CONFIG_03_-_B3F_AVG4_ADC16384;386;BLOQUE_16CFG_386_20260610_132433_CFG002_CONFIG_03_-_B3F_AVG4_ADC16384;configurations;RIGHT;CONFIG 03 - B3F_AVG4_ADC16384;47;1.156796;10283;27450;32.72;2343;-1.83671;-1.65931;0;0;0;;;;
BLOQUE_16CFG_386_20260610_132433_CFG002_CONFIG_03_-_B3F_AVG4_ADC16384;386;BLOQUE_16CFG_386_20260610_132433_CFG002_CONFIG_03_-_B3F_AVG4_ADC16384;configurations;RIGHT;CONFIG 03 - B3F_AVG4_ADC16384;48;1.176853;10283;27454;32.74;2344;-2.03094;-1.72781;0;0;0;;;;
BLOQUE_16CFG_386_20260610_132433_CFG002_CONFIG_03_-_B3F_AVG4_ADC16384;386;BLOQUE_16CFG_386_20260610_132433_CFG002_CONFIG_03_-_B3F_AVG4_ADC16384;configurations;RIGHT;CONFIG 03 - B3F_AVG4_ADC16384;49;1.206947;10284;27447;32.15;2322;-2.22091;-1.62429;0;0;0;;;;
BLOQUE_16CFG_386_20260610_132433_CFG002_CONFIG_03_-_B3F_AVG4_ADC16384;386;BLOQUE_16CFG_386_20260610_132433_CFG002_CONFIG_03_-_B3F_AVG4_ADC16384;configurations;RIGHT;CONFIG 03 - B3F_AVG4_ADC16384;50;1.227430;10281;27457;32.80;2346;-2.58911;-1.58074;0;0;0;;;;
BLOQUE_16CFG_386_20260610_132433_CFG002_CONFIG_03_-_B3F_AVG4_ADC16384;386;BLOQUE_16CFG_386_20260610_132433_CFG002_CONFIG_03_-_B3F_AVG4_ADC16384;configurations;RIGHT;CONFIG 03 - B3F_AVG4_ADC16384;51;1.257348;10279;27458;32.96;2352;-2.35325;-1.57483;0;0;0;;;;
BLOQUE_16CFG_386_20260610_132433_CFG002_CONFIG_03_-_B3F_AVG4_ADC16384;386;BLOQUE_16CFG_386_20260610_132433_CFG002_CONFIG_03_-_B3F_AVG4_ADC16384;configurations;RIGHT;CONFIG 03 - B3F_AVG4_ADC16384;52;1.277946;10287;27449;32.04;2318;-2.46317;-1.52187;0;0;0;;;;
BLOQUE_16CFG_386_20260610_132433_CFG002_CONFIG_03_-_B3F_AVG4_ADC16384;386;BLOQUE_16CFG_386_20260610_132433_CFG002_CONFIG_03_-_B3F_AVG4_ADC16384;configurations;RIGHT;CONFIG 03 - B3F_AVG4_ADC16384;53;1.307567;10280;27462;31.93;2314;-1.80042;-1.69980;0;0;0;;;;
BLOQUE_16CFG_386_20260610_132433_CFG002_CONFIG_03_-_B3F_AVG4_ADC16384;386;BLOQUE_16CFG_386_20260610_132433_CFG002_CONFIG_03_-_B3F_AVG4_ADC16384;configurations;RIGHT;CONFIG 03 - B3F_AVG4_ADC16384;54;1.327140;10287;27450;31.80;2309;-2.35645;-1.75473;0;0;0;;;;
BLOQUE_16CFG_386_20260610_132433_CFG002_CONFIG_03_-_B3F_AVG4_ADC16384;386;BLOQUE_16CFG_386_20260610_132433_CFG002_CONFIG_03_-_B3F_AVG4_ADC16384;configurations;RIGHT;CONFIG 03 - B3F_AVG4_ADC16384;55;1.357879;10281;27448;31.93;2314;-2.05549;-1.84883;0;0;0;;;;
BLOQUE_16CFG_386_20260610_132433_CFG002_CONFIG_03_-_B3F_AVG4_ADC16384;386;BLOQUE_16CFG_386_20260610_132433_CFG002_CONFIG_03_-_B3F_AVG4_ADC16384;configurations;RIGHT;CONFIG 03 - B3F_AVG4_ADC16384;56;1.378410;10284;27459;32.55;2337;-2.44930;-1.73328;0;0;0;;;;
BLOQUE_16CFG_386_20260610_132433_CFG002_CONFIG_03_-_B3F_AVG4_ADC16384;386;BLOQUE_16CFG_386_20260610_132433_CFG002_CONFIG_03_-_B3F_AVG4_ADC16384;configurations;RIGHT;CONFIG 03 - B3F_AVG4_ADC16384;57;1.408238;10283;27459;32.47;2334;-2.49519;-1.55404;0;0;0;;;;
BLOQUE_16CFG_386_20260610_132433_CFG002_CONFIG_03_-_B3F_AVG4_ADC16384;386;BLOQUE_16CFG_386_20260610_132433_CFG002_CONFIG_03_-_B3F_AVG4_ADC16384;configurations;RIGHT;CONFIG 03 - B3F_AVG4_ADC16384;58;1.428237;10281;27461;32.72;2343;-2.88259;-1.39866;0;0;0;;;;
BLOQUE_16CFG_386_20260610_132433_CFG002_CONFIG_03_-_B3F_AVG4_ADC16384;386;BLOQUE_16CFG_386_20260610_132433_CFG002_CONFIG_03_-_B3F_AVG4_ADC16384;configurations;RIGHT;CONFIG 03 - B3F_AVG4_ADC16384;59;1.458376;10280;27471;32.18;2323;-2.75239;-1.46169;0;0;0;;;;
BLOQUE_16CFG_386_20260610_132433_CFG002_CONFIG_03_-_B3F_AVG4_ADC16384;386;BLOQUE_16CFG_386_20260610_132433_CFG002_CONFIG_03_-_B3F_AVG4_ADC16384;configurations;RIGHT;CONFIG 03 - B3F_AVG4_ADC16384;60;1.478624;10285;27459;32.69;2342;-2.62432;-1.40238;0;0;0;;;;
BLOQUE_16CFG_386_20260610_132433_CFG002_CONFIG_03_-_B3F_AVG4_ADC16384;386;BLOQUE_16CFG_386_20260610_132433_CFG002_CONFIG_03_-_B3F_AVG4_ADC16384;configurations;RIGHT;CONFIG 03 - B3F_AVG4_ADC16384;61;1.508718;10283;27468;32.72;2343;-1.98825;-1.55886;0;0;0;;;;
BLOQUE_16CFG_386_20260610_132433_CFG002_CONFIG_03_-_B3F_AVG4_ADC16384;386;BLOQUE_16CFG_386_20260610_132433_CFG002_CONFIG_03_-_B3F_AVG4_ADC16384;configurations;RIGHT;CONFIG 03 - B3F_AVG4_ADC16384;62;1.529430;10288;27466;32.26;2326;-1.79188;-1.55645;0;0;0;;;;
BLOQUE_16CFG_386_20260610_132433_CFG002_CONFIG_03_-_B3F_AVG4_ADC16384;386;BLOQUE_16CFG_386_20260610_132433_CFG002_CONFIG_03_-_B3F_AVG4_ADC16384;configurations;RIGHT;CONFIG 03 - B3F_AVG4_ADC16384;63;1.559022;10288;27463;32.88;2349;-1.86019;-1.50349;0;0;0;;;;
BLOQUE_16CFG_386_20260610_132433_CFG002_CONFIG_03_-_B3F_AVG4_ADC16384;386;BLOQUE_16CFG_386_20260610_132433_CFG002_CONFIG_03_-_B3F_AVG4_ADC16384;configurations;RIGHT;CONFIG 03 - B3F_AVG4_ADC16384;64;1.579516;10283;27475;32.36;2330;-1.65741;-1.54069;0;0;0;;;;
BLOQUE_16CFG_386_20260610_132433_CFG002_CONFIG_03_-_B3F_AVG4_ADC16384;386;BLOQUE_16CFG_386_20260610_132433_CFG002_CONFIG_03_-_B3F_AVG4_ADC16384;configurations;RIGHT;CONFIG 03 - B3F_AVG4_ADC16384;65;1.609348;10291;27468;31.74;2307;-1.71931;-1.45293;0;0;0;;;;
BLOQUE_16CFG_386_20260610_132433_CFG002_CONFIG_03_-_B3F_AVG4_ADC16384;386;BLOQUE_16CFG_386_20260610_132433_CFG002_CONFIG_03_-_B3F_AVG4_ADC16384;configurations;RIGHT;CONFIG 03 - B3F_AVG4_ADC16384;66;1.629918;10288;27472;31.58;2301;-1.69263;-1.49255;0;0;0;;;;
BLOQUE_16CFG_386_20260610_132433_CFG002_CONFIG_03_-_B3F_AVG4_ADC16384;386;BLOQUE_16CFG_386_20260610_132433_CFG002_CONFIG_03_-_B3F_AVG4_ADC16384;configurations;RIGHT;CONFIG 03 - B3F_AVG4_ADC16384;67;1.659517;10284;27477;32.80;2346;-1.84738;-1.54835;0;0;0;;;;
BLOQUE_16CFG_386_20260610_132433_CFG002_CONFIG_03_-_B3F_AVG4_ADC16384;386;BLOQUE_16CFG_386_20260610_132433_CFG002_CONFIG_03_-_B3F_AVG4_ADC16384;configurations;RIGHT;CONFIG 03 - B3F_AVG4_ADC16384;68;1.679169;10290;27469;32.39;2331;-1.99466;-1.41639;0;0;0;;;;
BLOQUE_16CFG_386_20260610_132433_CFG002_CONFIG_03_-_B3F_AVG4_ADC16384;386;BLOQUE_16CFG_386_20260610_132433_CFG002_CONFIG_03_-_B3F_AVG4_ADC16384;configurations;RIGHT;CONFIG 03 - B3F_AVG4_ADC16384;69;1.709916;10287;27484;32.74;2344;-1.54108;-1.53347;0;0;0;;;;
BLOQUE_16CFG_386_20260610_132433_CFG002_CONFIG_03_-_B3F_AVG4_ADC16384;386;BLOQUE_16CFG_386_20260610_132433_CFG002_CONFIG_03_-_B3F_AVG4_ADC16384;configurations;RIGHT;CONFIG 03 - B3F_AVG4_ADC16384;70;1.730075;10290;27475;32.85;2348;-1.69903;-1.26013;0;0;0;;;;
BLOQUE_16CFG_386_20260610_132433_CFG002_CONFIG_03_-_B3F_AVG4_ADC16384;386;BLOQUE_16CFG_386_20260610_132433_CFG002_CONFIG_03_-_B3F_AVG4_ADC16384;configurations;RIGHT;CONFIG 03 - B3F_AVG4_ADC16384;71;1.760240;10289;27489;32.12;2321;-0.99679;-1.46453;0;0;0;;;;
BLOQUE_16CFG_386_20260610_132433_CFG002_CONFIG_03_-_B3F_AVG4_ADC16384;386;BLOQUE_16CFG_386_20260610_132433_CFG002_CONFIG_03_-_B3F_AVG4_ADC16384;configurations;RIGHT;CONFIG 03 - B3F_AVG4_ADC16384;72;1.780366;10296;27477;32.45;2333;-1.32870;-1.19097;0;0;0;;;;
BLOQUE_16CFG_386_20260610_132433_CFG002_CONFIG_03_-_B3F_AVG4_ADC16384;386;BLOQUE_16CFG_386_20260610_132433_CFG002_CONFIG_03_-_B3F_AVG4_ADC16384;configurations;RIGHT;CONFIG 03 - B3F_AVG4_ADC16384;73;1.810541;10287;27495;32.85;2348;-0.88900;-1.25313;0;0;0;;;;
BLOQUE_16CFG_386_20260610_132433_CFG002_CONFIG_03_-_B3F_AVG4_ADC16384;386;BLOQUE_16CFG_386_20260610_132433_CFG002_CONFIG_03_-_B3F_AVG4_ADC16384;configurations;RIGHT;CONFIG 03 - B3F_AVG4_ADC16384;74;1.830719;10295;27490;32.80;2346;-1.30629;-1.05069;0;0;0;;;;
BLOQUE_16CFG_386_20260610_132433_CFG002_CONFIG_03_-_B3F_AVG4_ADC16384;386;BLOQUE_16CFG_386_20260610_132433_CFG002_CONFIG_03_-_B3F_AVG4_ADC16384;configurations;RIGHT;CONFIG 03 - B3F_AVG4_ADC16384;75;1.860682;10292;27493;32.47;2334;-1.03415;-1.04478;0;0;0;;;;
BLOQUE_16CFG_386_20260610_132433_CFG002_CONFIG_03_-_B3F_AVG4_ADC16384;386;BLOQUE_16CFG_386_20260610_132433_CFG002_CONFIG_03_-_B3F_AVG4_ADC16384;configurations;RIGHT;CONFIG 03 - B3F_AVG4_ADC16384;76;1.881068;10291;27500;31.88;2312;-1.02454;-1.00451;0;0;0;;;;
BLOQUE_16CFG_386_20260610_132433_CFG002_CONFIG_03_-_B3F_AVG4_ADC16384;386;BLOQUE_16CFG_386_20260610_132433_CFG002_CONFIG_03_-_B3F_AVG4_ADC16384;configurations;RIGHT;CONFIG 03 - B3F_AVG4_ADC16384;77;1.911110;10296;27497;32.69;2342;-1.36179;-0.66399;0;0;0;;;;
BLOQUE_16CFG_386_20260610_132433_CFG002_CONFIG_03_-_B3F_AVG4_ADC16384;386;BLOQUE_16CFG_386_20260610_132433_CFG002_CONFIG_03_-_B3F_AVG4_ADC16384;configurations;RIGHT;CONFIG 03 - B3F_AVG4_ADC16384;78;1.931165;10289;27517;31.83;2310;-1.18463;-0.53837;0;0;0;;;;
BLOQUE_16CFG_386_20260610_132433_CFG002_CONFIG_03_-_B3F_AVG4_ADC16384;386;BLOQUE_16CFG_386_20260610_132433_CFG002_CONFIG_03_-_B3F_AVG4_ADC16384;configurations;RIGHT;CONFIG 03 - B3F_AVG4_ADC16384;79;1.961280;10294;27512;32.45;2333;-1.69690;-0.23811;0;0;0;;;;
BLOQUE_16CFG_386_20260610_132433_CFG002_CONFIG_03_-_B3F_AVG4_ADC16384;386;BLOQUE_16CFG_386_20260610_132433_CFG002_CONFIG_03_-_B3F_AVG4_ADC16384;configurations;RIGHT;CONFIG 03 - B3F_AVG4_ADC16384;80;1.981431;10291;27519;33.10;2357;-1.34898;-0.10242;0;0;0;;;;
BLOQUE_16CFG_386_20260610_132433_CFG002_CONFIG_03_-_B3F_AVG4_ADC16384;386;BLOQUE_16CFG_386_20260610_132433_CFG002_CONFIG_03_-_B3F_AVG4_ADC16384;configurations;RIGHT;CONFIG 03 - B3F_AVG4_ADC16384;81;2.011629;10294;27530;32.53;2336;-0.57417;-0.05821;0;0;0;;;;
BLOQUE_16CFG_386_20260610_132433_CFG002_CONFIG_03_-_B3F_AVG4_ADC16384;386;BLOQUE_16CFG_386_20260610_132433_CFG002_CONFIG_03_-_B3F_AVG4_ADC16384;configurations;RIGHT;CONFIG 03 - B3F_AVG4_ADC16384;82;2.031741;10304;27520;32.72;2343;-0.31910;0.15779;0;0;0;;;;
BLOQUE_16CFG_386_20260610_132433_CFG002_CONFIG_03_-_B3F_AVG4_ADC16384;386;BLOQUE_16CFG_386_20260610_132433_CFG002_CONFIG_03_-_B3F_AVG4_ADC16384;configurations;RIGHT;CONFIG 03 - B3F_AVG4_ADC16384;83;2.061911;10295;27537;32.80;2346;0.35539;0.03589;0;0;0;;;;
BLOQUE_16CFG_386_20260610_132433_CFG002_CONFIG_03_-_B3F_AVG4_ADC16384;386;BLOQUE_16CFG_386_20260610_132433_CFG002_CONFIG_03_-_B3F_AVG4_ADC16384;configurations;RIGHT;CONFIG 03 - B3F_AVG4_ADC16384;84;2.082071;10303;27529;32.18;2323;0.07684;0.26503;0;0;0;;;;
BLOQUE_16CFG_386_20260610_132433_CFG002_CONFIG_03_-_B3F_AVG4_ADC16384;386;BLOQUE_16CFG_386_20260610_132433_CFG002_CONFIG_03_-_B3F_AVG4_ADC16384;configurations;RIGHT;CONFIG 03 - B3F_AVG4_ADC16384;85;2.112236;10302;27539;32.34;2329;0.74279;0.27684;0;0;0;;;;
BLOQUE_16CFG_386_20260610_132433_CFG002_CONFIG_03_-_B3F_AVG4_ADC16384;386;BLOQUE_16CFG_386_20260610_132433_CFG002_CONFIG_03_-_B3F_AVG4_ADC16384;configurations;RIGHT;CONFIG 03 - B3F_AVG4_ADC16384;86;2.132372;10304;27544;32.26;2326;1.06190;0.33790;0;0;0;;;;
BLOQUE_16CFG_386_20260610_132433_CFG002_CONFIG_03_-_B3F_AVG4_ADC16384;386;BLOQUE_16CFG_386_20260610_132433_CFG002_CONFIG_03_-_B3F_AVG4_ADC16384;configurations;RIGHT;CONFIG 03 - B3F_AVG4_ADC16384;87;2.162501;10308;27539;31.83;2310;1.02774;0.43441;0;0;0;;;;
BLOQUE_16CFG_386_20260610_132433_CFG002_CONFIG_03_-_B3F_AVG4_ADC16384;386;BLOQUE_16CFG_386_20260610_132433_CFG002_CONFIG_03_-_B3F_AVG4_ADC16384;configurations;RIGHT;CONFIG 03 - B3F_AVG4_ADC16384;88;2.182771;10303;27551;32.34;2329;1.16755;0.36963;0;0;0;;;;
BLOQUE_16CFG_386_20260610_132433_CFG002_CONFIG_03_-_B3F_AVG4_ADC16384;386;BLOQUE_16CFG_386_20260610_132433_CFG002_CONFIG_03_-_B3F_AVG4_ADC16384;configurations;RIGHT;CONFIG 03 - B3F_AVG4_ADC16384;89;2.212769;10307;27547;32.93;2351;0.70010;0.55369;0;0;0;;;;
BLOQUE_16CFG_386_20260610_132433_CFG002_CONFIG_03_-_B3F_AVG4_ADC16384;386;BLOQUE_16CFG_386_20260610_132433_CFG002_CONFIG_03_-_B3F_AVG4_ADC16384;configurations;RIGHT;CONFIG 03 - B3F_AVG4_ADC16384;90;2.232857;10304;27556;32.28;2327;0.91782;0.66771;0;0;0;;;;
BLOQUE_16CFG_386_20260610_132433_CFG002_CONFIG_03_-_B3F_AVG4_ADC16384;386;BLOQUE_16CFG_386_20260610_132433_CFG002_CONFIG_03_-_B3F_AVG4_ADC16384;configurations;RIGHT;CONFIG 03 - B3F_AVG4_ADC16384;91;2.262884;10307;27564;32.74;2344;1.04269;0.67712;0;0;0;;;;
BLOQUE_16CFG_386_20260610_132433_CFG002_CONFIG_03_-_B3F_AVG4_ADC16384;386;BLOQUE_16CFG_386_20260610_132433_CFG002_CONFIG_03_-_B3F_AVG4_ADC16384;configurations;RIGHT;CONFIG 03 - B3F_AVG4_ADC16384;92;2.283075;10310;27554;32.96;2352;1.00320;0.77275;0;0;0;;;;
BLOQUE_16CFG_386_20260610_132433_CFG002_CONFIG_03_-_B3F_AVG4_ADC16384;386;BLOQUE_16CFG_386_20260610_132433_CFG002_CONFIG_03_-_B3F_AVG4_ADC16384;configurations;RIGHT;CONFIG 03 - B3F_AVG4_ADC16384;93;2.313244;10305;27568;32.80;2346;1.31163;0.60446;0;0;0;;;;
BLOQUE_16CFG_386_20260610_132433_CFG002_CONFIG_03_-_B3F_AVG4_ADC16384;386;BLOQUE_16CFG_386_20260610_132433_CFG002_CONFIG_03_-_B3F_AVG4_ADC16384;configurations;RIGHT;CONFIG 03 - B3F_AVG4_ADC16384;94;2.333284;10312;27561;32.34;2329;1.19530;0.64867;0;0;0;;;;
BLOQUE_16CFG_386_20260610_132433_CFG002_CONFIG_03_-_B3F_AVG4_ADC16384;386;BLOQUE_16CFG_386_20260610_132433_CFG002_CONFIG_03_-_B3F_AVG4_ADC16384;configurations;RIGHT;CONFIG 03 - B3F_AVG4_ADC16384;95;2.363574;10310;27563;32.01;2317;1.50160;0.71191;0;0;0;;;;
BLOQUE_16CFG_386_20260610_132433_CFG002_CONFIG_03_-_B3F_AVG4_ADC16384;386;BLOQUE_16CFG_386_20260610_132433_CFG002_CONFIG_03_-_B3F_AVG4_ADC16384;configurations;RIGHT;CONFIG 03 - B3F_AVG4_ADC16384;96;2.383746;10310;27578;32.58;2338;1.72892;0.73861;0;0;0;;;;
BLOQUE_16CFG_386_20260610_132433_CFG002_CONFIG_03_-_B3F_AVG4_ADC16384;386;BLOQUE_16CFG_386_20260610_132433_CFG002_CONFIG_03_-_B3F_AVG4_ADC16384;configurations;RIGHT;CONFIG 03 - B3F_AVG4_ADC16384;97;2.413842;10316;27569;32.93;2351;1.17822;1.01392;0;0;0;;;;
BLOQUE_16CFG_386_20260610_132433_CFG002_CONFIG_03_-_B3F_AVG4_ADC16384;386;BLOQUE_16CFG_386_20260610_132433_CFG002_CONFIG_03_-_B3F_AVG4_ADC16384;configurations;RIGHT;CONFIG 03 - B3F_AVG4_ADC16384;98;2.433895;10305;27585;32.50;2335;0.80469;1.15005;0;0;0;;;;
BLOQUE_16CFG_386_20260610_132433_CFG002_CONFIG_03_-_B3F_AVG4_ADC16384;386;BLOQUE_16CFG_386_20260610_132433_CFG002_CONFIG_03_-_B3F_AVG4_ADC16384;configurations;RIGHT;CONFIG 03 - B3F_AVG4_ADC16384;99;2.464034;10307;27592;32.83;2347;0.42476;1.25466;0;0;0;;;;
BLOQUE_16CFG_386_20260610_132433_CFG002_CONFIG_03_-_B3F_AVG4_ADC16384;386;BLOQUE_16CFG_386_20260610_132433_CFG002_CONFIG_03_-_B3F_AVG4_ADC16384;configurations;RIGHT;CONFIG 03 - B3F_AVG4_ADC16384;100;2.484169;10313;27581;32.28;2327;0.82284;1.12926;0;0;1;;;;
BLOQUE_16CFG_386_20260610_132433_CFG002_CONFIG_03_-_B3F_AVG4_ADC16384;386;BLOQUE_16CFG_386_20260610_132433_CFG002_CONFIG_03_-_B3F_AVG4_ADC16384;configurations;RIGHT;CONFIG 03 - B3F_AVG4_ADC16384;101;2.514319;10311;27584;32.61;2339;1.38954;1.09534;0;0;0;;;;
BLOQUE_16CFG_386_20260610_132433_CFG002_CONFIG_03_-_B3F_AVG4_ADC16384;386;BLOQUE_16CFG_386_20260610_132433_CFG002_CONFIG_03_-_B3F_AVG4_ADC16384;configurations;RIGHT;CONFIG 03 - B3F_AVG4_ADC16384;102;2.534549;10315;27596;32.72;2343;1.44930;1.12838;0;0;0;;;;
BLOQUE_16CFG_386_20260610_132433_CFG002_CONFIG_03_-_B3F_AVG4_ADC16384;386;BLOQUE_16CFG_386_20260610_132433_CFG002_CONFIG_03_-_B3F_AVG4_ADC16384;configurations;RIGHT;CONFIG 03 - B3F_AVG4_ADC16384;103;2.564577;10315;27589;32.42;2332;1.34258;1.12422;0;0;0;;;;
BLOQUE_16CFG_386_20260610_132433_CFG002_CONFIG_03_-_B3F_AVG4_ADC16384;386;BLOQUE_16CFG_386_20260610_132433_CFG002_CONFIG_03_-_B3F_AVG4_ADC16384;configurations;RIGHT;CONFIG 03 - B3F_AVG4_ADC16384;104;2.584263;10311;27590;32.39;2331;0.54856;1.10190;0;0;0;;;;
BLOQUE_16CFG_386_20260610_132433_CFG002_CONFIG_03_-_B3F_AVG4_ADC16384;386;BLOQUE_16CFG_386_20260610_132433_CFG002_CONFIG_03_-_B3F_AVG4_ADC16384;configurations;RIGHT;CONFIG 03 - B3F_AVG4_ADC16384;105;2.615054;10307;27601;32.64;2340;0.78975;1.02684;0;0;0;;;;
BLOQUE_16CFG_386_20260610_132433_CFG002_CONFIG_03_-_B3F_AVG4_ADC16384;386;BLOQUE_16CFG_386_20260610_132433_CFG002_CONFIG_03_-_B3F_AVG4_ADC16384;configurations;RIGHT;CONFIG 03 - B3F_AVG4_ADC16384;106;2.635379;10319;27591;32.04;2318;1.20277;0.90297;0;0;0;;;;
BLOQUE_16CFG_386_20260610_132433_CFG002_CONFIG_03_-_B3F_AVG4_ADC16384;386;BLOQUE_16CFG_386_20260610_132433_CFG002_CONFIG_03_-_B3F_AVG4_ADC16384;configurations;RIGHT;CONFIG 03 - B3F_AVG4_ADC16384;107;2.665321;10317;27589;32.61;2339;1.27001;0.83469;0;0;0;;;;
BLOQUE_16CFG_386_20260610_132433_CFG002_CONFIG_03_-_B3F_AVG4_ADC16384;386;BLOQUE_16CFG_386_20260610_132433_CFG002_CONFIG_03_-_B3F_AVG4_ADC16384;configurations;RIGHT;CONFIG 03 - B3F_AVG4_ADC16384;108;2.685662;10309;27603;32.99;2353;0.73746;0.99751;0;0;0;;;;
BLOQUE_16CFG_386_20260610_132433_CFG002_CONFIG_03_-_B3F_AVG4_ADC16384;386;BLOQUE_16CFG_386_20260610_132433_CFG002_CONFIG_03_-_B3F_AVG4_ADC16384;configurations;RIGHT;CONFIG 03 - B3F_AVG4_ADC16384;109;2.715501;10314;27606;32.34;2329;0.54856;1.00648;0;0;0;;;;
BLOQUE_16CFG_386_20260610_132433_CFG002_CONFIG_03_-_B3F_AVG4_ADC16384;386;BLOQUE_16CFG_386_20260610_132433_CFG002_CONFIG_03_-_B3F_AVG4_ADC16384;configurations;RIGHT;CONFIG 03 - B3F_AVG4_ADC16384;110;2.735686;10316;27595;32.45;2333;0.88900;0.80471;0;0;1;;;;
BLOQUE_16CFG_386_20260610_132433_CFG002_CONFIG_03_-_B3F_AVG4_ADC16384;386;BLOQUE_16CFG_386_20260610_132433_CFG002_CONFIG_03_-_B3F_AVG4_ADC16384;configurations;RIGHT;CONFIG 03 - B3F_AVG4_ADC16384;111;2.765887;10314;27597;32.69;2342;0.88900;0.71235;0;0;0;;;;
BLOQUE_16CFG_386_20260610_132433_CFG002_CONFIG_03_-_B3F_AVG4_ADC16384;386;BLOQUE_16CFG_386_20260610_132433_CFG002_CONFIG_03_-_B3F_AVG4_ADC16384;configurations;RIGHT;CONFIG 03 - B3F_AVG4_ADC16384;112;2.786149;10315;27606;31.96;2315;0.46958;0.72023;0;0;0;;;;
BLOQUE_16CFG_386_20260610_132433_CFG002_CONFIG_03_-_B3F_AVG4_ADC16384;386;BLOQUE_16CFG_386_20260610_132433_CFG002_CONFIG_03_-_B3F_AVG4_ADC16384;configurations;RIGHT;CONFIG 03 - B3F_AVG4_ADC16384;113;2.816089;10312;27601;32.50;2335;0.65101;0.53684;0;0;0;;;;
BLOQUE_16CFG_386_20260610_132433_CFG002_CONFIG_03_-_B3F_AVG4_ADC16384;386;BLOQUE_16CFG_386_20260610_132433_CFG002_CONFIG_03_-_B3F_AVG4_ADC16384;configurations;RIGHT;CONFIG 03 - B3F_AVG4_ADC16384;114;2.836265;10317;27592;33.04;2355;0.57631;0.33637;0;0;0;;;;
BLOQUE_16CFG_386_20260610_132433_CFG002_CONFIG_03_-_B3F_AVG4_ADC16384;386;BLOQUE_16CFG_386_20260610_132433_CFG002_CONFIG_03_-_B3F_AVG4_ADC16384;configurations;RIGHT;CONFIG 03 - B3F_AVG4_ADC16384;115;2.866390;10315;27600;33.29;2364;0.75347;0.28253;0;0;0;;;;
BLOQUE_16CFG_386_20260610_132433_CFG002_CONFIG_03_-_B3F_AVG4_ADC16384;386;BLOQUE_16CFG_386_20260610_132433_CFG002_CONFIG_03_-_B3F_AVG4_ADC16384;configurations;RIGHT;CONFIG 03 - B3F_AVG4_ADC16384;116;2.886410;10315;27603;32.20;2324;0.84311;0.31821;0;0;0;;;;
BLOQUE_16CFG_386_20260610_132433_CFG002_CONFIG_03_-_B3F_AVG4_ADC16384;386;BLOQUE_16CFG_386_20260610_132433_CFG002_CONFIG_03_-_B3F_AVG4_ADC16384;configurations;RIGHT;CONFIG 03 - B3F_AVG4_ADC16384;117;2.916616;10319;27599;32.61;2339;0.24653;0.39152;0;0;0;;;;
BLOQUE_16CFG_386_20260610_132433_CFG002_CONFIG_03_-_B3F_AVG4_ADC16384;386;BLOQUE_16CFG_386_20260610_132433_CFG002_CONFIG_03_-_B3F_AVG4_ADC16384;configurations;RIGHT;CONFIG 03 - B3F_AVG4_ADC16384;118;2.936330;10309;27609;32.20;2324;-0.00427;0.48584;0;0;0;;;;
BLOQUE_16CFG_386_20260610_132433_CFG002_CONFIG_03_-_B3F_AVG4_ADC16384;386;BLOQUE_16CFG_386_20260610_132433_CFG002_CONFIG_03_-_B3F_AVG4_ADC16384;configurations;RIGHT;CONFIG 03 - B3F_AVG4_ADC16384;119;2.966909;10313;27613;32.15;2322;-0.42689;0.49460;0;0;0;;;;
BLOQUE_16CFG_386_20260610_132433_CFG002_CONFIG_03_-_B3F_AVG4_ADC16384;386;BLOQUE_16CFG_386_20260610_132433_CFG002_CONFIG_03_-_B3F_AVG4_ADC16384;configurations;RIGHT;CONFIG 03 - B3F_AVG4_ADC16384;120;2.987422;10315;27604;32.53;2336;0.17396;0.63269;0;0;0;;;;
BLOQUE_16CFG_386_20260610_132433_CFG002_CONFIG_03_-_B3F_AVG4_ADC16384;386;BLOQUE_16CFG_386_20260610_132433_CFG002_CONFIG_03_-_B3F_AVG4_ADC16384;configurations;RIGHT;CONFIG 03 - B3F_AVG4_ADC16384;121;3.017326;10317;27621;32.83;2347;0.77801;0.47337;0;0;0;;;;
BLOQUE_16CFG_386_20260610_132433_CFG002_CONFIG_03_-_B3F_AVG4_ADC16384;386;BLOQUE_16CFG_386_20260610_132433_CFG002_CONFIG_03_-_B3F_AVG4_ADC16384;configurations;RIGHT;CONFIG 03 - B3F_AVG4_ADC16384;122;3.037318;10321;27608;32.66;2341;0.87513;0.63291;0;0;0;;;;
BLOQUE_16CFG_386_20260610_132433_CFG002_CONFIG_03_-_B3F_AVG4_ADC16384;386;BLOQUE_16CFG_386_20260610_132433_CFG002_CONFIG_03_-_B3F_AVG4_ADC16384;configurations;RIGHT;CONFIG 03 - B3F_AVG4_ADC16384;123;3.067440;10317;27617;32.26;2326;1.06403;0.70579;0;0;0;;;;
BLOQUE_16CFG_386_20260610_132433_CFG002_CONFIG_03_-_B3F_AVG4_ADC16384;386;BLOQUE_16CFG_386_20260610_132433_CFG002_CONFIG_03_-_B3F_AVG4_ADC16384;configurations;RIGHT;CONFIG 03 - B3F_AVG4_ADC16384;124;3.087608;10320;27629;32.69;2342;1.08858;0.81215;0;0;0;;;;
BLOQUE_16CFG_386_20260610_132433_CFG002_CONFIG_03_-_B3F_AVG4_ADC16384;386;BLOQUE_16CFG_386_20260610_132433_CFG002_CONFIG_03_-_B3F_AVG4_ADC16384;configurations;RIGHT;CONFIG 03 - B3F_AVG4_ADC16384;125;3.117785;10322;27618;32.12;2321;1.02774;1.00736;0;0;0;;;;
BLOQUE_16CFG_386_20260610_132433_CFG002_CONFIG_03_-_B3F_AVG4_ADC16384;386;BLOQUE_16CFG_386_20260610_132433_CFG002_CONFIG_03_-_B3F_AVG4_ADC16384;configurations;RIGHT;CONFIG 03 - B3F_AVG4_ADC16384;126;3.137655;10317;27632;32.55;2337;1.14514;1.05901;0;0;0;;;;
BLOQUE_16CFG_386_20260610_132433_CFG002_CONFIG_03_-_B3F_AVG4_ADC16384;386;BLOQUE_16CFG_386_20260610_132433_CFG002_CONFIG_03_-_B3F_AVG4_ADC16384;configurations;RIGHT;CONFIG 03 - B3F_AVG4_ADC16384;127;3.168149;10322;27636;32.34;2329;1.17609;1.05769;0;0;1;;;;
BLOQUE_16CFG_386_20260610_132433_CFG002_CONFIG_03_-_B3F_AVG4_ADC16384;386;BLOQUE_16CFG_386_20260610_132433_CFG002_CONFIG_03_-_B3F_AVG4_ADC16384;configurations;RIGHT;CONFIG 03 - B3F_AVG4_ADC16384;128;3.187667;10323;27622;32.77;2345;1.29135;1.03887;0;0;0;;;;
BLOQUE_16CFG_386_20260610_132433_CFG002_CONFIG_03_-_B3F_AVG4_ADC16384;386;BLOQUE_16CFG_386_20260610_132433_CFG002_CONFIG_03_-_B3F_AVG4_ADC16384;configurations;RIGHT;CONFIG 03 - B3F_AVG4_ADC16384;129;3.218332;10319;27635;32.39;2331;1.23372;0.85920;0;0;0;;;;
BLOQUE_16CFG_386_20260610_132433_CFG002_CONFIG_03_-_B3F_AVG4_ADC16384;386;BLOQUE_16CFG_386_20260610_132433_CFG002_CONFIG_03_-_B3F_AVG4_ADC16384;configurations;RIGHT;CONFIG 03 - B3F_AVG4_ADC16384;130;3.237978;10322;27630;32.91;2350;1.51654;0.83797;0;0;0;;;;
BLOQUE_16CFG_386_20260610_132433_CFG002_CONFIG_03_-_B3F_AVG4_ADC16384;386;BLOQUE_16CFG_386_20260610_132433_CFG002_CONFIG_03_-_B3F_AVG4_ADC16384;configurations;RIGHT;CONFIG 03 - B3F_AVG4_ADC16384;131;3.268700;10327;27625;32.50;2335;1.62326;0.69309;0;0;0;;;;
BLOQUE_16CFG_386_20260610_132433_CFG002_CONFIG_03_-_B3F_AVG4_ADC16384;386;BLOQUE_16CFG_386_20260610_132433_CFG002_CONFIG_03_-_B3F_AVG4_ADC16384;configurations;RIGHT;CONFIG 03 - B3F_AVG4_ADC16384;132;3.288963;10321;27631;32.36;2330;1.12486;0.84585;0;0;0;;;;
BLOQUE_16CFG_386_20260610_132433_CFG002_CONFIG_03_-_B3F_AVG4_ADC16384;386;BLOQUE_16CFG_386_20260610_132433_CFG002_CONFIG_03_-_B3F_AVG4_ADC16384;configurations;RIGHT;CONFIG 03 - B3F_AVG4_ADC16384;133;3.318851;10317;27643;32.31;2328;0.79402;0.69725;0;0;0;;;;
BLOQUE_16CFG_386_20260610_132433_CFG002_CONFIG_03_-_B3F_AVG4_ADC16384;386;BLOQUE_16CFG_386_20260610_132433_CFG002_CONFIG_03_-_B3F_AVG4_ADC16384;configurations;RIGHT;CONFIG 03 - B3F_AVG4_ADC16384;134;3.338417;10324;27621;32.77;2345;0.80789;0.48978;0;0;0;;;;
BLOQUE_16CFG_386_20260610_132433_CFG002_CONFIG_03_-_B3F_AVG4_ADC16384;386;BLOQUE_16CFG_386_20260610_132433_CFG002_CONFIG_03_-_B3F_AVG4_ADC16384;configurations;RIGHT;CONFIG 03 - B3F_AVG4_ADC16384;135;3.369209;10322;27624;32.50;2335;0.99146;0.27859;0;0;0;;;;
BLOQUE_16CFG_386_20260610_132433_CFG002_CONFIG_03_-_B3F_AVG4_ADC16384;386;BLOQUE_16CFG_386_20260610_132433_CFG002_CONFIG_03_-_B3F_AVG4_ADC16384;configurations;RIGHT;CONFIG 03 - B3F_AVG4_ADC16384;136;3.389489;10320;27636;31.93;2314;0.64674;0.22541;0;0;0;;;;
BLOQUE_16CFG_386_20260610_132433_CFG002_CONFIG_03_-_B3F_AVG4_ADC16384;386;BLOQUE_16CFG_386_20260610_132433_CFG002_CONFIG_03_-_B3F_AVG4_ADC16384;configurations;RIGHT;CONFIG 03 - B3F_AVG4_ADC16384;137;3.419523;10321;27623;32.53;2336;0.21345;0.25802;0;0;0;;;;
BLOQUE_16CFG_386_20260610_132433_CFG002_CONFIG_03_-_B3F_AVG4_ADC16384;386;BLOQUE_16CFG_386_20260610_132433_CFG002_CONFIG_03_-_B3F_AVG4_ADC16384;configurations;RIGHT;CONFIG 03 - B3F_AVG4_ADC16384;138;3.439558;10318;27631;33.29;2364;-0.23906;0.18471;0;0;0;;;;
BLOQUE_16CFG_386_20260610_132433_CFG002_CONFIG_03_-_B3F_AVG4_ADC16384;386;BLOQUE_16CFG_386_20260610_132433_CFG002_CONFIG_03_-_B3F_AVG4_ADC16384;configurations;RIGHT;CONFIG 03 - B3F_AVG4_ADC16384;139;3.469759;10316;27637;32.39;2331;-0.17716;-0.01466;0;0;0;;;;
BLOQUE_16CFG_386_20260610_132433_CFG002_CONFIG_03_-_B3F_AVG4_ADC16384;386;BLOQUE_16CFG_386_20260610_132433_CFG002_CONFIG_03_-_B3F_AVG4_ADC16384;configurations;RIGHT;CONFIG 03 - B3F_AVG4_ADC16384;140;3.490045;10323;27617;32.47;2334;-0.12273;-0.14247;0;0;0;;;;
BLOQUE_16CFG_386_20260610_132433_CFG002_CONFIG_03_-_B3F_AVG4_ADC16384;386;BLOQUE_16CFG_386_20260610_132433_CFG002_CONFIG_03_-_B3F_AVG4_ADC16384;configurations;RIGHT;CONFIG 03 - B3F_AVG4_ADC16384;141;3.520097;10320;27629;31.93;2314;0.28068;-0.34097;0;0;0;;;;
BLOQUE_16CFG_386_20260610_132433_CFG002_CONFIG_03_-_B3F_AVG4_ADC16384;386;BLOQUE_16CFG_386_20260610_132433_CFG002_CONFIG_03_-_B3F_AVG4_ADC16384;configurations;RIGHT;CONFIG 03 - B3F_AVG4_ADC16384;142;3.540761;10322;27631;32.28;2327;-0.08751;-0.20156;0;0;0;;;;
BLOQUE_16CFG_386_20260610_132433_CFG002_CONFIG_03_-_B3F_AVG4_ADC16384;386;BLOQUE_16CFG_386_20260610_132433_CFG002_CONFIG_03_-_B3F_AVG4_ADC16384;configurations;RIGHT;CONFIG 03 - B3F_AVG4_ADC16384;143;3.570321;10320;27630;32.61;2339;-0.45144;-0.08010;0;0;0;;;;
BLOQUE_16CFG_386_20260610_132433_CFG002_CONFIG_03_-_B3F_AVG4_ADC16384;386;BLOQUE_16CFG_386_20260610_132433_CFG002_CONFIG_03_-_B3F_AVG4_ADC16384;configurations;RIGHT;CONFIG 03 - B3F_AVG4_ADC16384;144;3.589853;10317;27641;32.53;2336;-0.89861;-0.01226;0;0;0;;;;
BLOQUE_16CFG_386_20260610_132433_CFG002_CONFIG_03_-_B3F_AVG4_ADC16384;386;BLOQUE_16CFG_386_20260610_132433_CFG002_CONFIG_03_-_B3F_AVG4_ADC16384;configurations;RIGHT;CONFIG 03 - B3F_AVG4_ADC16384;145;3.620471;10318;27640;32.53;2336;-0.57310;-0.10286;0;0;0;;;;
BLOQUE_16CFG_386_20260610_132433_CFG002_CONFIG_03_-_B3F_AVG4_ADC16384;386;BLOQUE_16CFG_386_20260610_132433_CFG002_CONFIG_03_-_B3F_AVG4_ADC16384;configurations;RIGHT;CONFIG 03 - B3F_AVG4_ADC16384;146;3.640694;10325;27630;31.93;2314;-0.58804;-0.38889;0;0;0;;;;
BLOQUE_16CFG_386_20260610_132433_CFG002_CONFIG_03_-_B3F_AVG4_ADC16384;386;BLOQUE_16CFG_386_20260610_132433_CFG002_CONFIG_03_-_B3F_AVG4_ADC16384;configurations;RIGHT;CONFIG 03 - B3F_AVG4_ADC16384;147;3.670853;10318;27630;32.45;2333;-0.60405;-0.63532;0;0;0;;;;
BLOQUE_16CFG_386_20260610_132433_CFG002_CONFIG_03_-_B3F_AVG4_ADC16384;386;BLOQUE_16CFG_386_20260610_132433_CFG002_CONFIG_03_-_B3F_AVG4_ADC16384;configurations;RIGHT;CONFIG 03 - B3F_AVG4_ADC16384;148;3.690384;10319;27631;32.34;2329;-1.22305;-0.75831;0;0;0;;;;
BLOQUE_16CFG_386_20260610_132433_CFG002_CONFIG_03_-_B3F_AVG4_ADC16384;386;BLOQUE_16CFG_386_20260610_132433_CFG002_CONFIG_03_-_B3F_AVG4_ADC16384;configurations;RIGHT;CONFIG 03 - B3F_AVG4_ADC16384;149;3.721205;10319;27628;32.36;2330;-1.24439;-1.08811;0;0;0;;;;
BLOQUE_16CFG_386_20260610_132433_CFG002_CONFIG_03_-_B3F_AVG4_ADC16384;386;BLOQUE_16CFG_386_20260610_132433_CFG002_CONFIG_03_-_B3F_AVG4_ADC16384;configurations;RIGHT;CONFIG 03 - B3F_AVG4_ADC16384;150;3.741635;10319;27616;32.47;2334;-1.69476;-1.36496;0;0;0;;;;
BLOQUE_16CFG_386_20260610_132433_CFG002_CONFIG_03_-_B3F_AVG4_ADC16384;386;BLOQUE_16CFG_386_20260610_132433_CFG002_CONFIG_03_-_B3F_AVG4_ADC16384;configurations;RIGHT;CONFIG 03 - B3F_AVG4_ADC16384;151;3.771326;10315;27620;33.40;2368;-2.31269;-1.34329;0;0;0;;;;
BLOQUE_16CFG_386_20260610_132433_CFG002_CONFIG_03_-_B3F_AVG4_ADC16384;386;BLOQUE_16CFG_386_20260610_132433_CFG002_CONFIG_03_-_B3F_AVG4_ADC16384;configurations;RIGHT;CONFIG 03 - B3F_AVG4_ADC16384;152;3.791562;10313;27634;32.91;2350;-2.67448;-1.05616;0;0;0;;;;
BLOQUE_16CFG_386_20260610_132433_CFG002_CONFIG_03_-_B3F_AVG4_ADC16384;386;BLOQUE_16CFG_386_20260610_132433_CFG002_CONFIG_03_-_B3F_AVG4_ADC16384;configurations;RIGHT;CONFIG 03 - B3F_AVG4_ADC16384;153;3.821634;10316;27637;32.58;2338;-2.68943;-1.09162;0;0;0;;;;
BLOQUE_16CFG_386_20260610_132433_CFG002_CONFIG_03_-_B3F_AVG4_ADC16384;386;BLOQUE_16CFG_386_20260610_132433_CFG002_CONFIG_03_-_B3F_AVG4_ADC16384;configurations;RIGHT;CONFIG 03 - B3F_AVG4_ADC16384;154;3.841383;10316;27623;32.04;2318;-2.53254;-1.21570;0;0;0;;;;
BLOQUE_16CFG_386_20260610_132433_CFG002_CONFIG_03_-_B3F_AVG4_ADC16384;386;BLOQUE_16CFG_386_20260610_132433_CFG002_CONFIG_03_-_B3F_AVG4_ADC16384;configurations;RIGHT;CONFIG 03 - B3F_AVG4_ADC16384;155;3.872014;10316;27632;32.39;2331;-2.37352;-1.41485;0;0;0;;;;
BLOQUE_16CFG_386_20260610_132433_CFG002_CONFIG_03_-_B3F_AVG4_ADC16384;386;BLOQUE_16CFG_386_20260610_132433_CFG002_CONFIG_03_-_B3F_AVG4_ADC16384;configurations;RIGHT;CONFIG 03 - B3F_AVG4_ADC16384;156;3.892507;10319;27631;32.58;2338;-2.03841;-1.48926;0;0;0;;;;
BLOQUE_16CFG_386_20260610_132433_CFG002_CONFIG_03_-_B3F_AVG4_ADC16384;386;BLOQUE_16CFG_386_20260610_132433_CFG002_CONFIG_03_-_B3F_AVG4_ADC16384;configurations;RIGHT;CONFIG 03 - B3F_AVG4_ADC16384;157;3.922349;10321;27624;32.47;2334;-2.47705;-1.63217;0;0;0;;;;
BLOQUE_16CFG_386_20260610_132433_CFG002_CONFIG_03_-_B3F_AVG4_ADC16384;386;BLOQUE_16CFG_386_20260610_132433_CFG002_CONFIG_03_-_B3F_AVG4_ADC16384;configurations;RIGHT;CONFIG 03 - B3F_AVG4_ADC16384;158;3.941931;10312;27629;32.09;2320;-2.83030;-1.56105;0;0;0;;;;
BLOQUE_16CFG_386_20260610_132433_CFG002_CONFIG_03_-_B3F_AVG4_ADC16384;386;BLOQUE_16CFG_386_20260610_132433_CFG002_CONFIG_03_-_B3F_AVG4_ADC16384;configurations;RIGHT;CONFIG 03 - B3F_AVG4_ADC16384;159;3.972587;10316;27640;32.42;2332;-2.75666;-1.68010;0;0;0;;;;
BLOQUE_16CFG_386_20260610_132433_CFG002_CONFIG_03_-_B3F_AVG4_ADC16384;386;BLOQUE_16CFG_386_20260610_132433_CFG002_CONFIG_03_-_B3F_AVG4_ADC16384;configurations;RIGHT;CONFIG 03 - B3F_AVG4_ADC16384;160;3.992081;10323;27622;32.64;2340;-2.16435;-1.79718;0;0;0;;;;
BLOQUE_16CFG_386_20260610_132433_CFG002_CONFIG_03_-_B3F_AVG4_ADC16384;386;BLOQUE_16CFG_386_20260610_132433_CFG002_CONFIG_03_-_B3F_AVG4_ADC16384;configurations;RIGHT;CONFIG 03 - B3F_AVG4_ADC16384;161;4.022853;10320;27627;32.42;2332;-2.08110;-1.96548;0;0;0;;;;
BLOQUE_16CFG_386_20260610_132433_CFG002_CONFIG_03_-_B3F_AVG4_ADC16384;386;BLOQUE_16CFG_386_20260610_132433_CFG002_CONFIG_03_-_B3F_AVG4_ADC16384;configurations;RIGHT;CONFIG 03 - B3F_AVG4_ADC16384;162;4.042587;10318;27635;32.36;2330;-2.24546;-1.88801;0;0;0;;;;
BLOQUE_16CFG_386_20260610_132433_CFG002_CONFIG_03_-_B3F_AVG4_ADC16384;386;BLOQUE_16CFG_386_20260610_132433_CFG002_CONFIG_03_-_B3F_AVG4_ADC16384;configurations;RIGHT;CONFIG 03 - B3F_AVG4_ADC16384;163;4.073100;10322;27631;32.72;2343;-2.40981;-1.80922;0;0;0;;;;
BLOQUE_16CFG_386_20260610_132433_CFG002_CONFIG_03_-_B3F_AVG4_ADC16384;386;BLOQUE_16CFG_386_20260610_132433_CFG002_CONFIG_03_-_B3F_AVG4_ADC16384;configurations;RIGHT;CONFIG 03 - B3F_AVG4_ADC16384;164;4.093702;10319;27636;32.47;2334;-2.39807;-1.74335;0;0;0;;;;
BLOQUE_16CFG_386_20260610_132433_CFG002_CONFIG_03_-_B3F_AVG4_ADC16384;386;BLOQUE_16CFG_386_20260610_132433_CFG002_CONFIG_03_-_B3F_AVG4_ADC16384;configurations;RIGHT;CONFIG 03 - B3F_AVG4_ADC16384;165;4.123282;10319;27643;32.55;2337;-2.73105;-1.49473;0;0;0;;;;
BLOQUE_16CFG_386_20260610_132433_CFG002_CONFIG_03_-_B3F_AVG4_ADC16384;386;BLOQUE_16CFG_386_20260610_132433_CFG002_CONFIG_03_-_B3F_AVG4_ADC16384;configurations;RIGHT;CONFIG 03 - B3F_AVG4_ADC16384;166;4.143043;10319;27649;32.53;2336;-2.45357;-1.29361;0;0;0;;;;
BLOQUE_16CFG_386_20260610_132433_CFG002_CONFIG_03_-_B3F_AVG4_ADC16384;386;BLOQUE_16CFG_386_20260610_132433_CFG002_CONFIG_03_-_B3F_AVG4_ADC16384;configurations;RIGHT;CONFIG 03 - B3F_AVG4_ADC16384;167;4.173641;10323;27651;33.18;2360;-2.08751;-1.19360;0;0;0;;;;
BLOQUE_16CFG_386_20260610_132433_CFG002_CONFIG_03_-_B3F_AVG4_ADC16384;386;BLOQUE_16CFG_386_20260610_132433_CFG002_CONFIG_03_-_B3F_AVG4_ADC16384;configurations;RIGHT;CONFIG 03 - B3F_AVG4_ADC16384;168;4.194157;10324;27652;32.53;2336;-1.88260;-1.05572;0;0;0;;;;
BLOQUE_16CFG_386_20260610_132433_CFG002_CONFIG_03_-_B3F_AVG4_ADC16384;386;BLOQUE_16CFG_386_20260610_132433_CFG002_CONFIG_03_-_B3F_AVG4_ADC16384;configurations;RIGHT;CONFIG 03 - B3F_AVG4_ADC16384;169;4.224016;10322;27660;32.53;2336;-1.67555;-0.95002;0;0;0;;;;
BLOQUE_16CFG_386_20260610_132433_CFG002_CONFIG_03_-_B3F_AVG4_ADC16384;386;BLOQUE_16CFG_386_20260610_132433_CFG002_CONFIG_03_-_B3F_AVG4_ADC16384;configurations;RIGHT;CONFIG 03 - B3F_AVG4_ADC16384;170;4.244419;10326;27660;33.07;2356;-1.63927;-0.61343;0;0;0;;;;
BLOQUE_16CFG_386_20260610_132433_CFG002_CONFIG_03_-_B3F_AVG4_ADC16384;386;BLOQUE_16CFG_386_20260610_132433_CFG002_CONFIG_03_-_B3F_AVG4_ADC16384;configurations;RIGHT;CONFIG 03 - B3F_AVG4_ADC16384;171;4.274185;10325;27674;32.99;2353;-1.08538;-0.47184;0;0;0;;;;
BLOQUE_16CFG_386_20260610_132433_CFG002_CONFIG_03_-_B3F_AVG4_ADC16384;386;BLOQUE_16CFG_386_20260610_132433_CFG002_CONFIG_03_-_B3F_AVG4_ADC16384;configurations;RIGHT;CONFIG 03 - B3F_AVG4_ADC16384;172;4.294273;10329;27671;32.85;2348;-0.86979;-0.10198;0;0;0;;;;
BLOQUE_16CFG_386_20260610_132433_CFG002_CONFIG_03_-_B3F_AVG4_ADC16384;386;BLOQUE_16CFG_386_20260610_132433_CFG002_CONFIG_03_-_B3F_AVG4_ADC16384;configurations;RIGHT;CONFIG 03 - B3F_AVG4_ADC16384;173;4.324445;10329;27684;32.28;2327;-0.39808;0.05690;0;0;0;;;;
BLOQUE_16CFG_386_20260610_132433_CFG002_CONFIG_03_-_B3F_AVG4_ADC16384;386;BLOQUE_16CFG_386_20260610_132433_CFG002_CONFIG_03_-_B3F_AVG4_ADC16384;configurations;RIGHT;CONFIG 03 - B3F_AVG4_ADC16384;174;4.345047;10331;27686;33.56;2374;0.07577;0.40837;0;0;0;;;;
BLOQUE_16CFG_386_20260610_132433_CFG002_CONFIG_03_-_B3F_AVG4_ADC16384;386;BLOQUE_16CFG_386_20260610_132433_CFG002_CONFIG_03_-_B3F_AVG4_ADC16384;configurations;RIGHT;CONFIG 03 - B3F_AVG4_ADC16384;175;4.374672;10335;27694;32.42;2332;0.28175;0.81258;0;0;0;;;;
BLOQUE_16CFG_386_20260610_132433_CFG002_CONFIG_03_-_B3F_AVG4_ADC16384;386;BLOQUE_16CFG_386_20260610_132433_CFG002_CONFIG_03_-_B3F_AVG4_ADC16384;configurations;RIGHT;CONFIG 03 - B3F_AVG4_ADC16384;176;4.395386;10332;27710;32.69;2342;1.44076;1.05441;0;0;0;;;;
BLOQUE_16CFG_386_20260610_132433_CFG002_CONFIG_03_-_B3F_AVG4_ADC16384;386;BLOQUE_16CFG_386_20260610_132433_CFG002_CONFIG_03_-_B3F_AVG4_ADC16384;configurations;RIGHT;CONFIG 03 - B3F_AVG4_ADC16384;177;4.425104;10345;27703;32.34;2329;1.89967;1.36890;0;0;0;;;;
BLOQUE_16CFG_386_20260610_132433_CFG002_CONFIG_03_-_B3F_AVG4_ADC16384;386;BLOQUE_16CFG_386_20260610_132433_CFG002_CONFIG_03_-_B3F_AVG4_ADC16384;configurations;RIGHT;CONFIG 03 - B3F_AVG4_ADC16384;178;4.444749;10341;27715;32.61;2339;2.96477;1.66675;0;0;0;;;;
BLOQUE_16CFG_386_20260610_132433_CFG002_CONFIG_03_-_B3F_AVG4_ADC16384;386;BLOQUE_16CFG_386_20260610_132433_CFG002_CONFIG_03_-_B3F_AVG4_ADC16384;configurations;RIGHT;CONFIG 03 - B3F_AVG4_ADC16384;179;4.475257;10345;27730;32.18;2323;2.98718;2.01866;0;0;0;;;;
BLOQUE_16CFG_386_20260610_132433_CFG002_CONFIG_03_-_B3F_AVG4_ADC16384;386;BLOQUE_16CFG_386_20260610_132433_CFG002_CONFIG_03_-_B3F_AVG4_ADC16384;configurations;RIGHT;CONFIG 03 - B3F_AVG4_ADC16384;180;4.495541;10346;27726;32.93;2351;3.27854;2.11977;0;0;0;;;;
BLOQUE_16CFG_386_20260610_132433_CFG002_CONFIG_03_-_B3F_AVG4_ADC16384;386;BLOQUE_16CFG_386_20260610_132433_CFG002_CONFIG_03_-_B3F_AVG4_ADC16384;configurations;RIGHT;CONFIG 03 - B3F_AVG4_ADC16384;181;4.525673;10345;27724;32.83;2347;3.48558;2.02588;0;0;0;;;;
BLOQUE_16CFG_386_20260610_132433_CFG002_CONFIG_03_-_B3F_AVG4_ADC16384;386;BLOQUE_16CFG_386_20260610_132433_CFG002_CONFIG_03_-_B3F_AVG4_ADC16384;configurations;RIGHT;CONFIG 03 - B3F_AVG4_ADC16384;182;4.545941;10348;27728;31.91;2313;3.50000;1.95016;0;0;0;;;;
BLOQUE_16CFG_386_20260610_132433_CFG002_CONFIG_03_-_B3F_AVG4_ADC16384;386;BLOQUE_16CFG_386_20260610_132433_CFG002_CONFIG_03_-_B3F_AVG4_ADC16384;configurations;RIGHT;CONFIG 03 - B3F_AVG4_ADC16384;183;4.575936;10348;27725;31.93;2314;3.38846;2.05652;0;0;0;;;;
BLOQUE_16CFG_386_20260610_132433_CFG002_CONFIG_03_-_B3F_AVG4_ADC16384;386;BLOQUE_16CFG_386_20260610_132433_CFG002_CONFIG_03_-_B3F_AVG4_ADC16384;configurations;RIGHT;CONFIG 03 - B3F_AVG4_ADC16384;184;4.596327;10343;27733;31.16;2285;3.08003;2.14515;0;0;0;;;;
BLOQUE_16CFG_386_20260610_132433_CFG002_CONFIG_03_-_B3F_AVG4_ADC16384;386;BLOQUE_16CFG_386_20260610_132433_CFG002_CONFIG_03_-_B3F_AVG4_ADC16384;configurations;RIGHT;CONFIG 03 - B3F_AVG4_ADC16384;185;4.626104;10345;27736;32.77;2345;2.76520;2.09372;0;0;1;;;;
BLOQUE_16CFG_386_20260610_132433_CFG002_CONFIG_03_-_B3F_AVG4_ADC16384;386;BLOQUE_16CFG_386_20260610_132433_CFG002_CONFIG_03_-_B3F_AVG4_ADC16384;configurations;RIGHT;CONFIG 03 - B3F_AVG4_ADC16384;186;4.646258;10345;27725;32.47;2334;2.62539;2.11670;0;0;0;;;;
BLOQUE_16CFG_386_20260610_132433_CFG002_CONFIG_03_-_B3F_AVG4_ADC16384;386;BLOQUE_16CFG_386_20260610_132433_CFG002_CONFIG_03_-_B3F_AVG4_ADC16384;configurations;RIGHT;CONFIG 03 - B3F_AVG4_ADC16384;187;4.676388;10342;27737;32.50;2335;3.17608;1.71621;0;0;0;;;;
BLOQUE_16CFG_386_20260610_132433_CFG002_CONFIG_03_-_B3F_AVG4_ADC16384;386;BLOQUE_16CFG_386_20260610_132433_CFG002_CONFIG_03_-_B3F_AVG4_ADC16384;configurations;RIGHT;CONFIG 03 - B3F_AVG4_ADC16384;188;4.696820;10352;27716;32.69;2342;3.13126;1.75735;0;0;0;;;;
BLOQUE_16CFG_386_20260610_132433_CFG002_CONFIG_03_-_B3F_AVG4_ADC16384;386;BLOQUE_16CFG_386_20260610_132433_CFG002_CONFIG_03_-_B3F_AVG4_ADC16384;configurations;RIGHT;CONFIG 03 - B3F_AVG4_ADC16384;189;4.726673;10345;27730;33.43;2369;3.25399;1.49780;0;0;0;;;;
BLOQUE_16CFG_386_20260610_132433_CFG002_CONFIG_03_-_B3F_AVG4_ADC16384;386;BLOQUE_16CFG_386_20260610_132433_CFG002_CONFIG_03_-_B3F_AVG4_ADC16384;configurations;RIGHT;CONFIG 03 - B3F_AVG4_ADC16384;190;4.747048;10344;27725;32.34;2329;2.86018;1.57440;0;0;0;;;;
BLOQUE_16CFG_386_20260610_132433_CFG002_CONFIG_03_-_B3F_AVG4_ADC16384;386;BLOQUE_16CFG_386_20260610_132433_CFG002_CONFIG_03_-_B3F_AVG4_ADC16384;configurations;RIGHT;CONFIG 03 - B3F_AVG4_ADC16384;191;4.777156;10348;27723;32.42;2332;2.80789;1.65187;0;0;0;;;;
BLOQUE_16CFG_386_20260610_132433_CFG002_CONFIG_03_-_B3F_AVG4_ADC16384;386;BLOQUE_16CFG_386_20260610_132433_CFG002_CONFIG_03_-_B3F_AVG4_ADC16384;configurations;RIGHT;CONFIG 03 - B3F_AVG4_ADC16384;192;4.797629;10345;27737;31.96;2315;3.10565;1.64246;0;0;0;;;;
BLOQUE_16CFG_386_20260610_132433_CFG002_CONFIG_03_-_B3F_AVG4_ADC16384;386;BLOQUE_16CFG_386_20260610_132433_CFG002_CONFIG_03_-_B3F_AVG4_ADC16384;configurations;RIGHT;CONFIG 03 - B3F_AVG4_ADC16384;193;4.827283;10348;27727;32.20;2324;2.62006;1.99218;0;0;0;;;;
BLOQUE_16CFG_386_20260610_132433_CFG002_CONFIG_03_-_B3F_AVG4_ADC16384;386;BLOQUE_16CFG_386_20260610_132433_CFG002_CONFIG_03_-_B3F_AVG4_ADC16384;configurations;RIGHT;CONFIG 03 - B3F_AVG4_ADC16384;194;4.847600;10343;27745;32.45;2333;2.91141;1.86568;0;0;0;;;;
BLOQUE_16CFG_386_20260610_132433_CFG002_CONFIG_03_-_B3F_AVG4_ADC16384;386;BLOQUE_16CFG_386_20260610_132433_CFG002_CONFIG_03_-_B3F_AVG4_ADC16384;configurations;RIGHT;CONFIG 03 - B3F_AVG4_ADC16384;195;4.877705;10349;27732;32.66;2341;2.69156;2.05980;0;0;0;;;;
BLOQUE_16CFG_386_20260610_132433_CFG002_CONFIG_03_-_B3F_AVG4_ADC16384;386;BLOQUE_16CFG_386_20260610_132433_CFG002_CONFIG_03_-_B3F_AVG4_ADC16384;configurations;RIGHT;CONFIG 03 - B3F_AVG4_ADC16384;196;4.898160;10346;27740;32.36;2330;2.65954;2.00575;0;0;1;;;;
BLOQUE_16CFG_386_20260610_132433_CFG002_CONFIG_03_-_B3F_AVG4_ADC16384;386;BLOQUE_16CFG_386_20260610_132433_CFG002_CONFIG_03_-_B3F_AVG4_ADC16384;configurations;RIGHT;CONFIG 03 - B3F_AVG4_ADC16384;197;4.927830;10343;27744;31.88;2312;2.46317;1.89982;0;0;0;;;;
BLOQUE_16CFG_386_20260610_132433_CFG002_CONFIG_03_-_B3F_AVG4_ADC16384;386;BLOQUE_16CFG_386_20260610_132433_CFG002_CONFIG_03_-_B3F_AVG4_ADC16384;configurations;RIGHT;CONFIG 03 - B3F_AVG4_ADC16384;198;4.948339;10347;27728;32.28;2327;1.99893;1.91908;0;0;0;;;;
BLOQUE_16CFG_386_20260610_132433_CFG002_CONFIG_03_-_B3F_AVG4_ADC16384;386;BLOQUE_16CFG_386_20260610_132433_CFG002_CONFIG_03_-_B3F_AVG4_ADC16384;configurations;RIGHT;CONFIG 03 - B3F_AVG4_ADC16384;199;4.978106;10341;27743;32.85;2348;2.22518;1.67747;0;0;0;;;;
BLOQUE_16CFG_386_20260610_132433_CFG002_CONFIG_03_-_B3F_AVG4_ADC16384;386;BLOQUE_16CFG_386_20260610_132433_CFG002_CONFIG_03_-_B3F_AVG4_ADC16384;configurations;RIGHT;CONFIG 03 - B3F_AVG4_ADC16384;200;4.998391;10346;27732;32.55;2337;1.85272;1.57965;0;0;0;;;;
BLOQUE_16CFG_386_20260610_132433_CFG002_CONFIG_03_-_B3F_AVG4_ADC16384;386;BLOQUE_16CFG_386_20260610_132433_CFG002_CONFIG_03_-_B3F_AVG4_ADC16384;configurations;RIGHT;CONFIG 03 - B3F_AVG4_ADC16384;201;5.028452;10343;27724;33.02;2354;1.75240;1.60744;0;0;0;;;;
BLOQUE_16CFG_386_20260610_132433_CFG002_CONFIG_03_-_B3F_AVG4_ADC16384;386;BLOQUE_16CFG_386_20260610_132433_CFG002_CONFIG_03_-_B3F_AVG4_ADC16384;configurations;RIGHT;CONFIG 03 - B3F_AVG4_ADC16384;202;5.048261;10340;27746;31.69;2305;1.48345;1.68820;0;0;0;;;;
BLOQUE_16CFG_386_20260610_132433_CFG002_CONFIG_03_-_B3F_AVG4_ADC16384;386;BLOQUE_16CFG_386_20260610_132433_CFG002_CONFIG_03_-_B3F_AVG4_ADC16384;configurations;RIGHT;CONFIG 03 - B3F_AVG4_ADC16384;203;5.078843;10343;27738;32.55;2337;1.64994;1.78887;0;0;0;;;;
BLOQUE_16CFG_386_20260610_132433_CFG002_CONFIG_03_-_B3F_AVG4_ADC16384;386;BLOQUE_16CFG_386_20260610_132433_CFG002_CONFIG_03_-_B3F_AVG4_ADC16384;configurations;RIGHT;CONFIG 03 - B3F_AVG4_ADC16384;204;5.098831;10345;27731;32.34;2329;1.65208;1.51925;0;0;0;;;;
BLOQUE_16CFG_386_20260610_132433_CFG002_CONFIG_03_-_B3F_AVG4_ADC16384;386;BLOQUE_16CFG_386_20260610_132433_CFG002_CONFIG_03_-_B3F_AVG4_ADC16384;configurations;RIGHT;CONFIG 03 - B3F_AVG4_ADC16384;205;5.129068;10340;27732;31.85;2311;1.64994;1.23671;0;0;0;;;;
BLOQUE_16CFG_386_20260610_132433_CFG002_CONFIG_03_-_B3F_AVG4_ADC16384;386;BLOQUE_16CFG_386_20260610_132433_CFG002_CONFIG_03_-_B3F_AVG4_ADC16384;configurations;RIGHT;CONFIG 03 - B3F_AVG4_ADC16384;206;5.149543;10343;27723;32.61;2339;1.20917;1.03231;0;0;0;;;;
BLOQUE_16CFG_386_20260610_132433_CFG002_CONFIG_03_-_B3F_AVG4_ADC16384;386;BLOQUE_16CFG_386_20260610_132433_CFG002_CONFIG_03_-_B3F_AVG4_ADC16384;configurations;RIGHT;CONFIG 03 - B3F_AVG4_ADC16384;207;5.179405;10340;27720;32.47;2334;1.20064;0.72877;0;0;0;;;;
BLOQUE_16CFG_386_20260610_132433_CFG002_CONFIG_03_-_B3F_AVG4_ADC16384;386;BLOQUE_16CFG_386_20260610_132433_CFG002_CONFIG_03_-_B3F_AVG4_ADC16384;configurations;RIGHT;CONFIG 03 - B3F_AVG4_ADC16384;208;5.199239;10340;27715;32.66;2341;0.34578;0.60643;0;0;0;;;;
BLOQUE_16CFG_386_20260610_132433_CFG002_CONFIG_03_-_B3F_AVG4_ADC16384;386;BLOQUE_16CFG_386_20260610_132433_CFG002_CONFIG_03_-_B3F_AVG4_ADC16384;configurations;RIGHT;CONFIG 03 - B3F_AVG4_ADC16384;209;5.229484;10333;27716;32.04;2318;0.36606;0.39940;0;0;0;;;;
BLOQUE_16CFG_386_20260610_132433_CFG002_CONFIG_03_-_B3F_AVG4_ADC16384;386;BLOQUE_16CFG_386_20260610_132433_CFG002_CONFIG_03_-_B3F_AVG4_ADC16384;configurations;RIGHT;CONFIG 03 - B3F_AVG4_ADC16384;210;5.250191;10340;27708;32.45;2333;0.22412;0.26809;0;0;0;;;;
BLOQUE_16CFG_386_20260610_132433_CFG002_CONFIG_03_-_B3F_AVG4_ADC16384;386;BLOQUE_16CFG_386_20260610_132433_CFG002_CONFIG_03_-_B3F_AVG4_ADC16384;configurations;RIGHT;CONFIG 03 - B3F_AVG4_ADC16384;211;5.279863;10338;27707;32.64;2340;0.68303;0.33856;0;0;0;;;;
BLOQUE_16CFG_386_20260610_132433_CFG002_CONFIG_03_-_B3F_AVG4_ADC16384;386;BLOQUE_16CFG_386_20260610_132433_CFG002_CONFIG_03_-_B3F_AVG4_ADC16384;configurations;RIGHT;CONFIG 03 - B3F_AVG4_ADC16384;212;5.300567;10338;27719;32.88;2349;0.28922;0.46834;0;0;0;;;;
BLOQUE_16CFG_386_20260610_132433_CFG002_CONFIG_03_-_B3F_AVG4_ADC16384;386;BLOQUE_16CFG_386_20260610_132433_CFG002_CONFIG_03_-_B3F_AVG4_ADC16384;configurations;RIGHT;CONFIG 03 - B3F_AVG4_ADC16384;213;5.330051;10335;27714;32.20;2324;0.15368;0.59133;0;0;0;;;;
BLOQUE_16CFG_386_20260610_132433_CFG002_CONFIG_03_-_B3F_AVG4_ADC16384;386;BLOQUE_16CFG_386_20260610_132433_CFG002_CONFIG_03_-_B3F_AVG4_ADC16384;configurations;RIGHT;CONFIG 03 - B3F_AVG4_ADC16384;214;5.349678;10336;27712;32.26;2326;-0.23479;0.75809;0;0;0;;;;
BLOQUE_16CFG_386_20260610_132433_CFG002_CONFIG_03_-_B3F_AVG4_ADC16384;386;BLOQUE_16CFG_386_20260610_132433_CFG002_CONFIG_03_-_B3F_AVG4_ADC16384;configurations;RIGHT;CONFIG 03 - B3F_AVG4_ADC16384;215;5.380514;10333;27726;32.93;2351;0.59765;0.71979;0;0;0;;;;
BLOQUE_16CFG_386_20260610_132433_CFG002_CONFIG_03_-_B3F_AVG4_ADC16384;386;BLOQUE_16CFG_386_20260610_132433_CFG002_CONFIG_03_-_B3F_AVG4_ADC16384;configurations;RIGHT;CONFIG 03 - B3F_AVG4_ADC16384;216;5.400070;10344;27709;33.10;2357;0.75133;0.87999;0;0;0;;;;
BLOQUE_16CFG_386_20260610_132433_CFG002_CONFIG_03_-_B3F_AVG4_ADC16384;386;BLOQUE_16CFG_386_20260610_132433_CFG002_CONFIG_03_-_B3F_AVG4_ADC16384;configurations;RIGHT;CONFIG 03 - B3F_AVG4_ADC16384;217;5.430726;10337;27718;32.99;2353;1.26787;0.83119;0;0;0;;;;
BLOQUE_16CFG_386_20260610_132433_CFG002_CONFIG_03_-_B3F_AVG4_ADC16384;386;BLOQUE_16CFG_386_20260610_132433_CFG002_CONFIG_03_-_B3F_AVG4_ADC16384;configurations;RIGHT;CONFIG 03 - B3F_AVG4_ADC16384;218;5.451018;10338;27720;32.55;2337;0.92529;0.92945;0;0;0;;;;
BLOQUE_16CFG_386_20260610_132433_CFG002_CONFIG_03_-_B3F_AVG4_ADC16384;386;BLOQUE_16CFG_386_20260610_132433_CFG002_CONFIG_03_-_B3F_AVG4_ADC16384;configurations;RIGHT;CONFIG 03 - B3F_AVG4_ADC16384;219;5.481100;10339;27711;32.85;2348;1.10672;0.94280;0;0;0;;;;
BLOQUE_16CFG_386_20260610_132433_CFG002_CONFIG_03_-_B3F_AVG4_ADC16384;386;BLOQUE_16CFG_386_20260610_132433_CFG002_CONFIG_03_-_B3F_AVG4_ADC16384;configurations;RIGHT;CONFIG 03 - B3F_AVG4_ADC16384;220;5.501509;10338;27715;33.15;2359;0.60299;1.11832;0;0;0;;;;
BLOQUE_16CFG_386_20260610_132433_CFG002_CONFIG_03_-_B3F_AVG4_ADC16384;386;BLOQUE_16CFG_386_20260610_132433_CFG002_CONFIG_03_-_B3F_AVG4_ADC16384;configurations;RIGHT;CONFIG 03 - B3F_AVG4_ADC16384;221;5.531160;10331;27726;32.55;2337;0.70544;1.15552;0;0;0;;;;
BLOQUE_16CFG_386_20260610_132433_CFG002_CONFIG_03_-_B3F_AVG4_ADC16384;386;BLOQUE_16CFG_386_20260610_132433_CFG002_CONFIG_03_-_B3F_AVG4_ADC16384;configurations;RIGHT;CONFIG 03 - B3F_AVG4_ADC16384;222;5.552018;10339;27709;32.42;2332;0.72892;1.08833;0;0;0;;;;
BLOQUE_16CFG_386_20260610_132433_CFG002_CONFIG_03_-_B3F_AVG4_ADC16384;386;BLOQUE_16CFG_386_20260610_132433_CFG002_CONFIG_03_-_B3F_AVG4_ADC16384;configurations;RIGHT;CONFIG 03 - B3F_AVG4_ADC16384;223;5.581562;10337;27707;32.80;2346;1.18676;1.00276;0;0;0;;;;
BLOQUE_16CFG_386_20260610_132433_CFG002_CONFIG_03_-_B3F_AVG4_ADC16384;386;BLOQUE_16CFG_386_20260610_132433_CFG002_CONFIG_03_-_B3F_AVG4_ADC16384;configurations;RIGHT;CONFIG 03 - B3F_AVG4_ADC16384;224;5.601881;10335;27717;32.28;2327;0.77695;1.28902;0;0;0;;;;
BLOQUE_16CFG_386_20260610_132433_CFG002_CONFIG_03_-_B3F_AVG4_ADC16384;386;BLOQUE_16CFG_386_20260610_132433_CFG002_CONFIG_03_-_B3F_AVG4_ADC16384;configurations;RIGHT;CONFIG 03 - B3F_AVG4_ADC16384;225;5.631902;10333;27721;32.53;2336;1.04482;1.38422;0;0;0;;;;
BLOQUE_16CFG_386_20260610_132433_CFG002_CONFIG_03_-_B3F_AVG4_ADC16384;386;BLOQUE_16CFG_386_20260610_132433_CFG002_CONFIG_03_-_B3F_AVG4_ADC16384;configurations;RIGHT;CONFIG 03 - B3F_AVG4_ADC16384;226;5.651991;10339;27708;32.77;2345;1.39274;1.18025;0;0;1;;;;
BLOQUE_16CFG_386_20260610_132433_CFG002_CONFIG_03_-_B3F_AVG4_ADC16384;386;BLOQUE_16CFG_386_20260610_132433_CFG002_CONFIG_03_-_B3F_AVG4_ADC16384;configurations;RIGHT;CONFIG 03 - B3F_AVG4_ADC16384;227;5.682256;10338;27701;31.80;2309;1.65528;0.90516;0;0;0;;;;
BLOQUE_16CFG_386_20260610_132433_CFG002_CONFIG_03_-_B3F_AVG4_ADC16384;386;BLOQUE_16CFG_386_20260610_132433_CFG002_CONFIG_03_-_B3F_AVG4_ADC16384;configurations;RIGHT;CONFIG 03 - B3F_AVG4_ADC16384;228;5.702616;10335;27701;32.18;2323;1.06296;0.94192;0;0;0;;;;
BLOQUE_16CFG_386_20260610_132433_CFG002_CONFIG_03_-_B3F_AVG4_ADC16384;386;BLOQUE_16CFG_386_20260610_132433_CFG002_CONFIG_03_-_B3F_AVG4_ADC16384;configurations;RIGHT;CONFIG 03 - B3F_AVG4_ADC16384;229;5.732469;10331;27706;31.99;2316;1.07257;0.92726;0;0;0;;;;
BLOQUE_16CFG_386_20260610_132433_CFG002_CONFIG_03_-_B3F_AVG4_ADC16384;386;BLOQUE_16CFG_386_20260610_132433_CFG002_CONFIG_03_-_B3F_AVG4_ADC16384;configurations;RIGHT;CONFIG 03 - B3F_AVG4_ADC16384;230;5.752971;10337;27696;31.99;2316;1.08324;0.80689;0;0;0;;;;
BLOQUE_16CFG_386_20260610_132433_CFG002_CONFIG_03_-_B3F_AVG4_ADC16384;386;BLOQUE_16CFG_386_20260610_132433_CFG002_CONFIG_03_-_B3F_AVG4_ADC16384;configurations;RIGHT;CONFIG 03 - B3F_AVG4_ADC16384;231;5.782780;10334;27690;32.80;2346;1.18036;0.61737;0;0;0;;;;
BLOQUE_16CFG_386_20260610_132433_CFG002_CONFIG_03_-_B3F_AVG4_ADC16384;386;BLOQUE_16CFG_386_20260610_132433_CFG002_CONFIG_03_-_B3F_AVG4_ADC16384;configurations;RIGHT;CONFIG 03 - B3F_AVG4_ADC16384;232;5.802741;10331;27691;31.93;2314;0.41836;0.65917;0;0;0;;;;
BLOQUE_16CFG_386_20260610_132433_CFG002_CONFIG_03_-_B3F_AVG4_ADC16384;386;BLOQUE_16CFG_386_20260610_132433_CFG002_CONFIG_03_-_B3F_AVG4_ADC16384;configurations;RIGHT;CONFIG 03 - B3F_AVG4_ADC16384;233;5.833072;10327;27694;32.83;2347;0.69477;0.73883;0;0;0;;;;
BLOQUE_16CFG_386_20260610_132433_CFG002_CONFIG_03_-_B3F_AVG4_ADC16384;386;BLOQUE_16CFG_386_20260610_132433_CFG002_CONFIG_03_-_B3F_AVG4_ADC16384;configurations;RIGHT;CONFIG 03 - B3F_AVG4_ADC16384;234;5.853159;10336;27690;32.50;2335;0.96264;0.68543;0;0;0;;;;
BLOQUE_16CFG_386_20260610_132433_CFG002_CONFIG_03_-_B3F_AVG4_ADC16384;386;BLOQUE_16CFG_386_20260610_132433_CFG002_CONFIG_03_-_B3F_AVG4_ADC16384;configurations;RIGHT;CONFIG 03 - B3F_AVG4_ADC16384;235;5.883161;10333;27683;32.42;2332;0.71931;0.61737;0;0;0;;;;
BLOQUE_16CFG_386_20260610_132433_CFG002_CONFIG_03_-_B3F_AVG4_ADC16384;386;BLOQUE_16CFG_386_20260610_132433_CFG002_CONFIG_03_-_B3F_AVG4_ADC16384;configurations;RIGHT;CONFIG 03 - B3F_AVG4_ADC16384;236;5.903071;10323;27685;32.28;2327;-0.12273;0.60665;0;0;0;;;;
BLOQUE_16CFG_386_20260610_132433_CFG002_CONFIG_03_-_B3F_AVG4_ADC16384;386;BLOQUE_16CFG_386_20260610_132433_CFG002_CONFIG_03_-_B3F_AVG4_ADC16384;configurations;RIGHT;CONFIG 03 - B3F_AVG4_ADC16384;237;5.933677;10325;27684;31.99;2316;-0.27001;0.61409;0;0;0;;;;
BLOQUE_16CFG_386_20260610_132433_CFG002_CONFIG_03_-_B3F_AVG4_ADC16384;386;BLOQUE_16CFG_386_20260610_132433_CFG002_CONFIG_03_-_B3F_AVG4_ADC16384;configurations;RIGHT;CONFIG 03 - B3F_AVG4_ADC16384;238;5.953160;10330;27678;33.04;2355;0.18143;0.56704;0;0;1;;;;
BLOQUE_16CFG_386_20260610_132433_CFG002_CONFIG_03_-_B3F_AVG4_ADC16384;386;BLOQUE_16CFG_386_20260610_132433_CFG002_CONFIG_03_-_B3F_AVG4_ADC16384;configurations;RIGHT;CONFIG 03 - B3F_AVG4_ADC16384;239;5.983828;10327;27677;31.93;2314;0.10566;0.41516;0;0;0;;;;
BLOQUE_16CFG_386_20260610_132433_CFG002_CONFIG_03_-_B3F_AVG4_ADC16384;386;BLOQUE_16CFG_386_20260610_132433_CFG002_CONFIG_03_-_B3F_AVG4_ADC16384;configurations;RIGHT;CONFIG 03 - B3F_AVG4_ADC16384;240;6.004020;10323;27670;32.72;2343;-0.13874;0.31142;0;0;0;;;;
BLOQUE_16CFG_386_20260610_132433_CFG002_CONFIG_03_-_B3F_AVG4_ADC16384;386;BLOQUE_16CFG_386_20260610_132433_CFG002_CONFIG_03_-_B3F_AVG4_ADC16384;configurations;RIGHT;CONFIG 03 - B3F_AVG4_ADC16384;241;6.034070;10326;27667;32.26;2326;-0.39488;0.24292;0;0;0;;;;
BLOQUE_16CFG_386_20260610_132433_CFG002_CONFIG_03_-_B3F_AVG4_ADC16384;386;BLOQUE_16CFG_386_20260610_132433_CFG002_CONFIG_03_-_B3F_AVG4_ADC16384;configurations;RIGHT;CONFIG 03 - B3F_AVG4_ADC16384;242;6.054733;10323;27668;32.45;2333;-0.48452;0.26284;0;0;0;;;;
BLOQUE_16CFG_386_20260610_132433_CFG002_CONFIG_03_-_B3F_AVG4_ADC16384;386;BLOQUE_16CFG_386_20260610_132433_CFG002_CONFIG_03_-_B3F_AVG4_ADC16384;configurations;RIGHT;CONFIG 03 - B3F_AVG4_ADC16384;243;6.084333;10321;27666;32.23;2325;-0.75240;0.33681;0;0;0;;;;
BLOQUE_16CFG_386_20260610_132433_CFG002_CONFIG_03_-_B3F_AVG4_ADC16384;386;BLOQUE_16CFG_386_20260610_132433_CFG002_CONFIG_03_-_B3F_AVG4_ADC16384;configurations;RIGHT;CONFIG 03 - B3F_AVG4_ADC16384;244;6.104230;10322;27666;31.88;2312;-1.44397;0.42610;0;0;0;;;;
BLOQUE_16CFG_386_20260610_132433_CFG002_CONFIG_03_-_B3F_AVG4_ADC16384;386;BLOQUE_16CFG_386_20260610_132433_CFG002_CONFIG_03_-_B3F_AVG4_ADC16384;configurations;RIGHT;CONFIG 03 - B3F_AVG4_ADC16384;245;6.134619;10314;27668;32.53;2336;-0.92956;0.26415;0;0;0;;;;
BLOQUE_16CFG_386_20260610_132433_CFG002_CONFIG_03_-_B3F_AVG4_ADC16384;386;BLOQUE_16CFG_386_20260610_132433_CFG002_CONFIG_03_-_B3F_AVG4_ADC16384;configurations;RIGHT;CONFIG 03 - B3F_AVG4_ADC16384;246;6.154226;10326;27652;31.85;2311;-0.59231;0.08513;0;0;0;;;;
BLOQUE_16CFG_386_20260610_132433_CFG002_CONFIG_03_-_B3F_AVG4_ADC16384;386;BLOQUE_16CFG_386_20260610_132433_CFG002_CONFIG_03_-_B3F_AVG4_ADC16384;configurations;RIGHT;CONFIG 03 - B3F_AVG4_ADC16384;247;6.185050;10325;27651;32.93;2351;-0.17396;-0.14575;0;0;0;;;;
BLOQUE_16CFG_386_20260610_132433_CFG002_CONFIG_03_-_B3F_AVG4_ADC16384;386;BLOQUE_16CFG_386_20260610_132433_CFG002_CONFIG_03_-_B3F_AVG4_ADC16384;configurations;RIGHT;CONFIG 03 - B3F_AVG4_ADC16384;248;6.205046;10318;27650;32.77;2345;-1.13127;-0.22235;0;0;0;;;;
BLOQUE_16CFG_386_20260610_132433_CFG002_CONFIG_03_-_B3F_AVG4_ADC16384;386;BLOQUE_16CFG_386_20260610_132433_CFG002_CONFIG_03_-_B3F_AVG4_ADC16384;configurations;RIGHT;CONFIG 03 - B3F_AVG4_ADC16384;249;6.235333;10314;27643;32.36;2330;-1.66595;-0.26481;0;0;0;;;;
BLOQUE_16CFG_386_20260610_132433_CFG002_CONFIG_03_-_B3F_AVG4_ADC16384;386;BLOQUE_16CFG_386_20260610_132433_CFG002_CONFIG_03_-_B3F_AVG4_ADC16384;configurations;RIGHT;CONFIG 03 - B3F_AVG4_ADC16384;250;6.255709;10318;27644;31.93;2314;-2.20383;-0.41472;0;0;0;;;;
BLOQUE_16CFG_386_20260610_132433_CFG002_CONFIG_03_-_B3F_AVG4_ADC16384;386;BLOQUE_16CFG_386_20260610_132433_CFG002_CONFIG_03_-_B3F_AVG4_ADC16384;configurations;RIGHT;CONFIG 03 - B3F_AVG4_ADC16384;251;6.285586;10311;27637;32.80;2346;-1.71077;-0.49197;0;0;0;;;;
BLOQUE_16CFG_386_20260610_132433_CFG002_CONFIG_03_-_B3F_AVG4_ADC16384;386;BLOQUE_16CFG_386_20260610_132433_CFG002_CONFIG_03_-_B3F_AVG4_ADC16384;configurations;RIGHT;CONFIG 03 - B3F_AVG4_ADC16384;252;6.305154;10319;27634;32.93;2351;-1.98612;-0.70907;0;0;0;;;;
BLOQUE_16CFG_386_20260610_132433_CFG002_CONFIG_03_-_B3F_AVG4_ADC16384;386;BLOQUE_16CFG_386_20260610_132433_CFG002_CONFIG_03_-_B3F_AVG4_ADC16384;configurations;RIGHT;CONFIG 03 - B3F_AVG4_ADC16384;253;6.335823;10314;27627;32.80;2346;-1.57203;-1.08374;0;0;0;;;;
BLOQUE_16CFG_386_20260610_132433_CFG002_CONFIG_03_-_B3F_AVG4_ADC16384;386;BLOQUE_16CFG_386_20260610_132433_CFG002_CONFIG_03_-_B3F_AVG4_ADC16384;configurations;RIGHT;CONFIG 03 - B3F_AVG4_ADC16384;254;6.356157;10315;27611;32.66;2341;-1.50586;-1.45753;0;0;0;;;;
BLOQUE_16CFG_386_20260610_132433_CFG002_CONFIG_03_-_B3F_AVG4_ADC16384;386;BLOQUE_16CFG_386_20260610_132433_CFG002_CONFIG_03_-_B3F_AVG4_ADC16384;configurations;RIGHT;CONFIG 03 - B3F_AVG4_ADC16384;255;6.386207;10319;27608;32.26;2326;-1.79935;-1.57812;0;0;0;;;;
BLOQUE_16CFG_386_20260610_132433_CFG002_CONFIG_03_-_B3F_AVG4_ADC16384;386;BLOQUE_16CFG_386_20260610_132433_CFG002_CONFIG_03_-_B3F_AVG4_ADC16384;configurations;RIGHT;CONFIG 03 - B3F_AVG4_ADC16384;256;6.406271;10310;27615;32.18;2323;-2.51653;-1.30696;0;0;0;;;;
BLOQUE_16CFG_386_20260610_132433_CFG002_CONFIG_03_-_B3F_AVG4_ADC16384;386;BLOQUE_16CFG_386_20260610_132433_CFG002_CONFIG_03_-_B3F_AVG4_ADC16384;configurations;RIGHT;CONFIG 03 - B3F_AVG4_ADC16384;257;6.436320;10306;27621;32.09;2320;-2.62539;-1.21023;0;0;0;;;;
BLOQUE_16CFG_386_20260610_132433_CFG002_CONFIG_03_-_B3F_AVG4_ADC16384;386;BLOQUE_16CFG_386_20260610_132433_CFG002_CONFIG_03_-_B3F_AVG4_ADC16384;configurations;RIGHT;CONFIG 03 - B3F_AVG4_ADC16384;258;6.456040;10317;27608;32.34;2329;-2.46317;-1.17040;0;0;0;;;;
BLOQUE_16CFG_386_20260610_132433_CFG002_CONFIG_03_-_B3F_AVG4_ADC16384;386;BLOQUE_16CFG_386_20260610_132433_CFG002_CONFIG_03_-_B3F_AVG4_ADC16384;configurations;RIGHT;CONFIG 03 - B3F_AVG4_ADC16384;259;6.486619;10311;27612;32.18;2323;-1.70330;-1.02158;0;0;0;;;;
BLOQUE_16CFG_386_20260610_132433_CFG002_CONFIG_03_-_B3F_AVG4_ADC16384;386;BLOQUE_16CFG_386_20260610_132433_CFG002_CONFIG_03_-_B3F_AVG4_ADC16384;configurations;RIGHT;CONFIG 03 - B3F_AVG4_ADC16384;260;6.506763;10314;27624;32.72;2343;-2.06830;-0.72942;0;0;0;;;;
BLOQUE_16CFG_386_20260610_132433_CFG002_CONFIG_03_-_B3F_AVG4_ADC16384;386;BLOQUE_16CFG_386_20260610_132433_CFG002_CONFIG_03_-_B3F_AVG4_ADC16384;configurations;RIGHT;CONFIG 03 - B3F_AVG4_ADC16384;261;6.536851;10312;27619;32.91;2350;-1.75133;-0.75371;0;0;0;;;;
BLOQUE_16CFG_386_20260610_132433_CFG002_CONFIG_03_-_B3F_AVG4_ADC16384;386;BLOQUE_16CFG_386_20260610_132433_CFG002_CONFIG_03_-_B3F_AVG4_ADC16384;configurations;RIGHT;CONFIG 03 - B3F_AVG4_ADC16384;262;6.557361;10314;27605;32.66;2341;-2.04268;-0.85001;0;0;0;;;;
BLOQUE_16CFG_386_20260610_132433_CFG002_CONFIG_03_-_B3F_AVG4_ADC16384;386;BLOQUE_16CFG_386_20260610_132433_CFG002_CONFIG_03_-_B3F_AVG4_ADC16384;configurations;RIGHT;CONFIG 03 - B3F_AVG4_ADC16384;263;6.587207;10310;27613;32.23;2325;-1.98612;-0.71935;0;0;0;;;;
BLOQUE_16CFG_386_20260610_132433_CFG002_CONFIG_03_-_B3F_AVG4_ADC16384;386;BLOQUE_16CFG_386_20260610_132433_CFG002_CONFIG_03_-_B3F_AVG4_ADC16384;configurations;RIGHT;CONFIG 03 - B3F_AVG4_ADC16384;264;6.607193;10312;27621;32.01;2317;-1.84098;-0.43244;0;0;0;;;;
BLOQUE_16CFG_386_20260610_132433_CFG002_CONFIG_03_-_B3F_AVG4_ADC16384;386;BLOQUE_16CFG_386_20260610_132433_CFG002_CONFIG_03_-_B3F_AVG4_ADC16384;configurations;RIGHT;CONFIG 03 - B3F_AVG4_ADC16384;265;6.637470;10315;27616;32.28;2327;-0.92636;-0.51561;0;0;0;;;;
BLOQUE_16CFG_386_20260610_132433_CFG002_CONFIG_03_-_B3F_AVG4_ADC16384;386;BLOQUE_16CFG_386_20260610_132433_CFG002_CONFIG_03_-_B3F_AVG4_ADC16384;configurations;RIGHT;CONFIG 03 - B3F_AVG4_ADC16384;266;6.657908;10320;27603;32.74;2344;-0.61686;-0.59921;0;0;0;;;;
BLOQUE_16CFG_386_20260610_132433_CFG002_CONFIG_03_-_B3F_AVG4_ADC16384;386;BLOQUE_16CFG_386_20260610_132433_CFG002_CONFIG_03_-_B3F_AVG4_ADC16384;configurations;RIGHT;CONFIG 03 - B3F_AVG4_ADC16384;267;6.687722;10315;27611;31.96;2315;-0.73746;-0.41931;0;0;0;;;;
BLOQUE_16CFG_386_20260610_132433_CFG002_CONFIG_03_-_B3F_AVG4_ADC16384;386;BLOQUE_16CFG_386_20260610_132433_CFG002_CONFIG_03_-_B3F_AVG4_ADC16384;configurations;RIGHT;CONFIG 03 - B3F_AVG4_ADC16384;268;6.708067;10313;27621;32.99;2353;-0.85272;-0.10220;0;0;0;;;;
BLOQUE_16CFG_386_20260610_132433_CFG002_CONFIG_03_-_B3F_AVG4_ADC16384;386;BLOQUE_16CFG_386_20260610_132433_CFG002_CONFIG_03_-_B3F_AVG4_ADC16384;configurations;RIGHT;CONFIG 03 - B3F_AVG4_ADC16384;269;6.738150;10318;27616;33.07;2356;-0.54749;-0.06872;0;0;0;;;;
BLOQUE_16CFG_386_20260610_132433_CFG002_CONFIG_03_-_B3F_AVG4_ADC16384;386;BLOQUE_16CFG_386_20260610_132433_CFG002_CONFIG_03_-_B3F_AVG4_ADC16384;configurations;RIGHT;CONFIG 03 - B3F_AVG4_ADC16384;270;6.758161;10318;27608;31.83;2310;-0.41409;-0.25080;0;0;0;;;;
BLOQUE_16CFG_386_20260610_132433_CFG002_CONFIG_03_-_B3F_AVG4_ADC16384;386;BLOQUE_16CFG_386_20260610_132433_CFG002_CONFIG_03_-_B3F_AVG4_ADC16384;configurations;RIGHT;CONFIG 03 - B3F_AVG4_ADC16384;271;6.788357;10314;27606;32.58;2338;-0.71291;-0.18733;0;0;0;;;;
BLOQUE_16CFG_386_20260610_132433_CFG002_CONFIG_03_-_B3F_AVG4_ADC16384;386;BLOQUE_16CFG_386_20260610_132433_CFG002_CONFIG_03_-_B3F_AVG4_ADC16384;configurations;RIGHT;CONFIG 03 - B3F_AVG4_ADC16384;272;6.808526;10314;27615;32.58;2338;-1.09925;-0.05493;0;0;0;;;;
BLOQUE_16CFG_386_20260610_132433_CFG002_CONFIG_03_-_B3F_AVG4_ADC16384;386;BLOQUE_16CFG_386_20260610_132433_CFG002_CONFIG_03_-_B3F_AVG4_ADC16384;configurations;RIGHT;CONFIG 03 - B3F_AVG4_ADC16384;273;6.838725;10313;27611;32.36;2330;-0.80149;-0.13612;0;0;0;;;;
BLOQUE_16CFG_386_20260610_132433_CFG002_CONFIG_03_-_B3F_AVG4_ADC16384;386;BLOQUE_16CFG_386_20260610_132433_CFG002_CONFIG_03_-_B3F_AVG4_ADC16384;configurations;RIGHT;CONFIG 03 - B3F_AVG4_ADC16384;274;6.858510;10317;27597;32.74;2344;-0.50053;-0.38014;0;0;0;;;;
BLOQUE_16CFG_386_20260610_132433_CFG002_CONFIG_03_-_B3F_AVG4_ADC16384;386;BLOQUE_16CFG_386_20260610_132433_CFG002_CONFIG_03_-_B3F_AVG4_ADC16384;configurations;RIGHT;CONFIG 03 - B3F_AVG4_ADC16384;275;6.888900;10317;27597;32.99;2353;-0.71825;-0.64276;0;0;0;;;;
BLOQUE_16CFG_386_20260610_132433_CFG002_CONFIG_03_-_B3F_AVG4_ADC16384;386;BLOQUE_16CFG_386_20260610_132433_CFG002_CONFIG_03_-_B3F_AVG4_ADC16384;configurations;RIGHT;CONFIG 03 - B3F_AVG4_ADC16384;276;6.909047;10310;27592;32.88;2349;-1.37993;-0.67340;0;0;0;;;;
BLOQUE_16CFG_386_20260610_132433_CFG002_CONFIG_03_-_B3F_AVG4_ADC16384;386;BLOQUE_16CFG_386_20260610_132433_CFG002_CONFIG_03_-_B3F_AVG4_ADC16384;configurations;RIGHT;CONFIG 03 - B3F_AVG4_ADC16384;277;6.939281;10309;27591;32.09;2320;-1.62326;-0.65129;0;0;0;;;;
BLOQUE_16CFG_386_20260610_132433_CFG002_CONFIG_03_-_B3F_AVG4_ADC16384;386;BLOQUE_16CFG_386_20260610_132433_CFG002_CONFIG_03_-_B3F_AVG4_ADC16384;configurations;RIGHT;CONFIG 03 - B3F_AVG4_ADC16384;278;6.959763;10314;27594;32.61;2339;-1.26040;-0.54362;0;0;0;;;;
BLOQUE_16CFG_386_20260610_132433_CFG002_CONFIG_03_-_B3F_AVG4_ADC16384;386;BLOQUE_16CFG_386_20260610_132433_CFG002_CONFIG_03_-_B3F_AVG4_ADC16384;configurations;RIGHT;CONFIG 03 - B3F_AVG4_ADC16384;279;6.989395;10314;27594;31.72;2306;-0.97758;-0.54231;0;0;0;;;;
BLOQUE_16CFG_386_20260610_132433_CFG002_CONFIG_03_-_B3F_AVG4_ADC16384;386;BLOQUE_16CFG_386_20260610_132433_CFG002_CONFIG_03_-_B3F_AVG4_ADC16384;configurations;RIGHT;CONFIG 03 - B3F_AVG4_ADC16384;280;7.009877;10312;27587;32.09;2320;-1.04269;-0.27553;0;0;0;;;;
BLOQUE_16CFG_386_20260610_132433_CFG002_CONFIG_03_-_B3F_AVG4_ADC16384;386;BLOQUE_16CFG_386_20260610_132433_CFG002_CONFIG_03_-_B3F_AVG4_ADC16384;configurations;RIGHT;CONFIG 03 - B3F_AVG4_ADC16384;281;7.039779;10313;27605;32.77;2345;-0.42262;-0.25802;0;0;0;;;;
BLOQUE_16CFG_386_20260610_132433_CFG002_CONFIG_03_-_B3F_AVG4_ADC16384;386;BLOQUE_16CFG_386_20260610_132433_CFG002_CONFIG_03_-_B3F_AVG4_ADC16384;configurations;RIGHT;CONFIG 03 - B3F_AVG4_ADC16384;282;7.060316;10321;27591;32.85;2348;0.01708;-0.11971;0;0;0;;;;
BLOQUE_16CFG_386_20260610_132433_CFG002_CONFIG_03_-_B3F_AVG4_ADC16384;386;BLOQUE_16CFG_386_20260610_132433_CFG002_CONFIG_03_-_B3F_AVG4_ADC16384;configurations;RIGHT;CONFIG 03 - B3F_AVG4_ADC16384;283;7.090103;10317;27591;32.15;2322;0.19424;-0.01948;0;0;0;;;;
BLOQUE_16CFG_386_20260610_132433_CFG002_CONFIG_03_-_B3F_AVG4_ADC16384;386;BLOQUE_16CFG_386_20260610_132433_CFG002_CONFIG_03_-_B3F_AVG4_ADC16384;configurations;RIGHT;CONFIG 03 - B3F_AVG4_ADC16384;284;7.109699;10315;27607;32.80;2346;-0.32017;0.36219;0;0;0;;;;
BLOQUE_16CFG_386_20260610_132433_CFG002_CONFIG_03_-_B3F_AVG4_ADC16384;386;BLOQUE_16CFG_386_20260610_132433_CFG002_CONFIG_03_-_B3F_AVG4_ADC16384;configurations;RIGHT;CONFIG 03 - B3F_AVG4_ADC16384;285;7.140333;10315;27609;32.36;2330;0.02241;0.42522;0;0;0;;;;
BLOQUE_16CFG_386_20260610_132433_CFG002_CONFIG_03_-_B3F_AVG4_ADC16384;386;BLOQUE_16CFG_386_20260610_132433_CFG002_CONFIG_03_-_B3F_AVG4_ADC16384;configurations;RIGHT;CONFIG 03 - B3F_AVG4_ADC16384;286;7.160434;10321;27591;33.23;2362;0.37673;0.16589;0;0;0;;;;
BLOQUE_16CFG_386_20260610_132433_CFG002_CONFIG_03_-_B3F_AVG4_ADC16384;386;BLOQUE_16CFG_386_20260610_132433_CFG002_CONFIG_03_-_B3F_AVG4_ADC16384;configurations;RIGHT;CONFIG 03 - B3F_AVG4_ADC16384;287;7.190510;10319;27589;32.26;2326;0.38634;-0.07769;0;0;0;;;;
BLOQUE_16CFG_386_20260610_132433_CFG002_CONFIG_03_-_B3F_AVG4_ADC16384;386;BLOQUE_16CFG_386_20260610_132433_CFG002_CONFIG_03_-_B3F_AVG4_ADC16384;configurations;RIGHT;CONFIG 03 - B3F_AVG4_ADC16384;288;7.210989;10315;27592;32.64;2340;-0.20277;0.09826;0;0;0;;;;
BLOQUE_16CFG_386_20260610_132433_CFG002_CONFIG_03_-_B3F_AVG4_ADC16384;386;BLOQUE_16CFG_386_20260610_132433_CFG002_CONFIG_03_-_B3F_AVG4_ADC16384;configurations;RIGHT;CONFIG 03 - B3F_AVG4_ADC16384;289;7.240787;10314;27598;33.02;2354;-0.28709;0.12846;0;0;0;;;;
BLOQUE_16CFG_386_20260610_132433_CFG002_CONFIG_03_-_B3F_AVG4_ADC16384;386;BLOQUE_16CFG_386_20260610_132433_CFG002_CONFIG_03_-_B3F_AVG4_ADC16384;configurations;RIGHT;CONFIG 03 - B3F_AVG4_ADC16384;290;7.260647;10318;27588;32.26;2326;-0.03095;0.04683;0;0;0;;;;
BLOQUE_16CFG_386_20260610_132433_CFG002_CONFIG_03_-_B3F_AVG4_ADC16384;386;BLOQUE_16CFG_386_20260610_132433_CFG002_CONFIG_03_-_B3F_AVG4_ADC16384;configurations;RIGHT;CONFIG 03 - B3F_AVG4_ADC16384;291;7.291284;10318;27585;32.83;2347;0.30203;-0.19718;0;0;0;;;;
BLOQUE_16CFG_386_20260610_132433_CFG002_CONFIG_03_-_B3F_AVG4_ADC16384;386;BLOQUE_16CFG_386_20260610_132433_CFG002_CONFIG_03_-_B3F_AVG4_ADC16384;configurations;RIGHT;CONFIG 03 - B3F_AVG4_ADC16384;292;7.310935;10318;27582;32.53;2336;-0.05870;-0.26568;0;0;0;;;;
BLOQUE_16CFG_386_20260610_132433_CFG002_CONFIG_03_-_B3F_AVG4_ADC16384;386;BLOQUE_16CFG_386_20260610_132433_CFG002_CONFIG_03_-_B3F_AVG4_ADC16384;configurations;RIGHT;CONFIG 03 - B3F_AVG4_ADC16384;293;7.341393;10314;27582;31.72;2306;-0.33938;-0.28603;0;0;0;;;;
BLOQUE_16CFG_386_20260610_132433_CFG002_CONFIG_03_-_B3F_AVG4_ADC16384;386;BLOQUE_16CFG_386_20260610_132433_CFG002_CONFIG_03_-_B3F_AVG4_ADC16384;configurations;RIGHT;CONFIG 03 - B3F_AVG4_ADC16384;294;7.361743;10315;27582;32.72;2343;-0.35539;-0.24467;0;0;0;;;;
BLOQUE_16CFG_386_20260610_132433_CFG002_CONFIG_03_-_B3F_AVG4_ADC16384;386;BLOQUE_16CFG_386_20260610_132433_CFG002_CONFIG_03_-_B3F_AVG4_ADC16384;configurations;RIGHT;CONFIG 03 - B3F_AVG4_ADC16384;295;7.391782;10318;27583;32.74;2344;0.31804;-0.50970;0;0;0;;;;
BLOQUE_16CFG_386_20260610_132433_CFG002_CONFIG_03_-_B3F_AVG4_ADC16384;386;BLOQUE_16CFG_386_20260610_132433_CFG002_CONFIG_03_-_B3F_AVG4_ADC16384;configurations;RIGHT;CONFIG 03 - B3F_AVG4_ADC16384;296;7.412220;10322;27566;32.77;2345;0.38527;-0.72373;0;0;0;;;;
BLOQUE_16CFG_386_20260610_132433_CFG002_CONFIG_03_-_B3F_AVG4_ADC16384;386;BLOQUE_16CFG_386_20260610_132433_CFG002_CONFIG_03_-_B3F_AVG4_ADC16384;configurations;RIGHT;CONFIG 03 - B3F_AVG4_ADC16384;297;7.441936;10316;27569;31.83;2310;0.18143;-0.82900;0;0;0;;;;
BLOQUE_16CFG_386_20260610_132433_CFG002_CONFIG_03_-_B3F_AVG4_ADC16384;386;BLOQUE_16CFG_386_20260610_132433_CFG002_CONFIG_03_-_B3F_AVG4_ADC16384;configurations;RIGHT;CONFIG 03 - B3F_AVG4_ADC16384;298;7.462569;10316;27576;32.28;2327;-0.37033;-0.61650;0;0;0;;;;
BLOQUE_16CFG_386_20260610_132433_CFG002_CONFIG_03_-_B3F_AVG4_ADC16384;386;BLOQUE_16CFG_386_20260610_132433_CFG002_CONFIG_03_-_B3F_AVG4_ADC16384;configurations;RIGHT;CONFIG 03 - B3F_AVG4_ADC16384;299;7.492277;10316;27577;32.31;2328;-0.23479;-0.77779;0;0;0;;;;
BLOQUE_16CFG_386_20260610_132433_CFG002_CONFIG_03_-_B3F_AVG4_ADC16384;386;BLOQUE_16CFG_386_20260610_132433_CFG002_CONFIG_03_-_B3F_AVG4_ADC16384;configurations;RIGHT;CONFIG 03 - B3F_AVG4_ADC16384;300;7.512521;10318;27559;32.34;2329;-0.08538;-0.94105;0;0;0;;;;
BLOQUE_16CFG_386_20260610_132433_CFG002_CONFIG_03_-_B3F_AVG4_ADC16384;386;BLOQUE_16CFG_386_20260610_132433_CFG002_CONFIG_03_-_B3F_AVG4_ADC16384;configurations;RIGHT;CONFIG 03 - B3F_AVG4_ADC16384;301;7.542626;10318;27566;32.23;2325;0.05977;-1.03121;0;0;0;;;;
BLOQUE_16CFG_386_20260610_132433_CFG002_CONFIG_03_-_B3F_AVG4_ADC16384;386;BLOQUE_16CFG_386_20260610_132433_CFG002_CONFIG_03_-_B3F_AVG4_ADC16384;configurations;RIGHT;CONFIG 03 - B3F_AVG4_ADC16384;302;7.562764;10318;27571;32.26;2326;0.29669;-0.96315;0;0;0;;;;
BLOQUE_16CFG_386_20260610_132433_CFG002_CONFIG_03_-_B3F_AVG4_ADC16384;386;BLOQUE_16CFG_386_20260610_132433_CFG002_CONFIG_03_-_B3F_AVG4_ADC16384;configurations;RIGHT;CONFIG 03 - B3F_AVG4_ADC16384;303;7.592862;10321;27562;32.99;2353;0.00000;-0.80733;0;0;0;;;;
BLOQUE_16CFG_386_20260610_132433_CFG002_CONFIG_03_-_B3F_AVG4_ADC16384;386;BLOQUE_16CFG_386_20260610_132433_CFG002_CONFIG_03_-_B3F_AVG4_ADC16384;configurations;RIGHT;CONFIG 03 - B3F_AVG4_ADC16384;304;7.613279;10315;27574;32.69;2342;0.13234;-0.68740;0;0;0;;;;
BLOQUE_16CFG_386_20260610_132433_CFG002_CONFIG_03_-_B3F_AVG4_ADC16384;386;BLOQUE_16CFG_386_20260610_132433_CFG002_CONFIG_03_-_B3F_AVG4_ADC16384;configurations;RIGHT;CONFIG 03 - B3F_AVG4_ADC16384;305;7.643106;10320;27577;32.23;2325;0.26254;-0.63926;0;0;0;;;;
BLOQUE_16CFG_386_20260610_132433_CFG002_CONFIG_03_-_B3F_AVG4_ADC16384;386;BLOQUE_16CFG_386_20260610_132433_CFG002_CONFIG_03_-_B3F_AVG4_ADC16384;configurations;RIGHT;CONFIG 03 - B3F_AVG4_ADC16384;306;7.662974;10323;27564;32.80;2346;0.40768;-0.57864;0;0;0;;;;
BLOQUE_16CFG_386_20260610_132433_CFG002_CONFIG_03_-_B3F_AVG4_ADC16384;386;BLOQUE_16CFG_386_20260610_132433_CFG002_CONFIG_03_-_B3F_AVG4_ADC16384;configurations;RIGHT;CONFIG 03 - B3F_AVG4_ADC16384;307;7.693400;10317;27577;32.45;2333;0.47705;-0.66705;0;0;0;;;;
BLOQUE_16CFG_386_20260610_132433_CFG002_CONFIG_03_-_B3F_AVG4_ADC16384;386;BLOQUE_16CFG_386_20260610_132433_CFG002_CONFIG_03_-_B3F_AVG4_ADC16384;configurations;RIGHT;CONFIG 03 - B3F_AVG4_ADC16384;308;7.713917;10321;27572;31.99;2316;0.19744;-0.64932;0;0;0;;;;
BLOQUE_16CFG_386_20260610_132433_CFG002_CONFIG_03_-_B3F_AVG4_ADC16384;386;BLOQUE_16CFG_386_20260610_132433_CFG002_CONFIG_03_-_B3F_AVG4_ADC16384;configurations;RIGHT;CONFIG 03 - B3F_AVG4_ADC16384;309;7.743793;10320;27565;32.85;2348;0.43223;-0.68346;0;0;0;;;;
BLOQUE_16CFG_386_20260610_132433_CFG002_CONFIG_03_-_B3F_AVG4_ADC16384;386;BLOQUE_16CFG_386_20260610_132433_CFG002_CONFIG_03_-_B3F_AVG4_ADC16384;configurations;RIGHT;CONFIG 03 - B3F_AVG4_ADC16384;310;7.763822;10320;27575;32.66;2341;0.23693;-0.54384;0;0;0;;;;
BLOQUE_16CFG_386_20260610_132433_CFG002_CONFIG_03_-_B3F_AVG4_ADC16384;386;BLOQUE_16CFG_386_20260610_132433_CFG002_CONFIG_03_-_B3F_AVG4_ADC16384;configurations;RIGHT;CONFIG 03 - B3F_AVG4_ADC16384;311;7.794022;10319;27580;32.07;2319;0.12380;-0.53115;0;0;0;;;;
BLOQUE_16CFG_386_20260610_132433_CFG002_CONFIG_03_-_B3F_AVG4_ADC16384;386;BLOQUE_16CFG_386_20260610_132433_CFG002_CONFIG_03_-_B3F_AVG4_ADC16384;configurations;RIGHT;CONFIG 03 - B3F_AVG4_ADC16384;312;7.813766;10319;27566;31.72;2306;0.18036;-0.64560;0;0;0;;;;
BLOQUE_16CFG_386_20260610_132433_CFG002_CONFIG_03_-_B3F_AVG4_ADC16384;386;BLOQUE_16CFG_386_20260610_132433_CFG002_CONFIG_03_-_B3F_AVG4_ADC16384;configurations;RIGHT;CONFIG 03 - B3F_AVG4_ADC16384;313;7.844339;10321;27569;32.99;2353;-0.11740;-0.61759;0;0;0;;;;
BLOQUE_16CFG_386_20260610_132433_CFG002_CONFIG_03_-_B3F_AVG4_ADC16384;386;BLOQUE_16CFG_386_20260610_132433_CFG002_CONFIG_03_-_B3F_AVG4_ADC16384;configurations;RIGHT;CONFIG 03 - B3F_AVG4_ADC16384;314;7.864280;10316;27582;32.74;2344;-0.24226;-0.36307;0;0;0;;;;
BLOQUE_16CFG_386_20260610_132433_CFG002_CONFIG_03_-_B3F_AVG4_ADC16384;386;BLOQUE_16CFG_386_20260610_132433_CFG002_CONFIG_03_-_B3F_AVG4_ADC16384;configurations;RIGHT;CONFIG 03 - B3F_AVG4_ADC16384;315;7.894629;10318;27581;32.50;2335;-0.10352;-0.45258;0;0;0;;;;
BLOQUE_16CFG_386_20260610_132433_CFG002_CONFIG_03_-_B3F_AVG4_ADC16384;386;BLOQUE_16CFG_386_20260610_132433_CFG002_CONFIG_03_-_B3F_AVG4_ADC16384;configurations;RIGHT;CONFIG 03 - B3F_AVG4_ADC16384;316;7.914211;10323;27565;31.91;2313;0.45998;-0.76181;0;0;0;;;;
BLOQUE_16CFG_386_20260610_132433_CFG002_CONFIG_03_-_B3F_AVG4_ADC16384;386;BLOQUE_16CFG_386_20260610_132433_CFG002_CONFIG_03_-_B3F_AVG4_ADC16384;configurations;RIGHT;CONFIG 03 - B3F_AVG4_ADC16384;317;7.944864;10323;27566;32.01;2317;0.58484;-0.86182;0;0;0;;;;
BLOQUE_16CFG_386_20260610_132433_CFG002_CONFIG_03_-_B3F_AVG4_ADC16384;386;BLOQUE_16CFG_386_20260610_132433_CFG002_CONFIG_03_-_B3F_AVG4_ADC16384;configurations;RIGHT;CONFIG 03 - B3F_AVG4_ADC16384;318;7.965616;10320;27577;32.55;2337;0.18570;-0.73424;0;0;0;;;;
BLOQUE_16CFG_386_20260610_132433_CFG002_CONFIG_03_-_B3F_AVG4_ADC16384;386;BLOQUE_16CFG_386_20260610_132433_CFG002_CONFIG_03_-_B3F_AVG4_ADC16384;configurations;RIGHT;CONFIG 03 - B3F_AVG4_ADC16384;319;7.995286;10319;27574;32.01;2317;-0.04269;-0.90713;0;0;0;;;;
BLOQUE_16CFG_386_20260610_132433_CFG002_CONFIG_03_-_B3F_AVG4_ADC16384;386;BLOQUE_16CFG_386_20260610_132433_CFG002_CONFIG_03_-_B3F_AVG4_ADC16384;configurations;RIGHT;CONFIG 03 - B3F_AVG4_ADC16384;320;8.015424;10321;27558;32.83;2347;-0.09498;-1.15355;0;0;0;;;;
BLOQUE_16CFG_386_20260610_132433_CFG002_CONFIG_03_-_B3F_AVG4_ADC16384;386;BLOQUE_16CFG_386_20260610_132433_CFG002_CONFIG_03_-_B3F_AVG4_ADC16384;configurations;RIGHT;CONFIG 03 - B3F_AVG4_ADC16384;321;8.045567;10320;27565;32.64;2340;0.01921;-1.29142;0;0;0;;;;
BLOQUE_16CFG_386_20260610_132433_CFG002_CONFIG_03_-_B3F_AVG4_ADC16384;386;BLOQUE_16CFG_386_20260610_132433_CFG002_CONFIG_03_-_B3F_AVG4_ADC16384;configurations;RIGHT;CONFIG 03 - B3F_AVG4_ADC16384;322;8.065565;10321;27568;32.77;2345;0.22625;-1.21942;0;0;0;;;;
BLOQUE_16CFG_386_20260610_132433_CFG002_CONFIG_03_-_B3F_AVG4_ADC16384;386;BLOQUE_16CFG_386_20260610_132433_CFG002_CONFIG_03_-_B3F_AVG4_ADC16384;configurations;RIGHT;CONFIG 03 - B3F_AVG4_ADC16384;323;8.095793;10324;27564;32.85;2348;0.26681;-1.11503;0;0;0;;;;
BLOQUE_16CFG_386_20260610_132433_CFG002_CONFIG_03_-_B3F_AVG4_ADC16384;386;BLOQUE_16CFG_386_20260610_132433_CFG002_CONFIG_03_-_B3F_AVG4_ADC16384;configurations;RIGHT;CONFIG 03 - B3F_AVG4_ADC16384;324;8.116422;10321;27573;32.15;2322;-0.11846;-0.99488;0;0;0;;;;
BLOQUE_16CFG_386_20260610_132433_CFG002_CONFIG_03_-_B3F_AVG4_ADC16384;386;BLOQUE_16CFG_386_20260610_132433_CFG002_CONFIG_03_-_B3F_AVG4_ADC16384;configurations;RIGHT;CONFIG 03 - B3F_AVG4_ADC16384;325;8.145974;10317;27577;31.93;2314;-0.33938;-1.06514;0;0;0;;;;
BLOQUE_16CFG_386_20260610_132433_CFG002_CONFIG_03_-_B3F_AVG4_ADC16384;386;BLOQUE_16CFG_386_20260610_132433_CFG002_CONFIG_03_-_B3F_AVG4_ADC16384;configurations;RIGHT;CONFIG 03 - B3F_AVG4_ADC16384;326;8.166650;10322;27562;31.83;2310;-0.90395;-1.08089;0;0;0;;;;
BLOQUE_16CFG_386_20260610_132433_CFG002_CONFIG_03_-_B3F_AVG4_ADC16384;386;BLOQUE_16CFG_386_20260610_132433_CFG002_CONFIG_03_-_B3F_AVG4_ADC16384;configurations;RIGHT;CONFIG 03 - B3F_AVG4_ADC16384;327;8.196337;10315;27574;31.96;2315;-0.78121;-1.22380;0;0;0;;;;
BLOQUE_16CFG_386_20260610_132433_CFG002_CONFIG_03_-_B3F_AVG4_ADC16384;386;BLOQUE_16CFG_386_20260610_132433_CFG002_CONFIG_03_-_B3F_AVG4_ADC16384;configurations;RIGHT;CONFIG 03 - B3F_AVG4_ADC16384;328;8.216566;10319;27571;32.55;2337;-1.00747;-1.10694;0;0;0;;;;
BLOQUE_16CFG_386_20260610_132433_CFG002_CONFIG_03_-_B3F_AVG4_ADC16384;386;BLOQUE_16CFG_386_20260610_132433_CFG002_CONFIG_03_-_B3F_AVG4_ADC16384;configurations;RIGHT;CONFIG 03 - B3F_AVG4_ADC16384;329;8.246489;10320;27571;32.12;2321;-0.98719;-0.99204;0;0;0;;;;
BLOQUE_16CFG_386_20260610_132433_CFG002_CONFIG_03_-_B3F_AVG4_ADC16384;386;BLOQUE_16CFG_386_20260610_132433_CFG002_CONFIG_03_-_B3F_AVG4_ADC16384;configurations;RIGHT;CONFIG 03 - B3F_AVG4_ADC16384;330;8.266281;10316;27583;30.01;2242;-1.23265;-0.71935;0;0;0;;;;
BLOQUE_16CFG_386_20260610_132433_CFG002_CONFIG_03_-_B3F_AVG4_ADC16384;386;BLOQUE_16CFG_386_20260610_132433_CFG002_CONFIG_03_-_B3F_AVG4_ADC16384;configurations;RIGHT;CONFIG 03 - B3F_AVG4_ADC16384;331;8.296791;10317;27589;32.91;2350;-1.12380;-0.77275;0;0;0;;;;
BLOQUE_16CFG_386_20260610_132433_CFG002_CONFIG_03_-_B3F_AVG4_ADC16384;386;BLOQUE_16CFG_386_20260610_132433_CFG002_CONFIG_03_-_B3F_AVG4_ADC16384;configurations;RIGHT;CONFIG 03 - B3F_AVG4_ADC16384;332;8.317043;10322;27571;32.26;2326;-0.58484;-0.84738;0;0;0;;;;
BLOQUE_16CFG_386_20260610_132433_CFG002_CONFIG_03_-_B3F_AVG4_ADC16384;386;BLOQUE_16CFG_386_20260610_132433_CFG002_CONFIG_03_-_B3F_AVG4_ADC16384;configurations;RIGHT;CONFIG 03 - B3F_AVG4_ADC16384;333;8.347104;10323;27582;32.34;2329;-0.47919;-0.80405;0;0;0;;;;
BLOQUE_16CFG_386_20260610_132433_CFG002_CONFIG_03_-_B3F_AVG4_ADC16384;386;BLOQUE_16CFG_386_20260610_132433_CFG002_CONFIG_03_-_B3F_AVG4_ADC16384;configurations;RIGHT;CONFIG 03 - B3F_AVG4_ADC16384;334;8.367001;10319;27595;32.66;2341;-0.64034;-0.58367;0;0;0;;;;
BLOQUE_16CFG_386_20260610_132433_CFG002_CONFIG_03_-_B3F_AVG4_ADC16384;386;BLOQUE_16CFG_386_20260610_132433_CFG002_CONFIG_03_-_B3F_AVG4_ADC16384;configurations;RIGHT;CONFIG 03 - B3F_AVG4_ADC16384;335;8.397362;10321;27587;32.69;2342;-0.54002;-0.70228;0;0;0;;;;
BLOQUE_16CFG_386_20260610_132433_CFG002_CONFIG_03_-_B3F_AVG4_ADC16384;386;BLOQUE_16CFG_386_20260610_132433_CFG002_CONFIG_03_-_B3F_AVG4_ADC16384;configurations;RIGHT;CONFIG 03 - B3F_AVG4_ADC16384;336;8.418163;10325;27579;32.85;2348;-0.86126;-0.80733;0;0;0;;;;
BLOQUE_16CFG_386_20260610_132433_CFG002_CONFIG_03_-_B3F_AVG4_ADC16384;386;BLOQUE_16CFG_386_20260610_132433_CFG002_CONFIG_03_-_B3F_AVG4_ADC16384;configurations;RIGHT;CONFIG 03 - B3F_AVG4_ADC16384;337;8.447748;10316;27593;33.02;2354;-0.75133;-0.89859;0;0;0;;;;
BLOQUE_16CFG_386_20260610_132433_CFG002_CONFIG_03_-_B3F_AVG4_ADC16384;386;BLOQUE_16CFG_386_20260610_132433_CFG002_CONFIG_03_-_B3F_AVG4_ADC16384;configurations;RIGHT;CONFIG 03 - B3F_AVG4_ADC16384;338;8.468212;10323;27586;32.66;2341;-0.81110;-0.86883;0;0;0;;;;
BLOQUE_16CFG_386_20260610_132433_CFG002_CONFIG_03_-_B3F_AVG4_ADC16384;386;BLOQUE_16CFG_386_20260610_132433_CFG002_CONFIG_03_-_B3F_AVG4_ADC16384;configurations;RIGHT;CONFIG 03 - B3F_AVG4_ADC16384;339;8.498105;10325;27585;32.42;2332;-0.44824;-0.87277;0;0;0;;;;
BLOQUE_16CFG_386_20260610_132433_CFG002_CONFIG_03_-_B3F_AVG4_ADC16384;386;BLOQUE_16CFG_386_20260610_132433_CFG002_CONFIG_03_-_B3F_AVG4_ADC16384;configurations;RIGHT;CONFIG 03 - B3F_AVG4_ADC16384;340;8.517936;10321;27597;31.83;2310;-0.94770;-0.73839;0;0;0;;;;
BLOQUE_16CFG_386_20260610_132433_CFG002_CONFIG_03_-_B3F_AVG4_ADC16384;386;BLOQUE_16CFG_386_20260610_132433_CFG002_CONFIG_03_-_B3F_AVG4_ADC16384;configurations;RIGHT;CONFIG 03 - B3F_AVG4_ADC16384;341;8.548283;10318;27598;33.04;2355;-1.10032;-0.80449;0;0;0;;;;
BLOQUE_16CFG_386_20260610_132433_CFG002_CONFIG_03_-_B3F_AVG4_ADC16384;386;BLOQUE_16CFG_386_20260610_132433_CFG002_CONFIG_03_-_B3F_AVG4_ADC16384;configurations;RIGHT;CONFIG 03 - B3F_AVG4_ADC16384;342;8.568565;10324;27586;32.55;2337;-1.33724;-0.90844;0;0;0;;;;
BLOQUE_16CFG_386_20260610_132433_CFG002_CONFIG_03_-_B3F_AVG4_ADC16384;386;BLOQUE_16CFG_386_20260610_132433_CFG002_CONFIG_03_-_B3F_AVG4_ADC16384;configurations;RIGHT;CONFIG 03 - B3F_AVG4_ADC16384;343;8.598590;10319;27596;32.72;2343;-0.53682;-1.11941;0;0;0;;;;
BLOQUE_16CFG_386_20260610_132433_CFG002_CONFIG_03_-_B3F_AVG4_ADC16384;386;BLOQUE_16CFG_386_20260610_132433_CFG002_CONFIG_03_-_B3F_AVG4_ADC16384;configurations;RIGHT;CONFIG 03 - B3F_AVG4_ADC16384;344;8.619029;10328;27591;33.07;2356;-0.35005;-1.13582;0;0;0;;;;
BLOQUE_16CFG_386_20260610_132433_CFG002_CONFIG_03_-_B3F_AVG4_ADC16384;386;BLOQUE_16CFG_386_20260610_132433_CFG002_CONFIG_03_-_B3F_AVG4_ADC16384;configurations;RIGHT;CONFIG 03 - B3F_AVG4_ADC16384;345;8.648937;10327;27590;33.13;2358;-0.16435;-0.95527;0;0;0;;;;
BLOQUE_16CFG_386_20260610_132433_CFG002_CONFIG_03_-_B3F_AVG4_ADC16384;386;BLOQUE_16CFG_386_20260610_132433_CFG002_CONFIG_03_-_B3F_AVG4_ADC16384;configurations;RIGHT;CONFIG 03 - B3F_AVG4_ADC16384;346;8.669157;10322;27611;32.42;2332;-0.57310;-0.79508;0;0;0;;;;
BLOQUE_16CFG_386_20260610_132433_CFG002_CONFIG_03_-_B3F_AVG4_ADC16384;386;BLOQUE_16CFG_386_20260610_132433_CFG002_CONFIG_03_-_B3F_AVG4_ADC16384;configurations;RIGHT;CONFIG 03 - B3F_AVG4_ADC16384;347;8.699212;10324;27605;32.55;2337;-1.24119;-0.47293;0;0;0;;;;
BLOQUE_16CFG_386_20260610_132433_CFG002_CONFIG_03_-_B3F_AVG4_ADC16384;386;BLOQUE_16CFG_386_20260610_132433_CFG002_CONFIG_03_-_B3F_AVG4_ADC16384;configurations;RIGHT;CONFIG 03 - B3F_AVG4_ADC16384;348;8.719454;10320;27613;32.93;2351;-1.22091;-0.45367;0;0;0;;;;
BLOQUE_16CFG_386_20260610_132433_CFG002_CONFIG_03_-_B3F_AVG4_ADC16384;386;BLOQUE_16CFG_386_20260610_132433_CFG002_CONFIG_03_-_B3F_AVG4_ADC16384;configurations;RIGHT;CONFIG 03 - B3F_AVG4_ADC16384;349;8.749400;10323;27617;32.53;2336;-1.12593;-0.41494;0;0;0;;;;
BLOQUE_16CFG_386_20260610_132433_CFG002_CONFIG_03_-_B3F_AVG4_ADC16384;386;BLOQUE_16CFG_386_20260610_132433_CFG002_CONFIG_03_-_B3F_AVG4_ADC16384;configurations;RIGHT;CONFIG 03 - B3F_AVG4_ADC16384;350;8.769432;10326;27612;32.53;2336;-1.11206;-0.27137;0;0;0;;;;
BLOQUE_16CFG_386_20260610_132433_CFG002_CONFIG_03_-_B3F_AVG4_ADC16384;386;BLOQUE_16CFG_386_20260610_132433_CFG002_CONFIG_03_-_B3F_AVG4_ADC16384;configurations;RIGHT;CONFIG 03 - B3F_AVG4_ADC16384;351;8.799826;10321;27626;32.34;2329;-0.75560;-0.39130;0;0;0;;;;
BLOQUE_16CFG_386_20260610_132433_CFG002_CONFIG_03_-_B3F_AVG4_ADC16384;386;BLOQUE_16CFG_386_20260610_132433_CFG002_CONFIG_03_-_B3F_AVG4_ADC16384;configurations;RIGHT;CONFIG 03 - B3F_AVG4_ADC16384;352;8.819915;10328;27615;32.18;2323;-0.91889;-0.24445;0;0;0;;;;
BLOQUE_16CFG_386_20260610_132433_CFG002_CONFIG_03_-_B3F_AVG4_ADC16384;386;BLOQUE_16CFG_386_20260610_132433_CFG002_CONFIG_03_-_B3F_AVG4_ADC16384;configurations;RIGHT;CONFIG 03 - B3F_AVG4_ADC16384;353;8.849989;10325;27625;32.77;2345;-0.73852;-0.32893;0;0;0;;;;
BLOQUE_16CFG_386_20260610_132433_CFG002_CONFIG_03_-_B3F_AVG4_ADC16384;386;BLOQUE_16CFG_386_20260610_132433_CFG002_CONFIG_03_-_B3F_AVG4_ADC16384;configurations;RIGHT;CONFIG 03 - B3F_AVG4_ADC16384;354;8.869989;10324;27626;32.45;2333;-0.55923;-0.25496;0;0;0;;;;
BLOQUE_16CFG_386_20260610_132433_CFG002_CONFIG_03_-_B3F_AVG4_ADC16384;386;BLOQUE_16CFG_386_20260610_132433_CFG002_CONFIG_03_-_B3F_AVG4_ADC16384;configurations;RIGHT;CONFIG 03 - B3F_AVG4_ADC16384;355;8.900386;10331;27624;32.85;2348;-0.71931;-0.07507;0;0;0;;;;
BLOQUE_16CFG_386_20260610_132433_CFG002_CONFIG_03_-_B3F_AVG4_ADC16384;386;BLOQUE_16CFG_386_20260610_132433_CFG002_CONFIG_03_-_B3F_AVG4_ADC16384;configurations;RIGHT;CONFIG 03 - B3F_AVG4_ADC16384;356;8.920304;10324;27640;32.55;2337;-0.44717;0.06784;0;0;0;;;;
BLOQUE_16CFG_386_20260610_132433_CFG002_CONFIG_03_-_B3F_AVG4_ADC16384;386;BLOQUE_16CFG_386_20260610_132433_CFG002_CONFIG_03_-_B3F_AVG4_ADC16384;configurations;RIGHT;CONFIG 03 - B3F_AVG4_ADC16384;357;8.950509;10328;27639;32.80;2346;-0.68196;0.15057;0;0;0;;;;
BLOQUE_16CFG_386_20260610_132433_CFG002_CONFIG_03_-_B3F_AVG4_ADC16384;386;BLOQUE_16CFG_386_20260610_132433_CFG002_CONFIG_03_-_B3F_AVG4_ADC16384;configurations;RIGHT;CONFIG 03 - B3F_AVG4_ADC16384;358;8.970276;10329;27634;32.31;2328;-0.57631;0.23089;0;0;0;;;;
BLOQUE_16CFG_386_20260610_132433_CFG002_CONFIG_03_-_B3F_AVG4_ADC16384;386;BLOQUE_16CFG_386_20260610_132433_CFG002_CONFIG_03_-_B3F_AVG4_ADC16384;configurations;RIGHT;CONFIG 03 - B3F_AVG4_ADC16384;359;9.000936;10326;27650;31.99;2316;-0.12700;0.09958;0;0;0;;;;
BLOQUE_16CFG_386_20260610_132433_CFG002_CONFIG_03_-_B3F_AVG4_ADC16384;386;BLOQUE_16CFG_386_20260610_132433_CFG002_CONFIG_03_-_B3F_AVG4_ADC16384;configurations;RIGHT;CONFIG 03 - B3F_AVG4_ADC16384;360;9.021562;10334;27637;32.77;2345;-0.20064;0.14203;0;0;0;;;;
BLOQUE_16CFG_386_20260610_132433_CFG002_CONFIG_03_-_B3F_AVG4_ADC16384;386;BLOQUE_16CFG_386_20260610_132433_CFG002_CONFIG_03_-_B3F_AVG4_ADC16384;configurations;RIGHT;CONFIG 03 - B3F_AVG4_ADC16384;361;9.051213;10329;27642;32.91;2350;0.15261;0.05865;0;0;0;;;;
BLOQUE_16CFG_386_20260610_132433_CFG002_CONFIG_03_-_B3F_AVG4_ADC16384;386;BLOQUE_16CFG_386_20260610_132433_CFG002_CONFIG_03_-_B3F_AVG4_ADC16384;configurations;RIGHT;CONFIG 03 - B3F_AVG4_ADC16384;362;9.071932;10331;27651;32.58;2338;0.15582;0.13284;0;0;0;;;;
BLOQUE_16CFG_386_20260610_132433_CFG002_CONFIG_03_-_B3F_AVG4_ADC16384;386;BLOQUE_16CFG_386_20260610_132433_CFG002_CONFIG_03_-_B3F_AVG4_ADC16384;configurations;RIGHT;CONFIG 03 - B3F_AVG4_ADC16384;363;9.101502;10335;27647;32.83;2347;-0.01281;0.35081;0;0;0;;;;
BLOQUE_16CFG_386_20260610_132433_CFG002_CONFIG_03_-_B3F_AVG4_ADC16384;386;BLOQUE_16CFG_386_20260610_132433_CFG002_CONFIG_03_-_B3F_AVG4_ADC16384;configurations;RIGHT;CONFIG 03 - B3F_AVG4_ADC16384;364;9.121446;10328;27660;31.91;2313;-0.43330;0.44404;0;0;0;;;;
BLOQUE_16CFG_386_20260610_132433_CFG002_CONFIG_03_-_B3F_AVG4_ADC16384;386;BLOQUE_16CFG_386_20260610_132433_CFG002_CONFIG_03_-_B3F_AVG4_ADC16384;configurations;RIGHT;CONFIG 03 - B3F_AVG4_ADC16384;365;9.151672;10327;27662;31.93;2314;-0.34045;0.29041;0;0;0;;;;
BLOQUE_16CFG_386_20260610_132433_CFG002_CONFIG_03_-_B3F_AVG4_ADC16384;386;BLOQUE_16CFG_386_20260610_132433_CFG002_CONFIG_03_-_B3F_AVG4_ADC16384;configurations;RIGHT;CONFIG 03 - B3F_AVG4_ADC16384;366;9.172253;10337;27644;32.26;2326;-0.25400;0.08469;0;0;0;;;;
BLOQUE_16CFG_386_20260610_132433_CFG002_CONFIG_03_-_B3F_AVG4_ADC16384;386;BLOQUE_16CFG_386_20260610_132433_CFG002_CONFIG_03_-_B3F_AVG4_ADC16384;configurations;RIGHT;CONFIG 03 - B3F_AVG4_ADC16384;367;9.202102;10330;27654;33.10;2357;0.34365;-0.08229;0;0;0;;;;
BLOQUE_16CFG_386_20260610_132433_CFG002_CONFIG_03_-_B3F_AVG4_ADC16384;386;BLOQUE_16CFG_386_20260610_132433_CFG002_CONFIG_03_-_B3F_AVG4_ADC16384;configurations;RIGHT;CONFIG 03 - B3F_AVG4_ADC16384;368;9.222372;10335;27658;32.26;2326;0.52294;0.01598;0;0;0;;;;
BLOQUE_16CFG_386_20260610_132433_CFG002_CONFIG_03_-_B3F_AVG4_ADC16384;386;BLOQUE_16CFG_386_20260610_132433_CFG002_CONFIG_03_-_B3F_AVG4_ADC16384;configurations;RIGHT;CONFIG 03 - B3F_AVG4_ADC16384;369;9.252252;10340;27655;33.23;2362;0.88047;0.20440;0;0;0;;;;
BLOQUE_16CFG_386_20260610_132433_CFG002_CONFIG_03_-_B3F_AVG4_ADC16384;386;BLOQUE_16CFG_386_20260610_132433_CFG002_CONFIG_03_-_B3F_AVG4_ADC16384;configurations;RIGHT;CONFIG 03 - B3F_AVG4_ADC16384;370;9.273016;10335;27670;32.47;2334;1.24653;0.23679;0;0;0;;;;
BLOQUE_16CFG_386_20260610_132433_CFG002_CONFIG_03_-_B3F_AVG4_ADC16384;386;BLOQUE_16CFG_386_20260610_132433_CFG002_CONFIG_03_-_B3F_AVG4_ADC16384;configurations;RIGHT;CONFIG 03 - B3F_AVG4_ADC16384;371;9.302619;10340;27665;32.91;2350;0.74493;0.59636;0;0;0;;;;
BLOQUE_16CFG_386_20260610_132433_CFG002_CONFIG_03_-_B3F_AVG4_ADC16384;386;BLOQUE_16CFG_386_20260610_132433_CFG002_CONFIG_03_-_B3F_AVG4_ADC16384;configurations;RIGHT;CONFIG 03 - B3F_AVG4_ADC16384;372;9.323156;10335;27680;32.88;2349;1.19850;0.51670;0;0;0;;;;
BLOQUE_16CFG_386_20260610_132433_CFG002_CONFIG_03_-_B3F_AVG4_ADC16384;386;BLOQUE_16CFG_386_20260610_132433_CFG002_CONFIG_03_-_B3F_AVG4_ADC16384;configurations;RIGHT;CONFIG 03 - B3F_AVG4_ADC16384;373;9.352964;10341;27670;32.12;2321;0.87726;0.83053;0;0;0;;;;
BLOQUE_16CFG_386_20260610_132433_CFG002_CONFIG_03_-_B3F_AVG4_ADC16384;386;BLOQUE_16CFG_386_20260610_132433_CFG002_CONFIG_03_-_B3F_AVG4_ADC16384;configurations;RIGHT;CONFIG 03 - B3F_AVG4_ADC16384;374;9.373155;10337;27687;32.61;2339;1.16008;0.72089;0;0;0;;;;
BLOQUE_16CFG_386_20260610_132433_CFG002_CONFIG_03_-_B3F_AVG4_ADC16384;386;BLOQUE_16CFG_386_20260610_132433_CFG002_CONFIG_03_-_B3F_AVG4_ADC16384;configurations;RIGHT;CONFIG 03 - B3F_AVG4_ADC16384;375;9.403159;10339;27678;32.69;2342;0.91889;0.84213;0;0;0;;;;
BLOQUE_16CFG_386_20260610_132433_CFG002_CONFIG_03_-_B3F_AVG4_ADC16384;386;BLOQUE_16CFG_386_20260610_132433_CFG002_CONFIG_03_-_B3F_AVG4_ADC16384;configurations;RIGHT;CONFIG 03 - B3F_AVG4_ADC16384;376;9.423473;10339;27681;32.07;2319;0.67769;0.81806;0;0;0;;;;
BLOQUE_16CFG_386_20260610_132433_CFG002_CONFIG_03_-_B3F_AVG4_ADC16384;386;BLOQUE_16CFG_386_20260610_132433_CFG002_CONFIG_03_-_B3F_AVG4_ADC16384;configurations;RIGHT;CONFIG 03 - B3F_AVG4_ADC16384;377;9.453434;10335;27690;32.93;2351;0.78015;0.82199;0;0;0;;;;
BLOQUE_16CFG_386_20260610_132433_CFG002_CONFIG_03_-_B3F_AVG4_ADC16384;386;BLOQUE_16CFG_386_20260610_132433_CFG002_CONFIG_03_-_B3F_AVG4_ADC16384;configurations;RIGHT;CONFIG 03 - B3F_AVG4_ADC16384;378;9.473546;10341;27683;33.07;2356;0.27214;0.85986;0;0;0;;;;
BLOQUE_16CFG_386_20260610_132433_CFG002_CONFIG_03_-_B3F_AVG4_ADC16384;386;BLOQUE_16CFG_386_20260610_132433_CFG002_CONFIG_03_-_B3F_AVG4_ADC16384;configurations;RIGHT;CONFIG 03 - B3F_AVG4_ADC16384;379;9.503774;10334;27688;32.74;2344;0.45251;0.82068;0;0;0;;;;
BLOQUE_16CFG_386_20260610_132433_CFG002_CONFIG_03_-_B3F_AVG4_ADC16384;386;BLOQUE_16CFG_386_20260610_132433_CFG002_CONFIG_03_-_B3F_AVG4_ADC16384;configurations;RIGHT;CONFIG 03 - B3F_AVG4_ADC16384;380;9.523872;10338;27693;32.61;2339;0.36713;0.83600;0;0;0;;;;
BLOQUE_16CFG_386_20260610_132433_CFG002_CONFIG_03_-_B3F_AVG4_ADC16384;386;BLOQUE_16CFG_386_20260610_132433_CFG002_CONFIG_03_-_B3F_AVG4_ADC16384;configurations;RIGHT;CONFIG 03 - B3F_AVG4_ADC16384;381;9.553963;10341;27689;33.02;2354;0.36179;1.00889;0;0;0;;;;
BLOQUE_16CFG_386_20260610_132433_CFG002_CONFIG_03_-_B3F_AVG4_ADC16384;386;BLOQUE_16CFG_386_20260610_132433_CFG002_CONFIG_03_-_B3F_AVG4_ADC16384;configurations;RIGHT;CONFIG 03 - B3F_AVG4_ADC16384;382;9.573950;10335;27703;32.74;2344;0.26254;1.00539;0;0;0;;;;
BLOQUE_16CFG_386_20260610_132433_CFG002_CONFIG_03_-_B3F_AVG4_ADC16384;386;BLOQUE_16CFG_386_20260610_132433_CFG002_CONFIG_03_-_B3F_AVG4_ADC16384;configurations;RIGHT;CONFIG 03 - B3F_AVG4_ADC16384;383;9.604434;10338;27698;32.99;2353;0.42156;1.01633;0;0;0;;;;
BLOQUE_16CFG_386_20260610_132433_CFG002_CONFIG_03_-_B3F_AVG4_ADC16384;386;BLOQUE_16CFG_386_20260610_132433_CFG002_CONFIG_03_-_B3F_AVG4_ADC16384;configurations;RIGHT;CONFIG 03 - B3F_AVG4_ADC16384;384;9.624851;10344;27695;32.85;2348;0.76414;1.09424;0;0;0;;;;
BLOQUE_16CFG_386_20260610_132433_CFG002_CONFIG_03_-_B3F_AVG4_ADC16384;386;BLOQUE_16CFG_386_20260610_132433_CFG002_CONFIG_03_-_B3F_AVG4_ADC16384;configurations;RIGHT;CONFIG 03 - B3F_AVG4_ADC16384;385;9.654526;10340;27713;32.26;2326;0.93276;0.94280;0;0;1;;;;
BLOQUE_16CFG_386_20260610_132433_CFG002_CONFIG_03_-_B3F_AVG4_ADC16384;386;BLOQUE_16CFG_386_20260610_132433_CFG002_CONFIG_03_-_B3F_AVG4_ADC16384;configurations;RIGHT;CONFIG 03 - B3F_AVG4_ADC16384;386;9.675081;10341;27695;32.85;2348;0.15261;1.09490;0;0;0;;;;
BLOQUE_16CFG_386_20260610_132433_CFG002_CONFIG_03_-_B3F_AVG4_ADC16384;386;BLOQUE_16CFG_386_20260610_132433_CFG002_CONFIG_03_-_B3F_AVG4_ADC16384;configurations;RIGHT;CONFIG 03 - B3F_AVG4_ADC16384;387;9.704990;10336;27709;31.99;2316;0.22519;0.86029;0;0;0;;;;
BLOQUE_16CFG_386_20260610_132433_CFG002_CONFIG_03_-_B3F_AVG4_ADC16384;386;BLOQUE_16CFG_386_20260610_132433_CFG002_CONFIG_03_-_B3F_AVG4_ADC16384;configurations;RIGHT;CONFIG 03 - B3F_AVG4_ADC16384;388;9.724787;10342;27705;32.66;2341;0.46104;0.80536;0;0;0;;;;
BLOQUE_16CFG_386_20260610_132433_CFG002_CONFIG_03_-_B3F_AVG4_ADC16384;386;BLOQUE_16CFG_386_20260610_132433_CFG002_CONFIG_03_-_B3F_AVG4_ADC16384;configurations;RIGHT;CONFIG 03 - B3F_AVG4_ADC16384;389;9.755290;10345;27697;33.07;2356;1.04482;0.59023;0;0;0;;;;
BLOQUE_16CFG_386_20260610_132433_CFG002_CONFIG_03_-_B3F_AVG4_ADC16384;386;BLOQUE_16CFG_386_20260610_132433_CFG002_CONFIG_03_-_B3F_AVG4_ADC16384;configurations;RIGHT;CONFIG 03 - B3F_AVG4_ADC16384;390;9.775745;10344;27702;33.45;2370;0.77481;0.58826;0;0;0;;;;
BLOQUE_16CFG_386_20260610_132433_CFG002_CONFIG_03_-_B3F_AVG4_ADC16384;386;BLOQUE_16CFG_386_20260610_132433_CFG002_CONFIG_03_-_B3F_AVG4_ADC16384;configurations;RIGHT;CONFIG 03 - B3F_AVG4_ADC16384;391;9.805535;10340;27710;32.93;2351;0.76307;0.44798;0;0;0;;;;
BLOQUE_16CFG_386_20260610_132433_CFG002_CONFIG_03_-_B3F_AVG4_ADC16384;386;BLOQUE_16CFG_386_20260610_132433_CFG002_CONFIG_03_-_B3F_AVG4_ADC16384;configurations;RIGHT;CONFIG 03 - B3F_AVG4_ADC16384;392;9.826157;10346;27694;32.69;2342;0.66595;0.30967;0;0;0;;;;
BLOQUE_16CFG_386_20260610_132433_CFG002_CONFIG_03_-_B3F_AVG4_ADC16384;386;BLOQUE_16CFG_386_20260610_132433_CFG002_CONFIG_03_-_B3F_AVG4_ADC16384;configurations;RIGHT;CONFIG 03 - B3F_AVG4_ADC16384;393;9.855762;10344;27699;33.15;2359;0.82390;0.19302;0;0;0;;;;
BLOQUE_16CFG_386_20260610_132433_CFG002_CONFIG_03_-_B3F_AVG4_ADC16384;386;BLOQUE_16CFG_386_20260610_132433_CFG002_CONFIG_03_-_B3F_AVG4_ADC16384;configurations;RIGHT;CONFIG 03 - B3F_AVG4_ADC16384;394;9.876490;10343;27708;32.50;2335;0.56030;0.23417;0;0;0;;;;
BLOQUE_16CFG_386_20260610_132433_CFG002_CONFIG_03_-_B3F_AVG4_ADC16384;386;BLOQUE_16CFG_386_20260610_132433_CFG002_CONFIG_03_-_B3F_AVG4_ADC16384;configurations;RIGHT;CONFIG 03 - B3F_AVG4_ADC16384;395;9.905932;10344;27701;32.47;2334;-0.13447;0.45455;0;0;0;;;;
BLOQUE_16CFG_386_20260610_132433_CFG002_CONFIG_03_-_B3F_AVG4_ADC16384;386;BLOQUE_16CFG_386_20260610_132433_CFG002_CONFIG_03_-_B3F_AVG4_ADC16384;configurations;RIGHT;CONFIG 03 - B3F_AVG4_ADC16384;396;9.925911;10337;27716;32.55;2337;-0.05656;0.43223;0;0;0;;;;
BLOQUE_16CFG_386_20260610_132433_CFG002_CONFIG_03_-_B3F_AVG4_ADC16384;386;BLOQUE_16CFG_386_20260610_132433_CFG002_CONFIG_03_-_B3F_AVG4_ADC16384;configurations;RIGHT;CONFIG 03 - B3F_AVG4_ADC16384;397;9.956392;10345;27711;32.66;2341;-0.49733;0.64670;0;0;0;;;;
BLOQUE_16CFG_386_20260610_132433_CFG002_CONFIG_03_-_B3F_AVG4_ADC16384;386;BLOQUE_16CFG_386_20260610_132433_CFG002_CONFIG_03_-_B3F_AVG4_ADC16384;configurations;RIGHT;CONFIG 03 - B3F_AVG4_ADC16384;398;9.975975;10340;27717;32.23;2325;0.01708;0.70469;0;0;0;;;;
BLOQUE_16CFG_386_20260610_132433_CFG002_CONFIG_03_-_B3F_AVG4_ADC16384;386;BLOQUE_16CFG_386_20260610_132433_CFG002_CONFIG_03_-_B3F_AVG4_ADC16384;configurations;RIGHT;CONFIG 03 - B3F_AVG4_ADC16384;399;10.006700;10344;27723;32.50;2335;-0.24119;0.71104;0;0;0;;;;
BLOQUE_16CFG_386_20260610_132433_CFG002_CONFIG_03_-_B3F_AVG4_ADC16384;386;BLOQUE_16CFG_386_20260610_132433_CFG002_CONFIG_03_-_B3F_AVG4_ADC16384;configurations;RIGHT;CONFIG 03 - B3F_AVG4_ADC16384;400;10.026426;10343;27715;32.55;2337;-0.14408;0.78698;0;0;0;;;;
BLOQUE_16CFG_386_20260610_132433_CFG002_CONFIG_03_-_B3F_AVG4_ADC16384;386;BLOQUE_16CFG_386_20260610_132433_CFG002_CONFIG_03_-_B3F_AVG4_ADC16384;configurations;RIGHT;CONFIG 03 - B3F_AVG4_ADC16384;401;10.056823;10342;27725;32.28;2327;0.20704;0.65304;0;0;1;;;;
BLOQUE_16CFG_386_20260610_132433_CFG002_CONFIG_03_-_B3F_AVG4_ADC16384;386;BLOQUE_16CFG_386_20260610_132433_CFG002_CONFIG_03_-_B3F_AVG4_ADC16384;configurations;RIGHT;CONFIG 03 - B3F_AVG4_ADC16384;402;10.077333;10349;27719;32.39;2331;0.65101;0.64495;0;0;0;;;;
BLOQUE_16CFG_386_20260610_132433_CFG002_CONFIG_03_-_B3F_AVG4_ADC16384;386;BLOQUE_16CFG_386_20260610_132433_CFG002_CONFIG_03_-_B3F_AVG4_ADC16384;configurations;RIGHT;CONFIG 03 - B3F_AVG4_ADC16384;403;10.107278;10349;27718;32.42;2332;0.75026;0.53115;0;0;0;;;;
BLOQUE_16CFG_386_20260610_132433_CFG002_CONFIG_03_-_B3F_AVG4_ADC16384;386;BLOQUE_16CFG_386_20260610_132433_CFG002_CONFIG_03_-_B3F_AVG4_ADC16384;configurations;RIGHT;CONFIG 03 - B3F_AVG4_ADC16384;404;10.127445;10344;27722;32.69;2342;0.16222;0.66661;0;0;0;;;;
BLOQUE_16CFG_386_20260610_132433_CFG002_CONFIG_03_-_B3F_AVG4_ADC16384;386;BLOQUE_16CFG_386_20260610_132433_CFG002_CONFIG_03_-_B3F_AVG4_ADC16384;configurations;RIGHT;CONFIG 03 - B3F_AVG4_ADC16384;405;10.157509;10343;27730;32.47;2334;0.16862;0.66158;0;0;0;;;;
BLOQUE_16CFG_386_20260610_132433_CFG002_CONFIG_03_-_B3F_AVG4_ADC16384;386;BLOQUE_16CFG_386_20260610_132433_CFG002_CONFIG_03_-_B3F_AVG4_ADC16384;configurations;RIGHT;CONFIG 03 - B3F_AVG4_ADC16384;406;10.177046;10350;27721;32.18;2323;0.43223;0.48081;0;0;0;;;;
BLOQUE_16CFG_386_20260610_132433_CFG002_CONFIG_03_-_B3F_AVG4_ADC16384;386;BLOQUE_16CFG_386_20260610_132433_CFG002_CONFIG_03_-_B3F_AVG4_ADC16384;configurations;RIGHT;CONFIG 03 - B3F_AVG4_ADC16384;407;10.207672;10348;27715;32.50;2335;0.43970;0.17464;0;0;0;;;;
BLOQUE_16CFG_386_20260610_132433_CFG002_CONFIG_03_-_B3F_AVG4_ADC16384;386;BLOQUE_16CFG_386_20260610_132433_CFG002_CONFIG_03_-_B3F_AVG4_ADC16384;configurations;RIGHT;CONFIG 03 - B3F_AVG4_ADC16384;408;10.228390;10344;27716;32.85;2348;-0.57310;0.06172;0;0;0;;;;
BLOQUE_16CFG_386_20260610_132433_CFG002_CONFIG_03_-_B3F_AVG4_ADC16384;386;BLOQUE_16CFG_386_20260610_132433_CFG002_CONFIG_03_-_B3F_AVG4_ADC16384;configurations;RIGHT;CONFIG 03 - B3F_AVG4_ADC16384;409;10.258018;10339;27718;32.47;2334;-1.23159;0.03633;0;0;0;;;;
BLOQUE_16CFG_386_20260610_132433_CFG002_CONFIG_03_-_B3F_AVG4_ADC16384;386;BLOQUE_16CFG_386_20260610_132433_CFG002_CONFIG_03_-_B3F_AVG4_ADC16384;configurations;RIGHT;CONFIG 03 - B3F_AVG4_ADC16384;410;10.278159;10341;27717;32.42;2332;-1.88900;-0.14707;0;0;0;;;;
BLOQUE_16CFG_386_20260610_132433_CFG002_CONFIG_03_-_B3F_AVG4_ADC16384;386;BLOQUE_16CFG_386_20260610_132433_CFG002_CONFIG_03_-_B3F_AVG4_ADC16384;configurations;RIGHT;CONFIG 03 - B3F_AVG4_ADC16384;411;10.308333;10337;27709;32.91;2350;-1.85698;-0.54143;0;0;0;;;;
BLOQUE_16CFG_386_20260610_132433_CFG002_CONFIG_03_-_B3F_AVG4_ADC16384;386;BLOQUE_16CFG_386_20260610_132433_CFG002_CONFIG_03_-_B3F_AVG4_ADC16384;configurations;RIGHT;CONFIG 03 - B3F_AVG4_ADC16384;412;10.328483;10340;27699;32.64;2340;-2.09711;-0.91194;0;0;0;;;;
BLOQUE_16CFG_386_20260610_132433_CFG002_CONFIG_03_-_B3F_AVG4_ADC16384;386;BLOQUE_16CFG_386_20260610_132433_CFG002_CONFIG_03_-_B3F_AVG4_ADC16384;configurations;RIGHT;CONFIG 03 - B3F_AVG4_ADC16384;413;10.358624;10339;27699;33.04;2355;-1.81429;-1.26232;0;0;0;;;;
BLOQUE_16CFG_386_20260610_132433_CFG002_CONFIG_03_-_B3F_AVG4_ADC16384;386;BLOQUE_16CFG_386_20260610_132433_CFG002_CONFIG_03_-_B3F_AVG4_ADC16384;configurations;RIGHT;CONFIG 03 - B3F_AVG4_ADC16384;414;10.378561;10341;27692;32.85;2348;-1.61899;-1.36014;0;0;0;;;;
BLOQUE_16CFG_386_20260610_132433_CFG002_CONFIG_03_-_B3F_AVG4_ADC16384;386;BLOQUE_16CFG_386_20260610_132433_CFG002_CONFIG_03_-_B3F_AVG4_ADC16384;configurations;RIGHT;CONFIG 03 - B3F_AVG4_ADC16384;415;10.408956;10343;27696;33.26;2363;-1.32444;-1.15836;0;0;0;;;;
BLOQUE_16CFG_386_20260610_132433_CFG002_CONFIG_03_-_B3F_AVG4_ADC16384;386;BLOQUE_16CFG_386_20260610_132433_CFG002_CONFIG_03_-_B3F_AVG4_ADC16384;configurations;RIGHT;CONFIG 03 - B3F_AVG4_ADC16384;416;10.428512;10343;27713;32.99;2353;-1.20064;-0.97388;0;0;0;;;;
BLOQUE_16CFG_386_20260610_132433_CFG002_CONFIG_03_-_B3F_AVG4_ADC16384;386;BLOQUE_16CFG_386_20260610_132433_CFG002_CONFIG_03_-_B3F_AVG4_ADC16384;configurations;RIGHT;CONFIG 03 - B3F_AVG4_ADC16384;417;10.459151;10343;27705;33.54;2373;-1.34044;-0.45214;0;0;0;;;;
BLOQUE_16CFG_386_20260610_132433_CFG002_CONFIG_03_-_B3F_AVG4_ADC16384;386;BLOQUE_16CFG_386_20260610_132433_CFG002_CONFIG_03_-_B3F_AVG4_ADC16384;configurations;RIGHT;CONFIG 03 - B3F_AVG4_ADC16384;418;10.479271;10342;27728;32.74;2344;-0.78868;-0.38999;0;0;0;;;;
BLOQUE_16CFG_386_20260610_132433_CFG002_CONFIG_03_-_B3F_AVG4_ADC16384;386;BLOQUE_16CFG_386_20260610_132433_CFG002_CONFIG_03_-_B3F_AVG4_ADC16384;configurations;RIGHT;CONFIG 03 - B3F_AVG4_ADC16384;419;10.509398;10350;27719;32.42;2332;-0.58911;0.17114;0;0;0;;;;
BLOQUE_16CFG_386_20260610_132433_CFG002_CONFIG_03_-_B3F_AVG4_ADC16384;386;BLOQUE_16CFG_386_20260610_132433_CFG002_CONFIG_03_-_B3F_AVG4_ADC16384;configurations;RIGHT;CONFIG 03 - B3F_AVG4_ADC16384;420;10.529180;10346;27739;32.31;2328;0.30736;0.09586;0;0;0;;;;
BLOQUE_16CFG_386_20260610_132433_CFG002_CONFIG_03_-_B3F_AVG4_ADC16384;386;BLOQUE_16CFG_386_20260610_132433_CFG002_CONFIG_03_-_B3F_AVG4_ADC16384;configurations;RIGHT;CONFIG 03 - B3F_AVG4_ADC16384;421;10.559861;10353;27726;32.64;2340;0.34258;0.43485;0;0;0;;;;
BLOQUE_16CFG_386_20260610_132433_CFG002_CONFIG_03_-_B3F_AVG4_ADC16384;386;BLOQUE_16CFG_386_20260610_132433_CFG002_CONFIG_03_-_B3F_AVG4_ADC16384;configurations;RIGHT;CONFIG 03 - B3F_AVG4_ADC16384;422;10.580273;10351;27740;33.67;2378;0.81003;0.35497;0;0;0;;;;
BLOQUE_16CFG_386_20260610_132433_CFG002_CONFIG_03_-_B3F_AVG4_ADC16384;386;BLOQUE_16CFG_386_20260610_132433_CFG002_CONFIG_03_-_B3F_AVG4_ADC16384;configurations;RIGHT;CONFIG 03 - B3F_AVG4_ADC16384;423;10.610045;10352;27736;32.50;2335;0.67449;0.57864;0;0;0;;;;
BLOQUE_16CFG_386_20260610_132433_CFG002_CONFIG_03_-_B3F_AVG4_ADC16384;386;BLOQUE_16CFG_386_20260610_132433_CFG002_CONFIG_03_-_B3F_AVG4_ADC16384;configurations;RIGHT;CONFIG 03 - B3F_AVG4_ADC16384;424;10.630328;10352;27740;33.18;2360;0.62647;0.74977;0;0;0;;;;
BLOQUE_16CFG_386_20260610_132433_CFG002_CONFIG_03_-_B3F_AVG4_ADC16384;386;BLOQUE_16CFG_386_20260610_132433_CFG002_CONFIG_03_-_B3F_AVG4_ADC16384;configurations;RIGHT;CONFIG 03 - B3F_AVG4_ADC16384;425;10.660257;10351;27751;33.13;2358;0.93596;0.70907;0;0;0;;;;
BLOQUE_16CFG_386_20260610_132433_CFG002_CONFIG_03_-_B3F_AVG4_ADC16384;386;BLOQUE_16CFG_386_20260610_132433_CFG002_CONFIG_03_-_B3F_AVG4_ADC16384;configurations;RIGHT;CONFIG 03 - B3F_AVG4_ADC16384;426;10.680900;10356;27735;32.42;2332;0.99359;0.77319;0;0;0;;;;
BLOQUE_16CFG_386_20260610_132433_CFG002_CONFIG_03_-_B3F_AVG4_ADC16384;386;BLOQUE_16CFG_386_20260610_132433_CFG002_CONFIG_03_-_B3F_AVG4_ADC16384;configurations;RIGHT;CONFIG 03 - B3F_AVG4_ADC16384;427;10.710562;10353;27745;32.42;2332;1.56136;0.73117;0;0;0;;;;
BLOQUE_16CFG_386_20260610_132433_CFG002_CONFIG_03_-_B3F_AVG4_ADC16384;386;BLOQUE_16CFG_386_20260610_132433_CFG002_CONFIG_03_-_B3F_AVG4_ADC16384;configurations;RIGHT;CONFIG 03 - B3F_AVG4_ADC16384;428;10.730660;10358;27750;32.93;2351;1.69690;0.91763;0;0;0;;;;
BLOQUE_16CFG_386_20260610_132433_CFG002_CONFIG_03_-_B3F_AVG4_ADC16384;386;BLOQUE_16CFG_386_20260610_132433_CFG002_CONFIG_03_-_B3F_AVG4_ADC16384;configurations;RIGHT;CONFIG 03 - B3F_AVG4_ADC16384;429;10.760862;10358;27747;32.72;2343;1.57417;1.05113;0;0;0;;;;
BLOQUE_16CFG_386_20260610_132433_CFG002_CONFIG_03_-_B3F_AVG4_ADC16384;386;BLOQUE_16CFG_386_20260610_132433_CFG002_CONFIG_03_-_B3F_AVG4_ADC16384;configurations;RIGHT;CONFIG 03 - B3F_AVG4_ADC16384;430;10.781105;10352;27754;33.10;2357;0.86126;1.11263;0;0;0;;;;
BLOQUE_16CFG_386_20260610_132433_CFG002_CONFIG_03_-_B3F_AVG4_ADC16384;386;BLOQUE_16CFG_386_20260610_132433_CFG002_CONFIG_03_-_B3F_AVG4_ADC16384;configurations;RIGHT;CONFIG 03 - B3F_AVG4_ADC16384;431;10.811257;10350;27755;32.77;2345;1.00853;1.03318;0;0;1;;;;
BLOQUE_16CFG_386_20260610_132433_CFG002_CONFIG_03_-_B3F_AVG4_ADC16384;386;BLOQUE_16CFG_386_20260610_132433_CFG002_CONFIG_03_-_B3F_AVG4_ADC16384;configurations;RIGHT;CONFIG 03 - B3F_AVG4_ADC16384;432;10.831747;10360;27744;32.34;2329;1.33617;0.81149;0;0;0;;;;
BLOQUE_16CFG_386_20260610_132433_CFG002_CONFIG_03_-_B3F_AVG4_ADC16384;386;BLOQUE_16CFG_386_20260610_132433_CFG002_CONFIG_03_-_B3F_AVG4_ADC16384;configurations;RIGHT;CONFIG 03 - B3F_AVG4_ADC16384;433;10.861386;10356;27743;32.69;2342;1.57737;0.69616;0;0;0;;;;
BLOQUE_16CFG_386_20260610_132433_CFG002_CONFIG_03_-_B3F_AVG4_ADC16384;386;BLOQUE_16CFG_386_20260610_132433_CFG002_CONFIG_03_-_B3F_AVG4_ADC16384;configurations;RIGHT;CONFIG 03 - B3F_AVG4_ADC16384;434;10.881563;10353;27750;32.85;2348;0.96478;0.81127;0;0;0;;;;
BLOQUE_16CFG_386_20260610_132433_CFG002_CONFIG_03_-_B3F_AVG4_ADC16384;386;BLOQUE_16CFG_386_20260610_132433_CFG002_CONFIG_03_-_B3F_AVG4_ADC16384;configurations;RIGHT;CONFIG 03 - B3F_AVG4_ADC16384;435;10.911704;10353;27752;32.55;2337;1.12593;0.78523;0;0;0;;;;
BLOQUE_16CFG_386_20260610_132433_CFG002_CONFIG_03_-_B3F_AVG4_ADC16384;386;BLOQUE_16CFG_386_20260610_132433_CFG002_CONFIG_03_-_B3F_AVG4_ADC16384;configurations;RIGHT;CONFIG 03 - B3F_AVG4_ADC16384;436;10.932453;10358;27743;33.02;2354;1.45144;0.58783;0;0;0;;;;
BLOQUE_16CFG_386_20260610_132433_CFG002_CONFIG_03_-_B3F_AVG4_ADC16384;386;BLOQUE_16CFG_386_20260610_132433_CFG002_CONFIG_03_-_B3F_AVG4_ADC16384;configurations;RIGHT;CONFIG 03 - B3F_AVG4_ADC16384;437;10.962102;10357;27740;32.85;2348;1.77908;0.28538;0;0;0;;;;
BLOQUE_16CFG_386_20260610_132433_CFG002_CONFIG_03_-_B3F_AVG4_ADC16384;386;BLOQUE_16CFG_386_20260610_132433_CFG002_CONFIG_03_-_B3F_AVG4_ADC16384;configurations;RIGHT;CONFIG 03 - B3F_AVG4_ADC16384;438;10.982160;10357;27736;32.80;2346;1.24012;0.20265;0;0;0;;;;
BLOQUE_16CFG_386_20260610_132433_CFG002_CONFIG_03_-_B3F_AVG4_ADC16384;386;BLOQUE_16CFG_386_20260610_132433_CFG002_CONFIG_03_-_B3F_AVG4_ADC16384;configurations;RIGHT;CONFIG 03 - B3F_AVG4_ADC16384;439;11.012301;10352;27739;32.96;2352;0.97225;0.24664;0;0;0;;;;
BLOQUE_16CFG_386_20260610_132433_CFG002_CONFIG_03_-_B3F_AVG4_ADC16384;386;BLOQUE_16CFG_386_20260610_132433_CFG002_CONFIG_03_-_B3F_AVG4_ADC16384;configurations;RIGHT;CONFIG 03 - B3F_AVG4_ADC16384;440;11.032908;10354;27743;32.61;2339;0.70331;0.31252;0;0;0;;;;
BLOQUE_16CFG_386_20260610_132433_CFG002_CONFIG_03_-_B3F_AVG4_ADC16384;386;BLOQUE_16CFG_386_20260610_132433_CFG002_CONFIG_03_-_B3F_AVG4_ADC16384;configurations;RIGHT;CONFIG 03 - B3F_AVG4_ADC16384;441;11.062508;10354;27740;32.74;2344;1.13020;0.22279;0;0;0;;;;
BLOQUE_16CFG_386_20260610_132433_CFG002_CONFIG_03_-_B3F_AVG4_ADC16384;386;BLOQUE_16CFG_386_20260610_132433_CFG002_CONFIG_03_-_B3F_AVG4_ADC16384;configurations;RIGHT;CONFIG 03 - B3F_AVG4_ADC16384;442;11.083103;10357;27734;33.18;2360;1.04055;0.09804;0;0;0;;;;
BLOQUE_16CFG_386_20260610_132433_CFG002_CONFIG_03_-_B3F_AVG4_ADC16384;386;BLOQUE_16CFG_386_20260610_132433_CFG002_CONFIG_03_-_B3F_AVG4_ADC16384;configurations;RIGHT;CONFIG 03 - B3F_AVG4_ADC16384;443;11.112740;10353;27736;32.93;2351;1.04375;0.22344;0;0;0;;;;
BLOQUE_16CFG_386_20260610_132433_CFG002_CONFIG_03_-_B3F_AVG4_ADC16384;386;BLOQUE_16CFG_386_20260610_132433_CFG002_CONFIG_03_-_B3F_AVG4_ADC16384;configurations;RIGHT;CONFIG 03 - B3F_AVG4_ADC16384;444;11.132876;10354;27747;32.88;2349;0.61686;0.45411;0;0;0;;;;
BLOQUE_16CFG_386_20260610_132433_CFG002_CONFIG_03_-_B3F_AVG4_ADC16384;386;BLOQUE_16CFG_386_20260610_132433_CFG002_CONFIG_03_-_B3F_AVG4_ADC16384;configurations;RIGHT;CONFIG 03 - B3F_AVG4_ADC16384;445;11.163257;10352;27747;33.02;2354;1.13980;0.54734;0;0;0;;;;
BLOQUE_16CFG_386_20260610_132433_CFG002_CONFIG_03_-_B3F_AVG4_ADC16384;386;BLOQUE_16CFG_386_20260610_132433_CFG002_CONFIG_03_-_B3F_AVG4_ADC16384;configurations;RIGHT;CONFIG 03 - B3F_AVG4_ADC16384;446;11.183231;10359;27741;32.77;2345;1.49946;0.37489;0;0;0;;;;
BLOQUE_16CFG_386_20260610_132433_CFG002_CONFIG_03_-_B3F_AVG4_ADC16384;386;BLOQUE_16CFG_386_20260610_132433_CFG002_CONFIG_03_-_B3F_AVG4_ADC16384;configurations;RIGHT;CONFIG 03 - B3F_AVG4_ADC16384;447;11.213479;10358;27737;32.91;2350;1.43436;0.37926;0;0;0;;;;
BLOQUE_16CFG_386_20260610_132433_CFG002_CONFIG_03_-_B3F_AVG4_ADC16384;386;BLOQUE_16CFG_386_20260610_132433_CFG002_CONFIG_03_-_B3F_AVG4_ADC16384;configurations;RIGHT;CONFIG 03 - B3F_AVG4_ADC16384;448;11.233647;10351;27747;32.58;2338;0.77054;0.45127;0;0;0;;;;
BLOQUE_16CFG_386_20260610_132433_CFG002_CONFIG_03_-_B3F_AVG4_ADC16384;386;BLOQUE_16CFG_386_20260610_132433_CFG002_CONFIG_03_-_B3F_AVG4_ADC16384;configurations;RIGHT;CONFIG 03 - B3F_AVG4_ADC16384;449;11.263594;10351;27745;32.01;2317;0.35005;0.73708;0;0;0;;;;
BLOQUE_16CFG_386_20260610_132433_CFG002_CONFIG_03_-_B3F_AVG4_ADC16384;386;BLOQUE_16CFG_386_20260610_132433_CFG002_CONFIG_03_-_B3F_AVG4_ADC16384;configurations;RIGHT;CONFIG 03 - B3F_AVG4_ADC16384;450;11.283420;10353;27753;32.93;2351;0.70757;0.89947;0;0;0;;;;
BLOQUE_16CFG_386_20260610_132433_CFG002_CONFIG_03_-_B3F_AVG4_ADC16384;386;BLOQUE_16CFG_386_20260610_132433_CFG002_CONFIG_03_-_B3F_AVG4_ADC16384;configurations;RIGHT;CONFIG 03 - B3F_AVG4_ADC16384;451;11.313910;10355;27756;32.85;2348;1.31483;0.88174;0;0;0;;;;
BLOQUE_16CFG_386_20260610_132433_CFG002_CONFIG_03_-_B3F_AVG4_ADC16384;386;BLOQUE_16CFG_386_20260610_132433_CFG002_CONFIG_03_-_B3F_AVG4_ADC16384;configurations;RIGHT;CONFIG 03 - B3F_AVG4_ADC16384;452;11.334667;10358;27744;32.28;2327;1.93169;0.82396;0;0;0;;;;
BLOQUE_16CFG_386_20260610_132433_CFG002_CONFIG_03_-_B3F_AVG4_ADC16384;386;BLOQUE_16CFG_386_20260610_132433_CFG002_CONFIG_03_-_B3F_AVG4_ADC16384;configurations;RIGHT;CONFIG 03 - B3F_AVG4_ADC16384;453;11.364364;10360;27750;32.85;2348;2.11312;0.62065;0;0;0;;;;
BLOQUE_16CFG_386_20260610_132433_CFG002_CONFIG_03_-_B3F_AVG4_ADC16384;386;BLOQUE_16CFG_386_20260610_132433_CFG002_CONFIG_03_-_B3F_AVG4_ADC16384;configurations;RIGHT;CONFIG 03 - B3F_AVG4_ADC16384;454;11.383937;10357;27745;32.23;2325;1.96051;0.64779;0;0;0;;;;
BLOQUE_16CFG_386_20260610_132433_CFG002_CONFIG_03_-_B3F_AVG4_ADC16384;386;BLOQUE_16CFG_386_20260610_132433_CFG002_CONFIG_03_-_B3F_AVG4_ADC16384;configurations;RIGHT;CONFIG 03 - B3F_AVG4_ADC16384;455;11.414481;10356;27746;32.42;2332;1.29028;0.74605;0;0;0;;;;
BLOQUE_16CFG_386_20260610_132433_CFG002_CONFIG_03_-_B3F_AVG4_ADC16384;386;BLOQUE_16CFG_386_20260610_132433_CFG002_CONFIG_03_-_B3F_AVG4_ADC16384;configurations;RIGHT;CONFIG 03 - B3F_AVG4_ADC16384;456;11.434162;10352;27756;33.21;2361;0.97332;0.90341;0;0;0;;;;
BLOQUE_16CFG_386_20260610_132433_CFG002_CONFIG_03_-_B3F_AVG4_ADC16384;386;BLOQUE_16CFG_386_20260610_132433_CFG002_CONFIG_03_-_B3F_AVG4_ADC16384;configurations;RIGHT;CONFIG 03 - B3F_AVG4_ADC16384;457;11.464907;10353;27754;33.18;2360;1.17502;0.92310;0;0;0;;;;
BLOQUE_16CFG_386_20260610_132433_CFG002_CONFIG_03_-_B3F_AVG4_ADC16384;386;BLOQUE_16CFG_386_20260610_132433_CFG002_CONFIG_03_-_B3F_AVG4_ADC16384;configurations;RIGHT;CONFIG 03 - B3F_AVG4_ADC16384;458;11.485414;10358;27747;33.13;2358;1.37460;0.91479;0;0;1;;;;
BLOQUE_16CFG_386_20260610_132433_CFG002_CONFIG_03_-_B3F_AVG4_ADC16384;386;BLOQUE_16CFG_386_20260610_132433_CFG002_CONFIG_03_-_B3F_AVG4_ADC16384;configurations;RIGHT;CONFIG 03 - B3F_AVG4_ADC16384;459;11.515132;10354;27755;33.34;2366;1.49306;0.83731;0;0;0;;;;
BLOQUE_16CFG_386_20260610_132433_CFG002_CONFIG_03_-_B3F_AVG4_ADC16384;386;BLOQUE_16CFG_386_20260610_132433_CFG002_CONFIG_03_-_B3F_AVG4_ADC16384;configurations;RIGHT;CONFIG 03 - B3F_AVG4_ADC16384;460;11.535108;10354;27749;32.99;2353;1.35859;0.76597;0;0;0;;;;
BLOQUE_16CFG_386_20260610_132433_CFG002_CONFIG_03_-_B3F_AVG4_ADC16384;386;BLOQUE_16CFG_386_20260610_132433_CFG002_CONFIG_03_-_B3F_AVG4_ADC16384;configurations;RIGHT;CONFIG 03 - B3F_AVG4_ADC16384;461;11.565358;10356;27742;32.34;2329;1.15475;0.35847;0;0;0;;;;
BLOQUE_16CFG_386_20260610_132433_CFG002_CONFIG_03_-_B3F_AVG4_ADC16384;386;BLOQUE_16CFG_386_20260610_132433_CFG002_CONFIG_03_-_B3F_AVG4_ADC16384;configurations;RIGHT;CONFIG 03 - B3F_AVG4_ADC16384;462;11.585055;10351;27731;32.20;2324;1.30202;0.11599;0;0;0;;;;
BLOQUE_16CFG_386_20260610_132433_CFG002_CONFIG_03_-_B3F_AVG4_ADC16384;386;BLOQUE_16CFG_386_20260610_132433_CFG002_CONFIG_03_-_B3F_AVG4_ADC16384;configurations;RIGHT;CONFIG 03 - B3F_AVG4_ADC16384;463;11.615829;10355;27734;32.74;2344;1.20064;0.05209;0;0;0;;;;
BLOQUE_16CFG_386_20260610_132433_CFG002_CONFIG_03_-_B3F_AVG4_ADC16384;386;BLOQUE_16CFG_386_20260610_132433_CFG002_CONFIG_03_-_B3F_AVG4_ADC16384;configurations;RIGHT;CONFIG 03 - B3F_AVG4_ADC16384;464;11.635881;10354;27737;32.09;2320;1.44076;0.13459;0;0;0;;;;
BLOQUE_16CFG_386_20260610_132433_CFG002_CONFIG_03_-_B3F_AVG4_ADC16384;386;BLOQUE_16CFG_386_20260610_132433_CFG002_CONFIG_03_-_B3F_AVG4_ADC16384;configurations;RIGHT;CONFIG 03 - B3F_AVG4_ADC16384;465;11.666050;10353;27734;32.39;2331;0.98932;0.27378;0;0;0;;;;
BLOQUE_16CFG_386_20260610_132433_CFG002_CONFIG_03_-_B3F_AVG4_ADC16384;386;BLOQUE_16CFG_386_20260610_132433_CFG002_CONFIG_03_-_B3F_AVG4_ADC16384;configurations;RIGHT;CONFIG 03 - B3F_AVG4_ADC16384;466;11.685686;10349;27740;32.96;2352;0.71291;0.37620;0;0;0;;;;
BLOQUE_16CFG_386_20260610_132433_CFG002_CONFIG_03_-_B3F_AVG4_ADC16384;386;BLOQUE_16CFG_386_20260610_132433_CFG002_CONFIG_03_-_B3F_AVG4_ADC16384;configurations;RIGHT;CONFIG 03 - B3F_AVG4_ADC16384;467;11.716260;10350;27741;32.85;2348;0.78442;0.64035;0;0;0;;;;
BLOQUE_16CFG_386_20260610_132433_CFG002_CONFIG_03_-_B3F_AVG4_ADC16384;386;BLOQUE_16CFG_386_20260610_132433_CFG002_CONFIG_03_-_B3F_AVG4_ADC16384;configurations;RIGHT;CONFIG 03 - B3F_AVG4_ADC16384;468;11.735817;10353;27747;32.88;2349;1.04055;0.69375;0;0;0;;;;
BLOQUE_16CFG_386_20260610_132433_CFG002_CONFIG_03_-_B3F_AVG4_ADC16384;386;BLOQUE_16CFG_386_20260610_132433_CFG002_CONFIG_03_-_B3F_AVG4_ADC16384;configurations;RIGHT;CONFIG 03 - B3F_AVG4_ADC16384;469;11.766676;10351;27741;32.66;2341;1.39167;0.75240;0;0;0;;;;
BLOQUE_16CFG_386_20260610_132433_CFG002_CONFIG_03_-_B3F_AVG4_ADC16384;386;BLOQUE_16CFG_386_20260610_132433_CFG002_CONFIG_03_-_B3F_AVG4_ADC16384;configurations;RIGHT;CONFIG 03 - B3F_AVG4_ADC16384;470;11.786795;10353;27742;32.77;2345;0.97332;0.76203;0;0;0;;;;
BLOQUE_16CFG_386_20260610_132433_CFG002_CONFIG_03_-_B3F_AVG4_ADC16384;386;BLOQUE_16CFG_386_20260610_132433_CFG002_CONFIG_03_-_B3F_AVG4_ADC16384;configurations;RIGHT;CONFIG 03 - B3F_AVG4_ADC16384;471;11.816866;10347;27745;33.23;2362;1.23799;0.82725;0;0;0;;;;
BLOQUE_16CFG_386_20260610_132433_CFG002_CONFIG_03_-_B3F_AVG4_ADC16384;386;BLOQUE_16CFG_386_20260610_132433_CFG002_CONFIG_03_-_B3F_AVG4_ADC16384;configurations;RIGHT;CONFIG 03 - B3F_AVG4_ADC16384;472;11.837258;10353;27742;32.55;2337;0.81003;0.85679;0;0;0;;;;
BLOQUE_16CFG_386_20260610_132433_CFG002_CONFIG_03_-_B3F_AVG4_ADC16384;386;BLOQUE_16CFG_386_20260610_132433_CFG002_CONFIG_03_-_B3F_AVG4_ADC16384;configurations;RIGHT;CONFIG 03 - B3F_AVG4_ADC16384;473;11.867073;10347;27741;32.69;2342;0.90074;0.84782;0;0;0;;;;
BLOQUE_16CFG_386_20260610_132433_CFG002_CONFIG_03_-_B3F_AVG4_ADC16384;386;BLOQUE_16CFG_386_20260610_132433_CFG002_CONFIG_03_-_B3F_AVG4_ADC16384;configurations;RIGHT;CONFIG 03 - B3F_AVG4_ADC16384;474;11.887455;10347;27742;32.55;2337;0.38847;0.85241;0;0;0;;;;
BLOQUE_16CFG_386_20260610_132433_CFG002_CONFIG_03_-_B3F_AVG4_ADC16384;386;BLOQUE_16CFG_386_20260610_132433_CFG002_CONFIG_03_-_B3F_AVG4_ADC16384;configurations;RIGHT;CONFIG 03 - B3F_AVG4_ADC16384;475;11.917341;10346;27740;31.96;2315;0.64354;0.96490;0;0;0;;;;
BLOQUE_16CFG_386_20260610_132433_CFG002_CONFIG_03_-_B3F_AVG4_ADC16384;386;BLOQUE_16CFG_386_20260610_132433_CFG002_CONFIG_03_-_B3F_AVG4_ADC16384;configurations;RIGHT;CONFIG 03 - B3F_AVG4_ADC16384;476;11.937571;10349;27745;32.72;2343;0.81857;0.82768;0;0;1;;;;
BLOQUE_16CFG_386_20260610_132433_CFG002_CONFIG_03_-_B3F_AVG4_ADC16384;386;BLOQUE_16CFG_386_20260610_132433_CFG002_CONFIG_03_-_B3F_AVG4_ADC16384;configurations;RIGHT;CONFIG 03 - B3F_AVG4_ADC16384;477;11.967592;10348;27732;32.01;2317;0.91462;0.81258;0;0;0;;;;
BLOQUE_16CFG_386_20260610_132433_CFG002_CONFIG_03_-_B3F_AVG4_ADC16384;386;BLOQUE_16CFG_386_20260610_132433_CFG002_CONFIG_03_-_B3F_AVG4_ADC16384;configurations;RIGHT;CONFIG 03 - B3F_AVG4_ADC16384;478;11.987826;10346;27737;31.91;2313;0.84952;0.56441;0;0;0;;;;
BLOQUE_16CFG_386_20260610_132433_CFG002_CONFIG_03_-_B3F_AVG4_ADC16384;386;BLOQUE_16CFG_386_20260610_132433_CFG002_CONFIG_03_-_B3F_AVG4_ADC16384;configurations;RIGHT;CONFIG 03 - B3F_AVG4_ADC16384;479;12.018051;10347;27729;32.18;2323;0.60405;0.51167;0;0;0;;;;
BLOQUE_16CFG_386_20260610_132433_CFG002_CONFIG_03_-_B3F_AVG4_ADC16384;386;BLOQUE_16CFG_386_20260610_132433_CFG002_CONFIG_03_-_B3F_AVG4_ADC16384;configurations;RIGHT;CONFIG 03 - B3F_AVG4_ADC16384;480;12.038393;10344;27727;32.55;2337;0.61366;0.28319;0;0;0;;;;
BLOQUE_16CFG_386_20260610_132433_CFG002_CONFIG_03_-_B3F_AVG4_ADC16384;386;BLOQUE_16CFG_386_20260610_132433_CFG002_CONFIG_03_-_B3F_AVG4_ADC16384;configurations;RIGHT;CONFIG 03 - B3F_AVG4_ADC16384;481;12.068261;10345;27722;33.15;2359;0.53041;0.14422;0;0;0;;;;
BLOQUE_16CFG_386_20260610_132433_CFG002_CONFIG_03_-_B3F_AVG4_ADC16384;386;BLOQUE_16CFG_386_20260610_132433_CFG002_CONFIG_03_-_B3F_AVG4_ADC16384;configurations;RIGHT;CONFIG 03 - B3F_AVG4_ADC16384;482;12.088158;10345;27719;33.02;2354;0.88900;0.07419;0;0;0;;;;
BLOQUE_16CFG_386_20260610_132433_CFG002_CONFIG_03_-_B3F_AVG4_ADC16384;386;BLOQUE_16CFG_386_20260610_132433_CFG002_CONFIG_03_-_B3F_AVG4_ADC16384;configurations;RIGHT;CONFIG 03 - B3F_AVG4_ADC16384;483;12.118567;10347;27721;32.66;2341;0.98932;0.00263;0;0;0;;;;
BLOQUE_16CFG_386_20260610_132433_CFG002_CONFIG_03_-_B3F_AVG4_ADC16384;386;BLOQUE_16CFG_386_20260610_132433_CFG002_CONFIG_03_-_B3F_AVG4_ADC16384;configurations;RIGHT;CONFIG 03 - B3F_AVG4_ADC16384;484;12.138761;10345;27716;32.91;2350;1.09285;0.07572;0;0;0;;;;
BLOQUE_16CFG_386_20260610_132433_CFG002_CONFIG_03_-_B3F_AVG4_ADC16384;386;BLOQUE_16CFG_386_20260610_132433_CFG002_CONFIG_03_-_B3F_AVG4_ADC16384;configurations;RIGHT;CONFIG 03 - B3F_AVG4_ADC16384;485;12.168796;10345;27721;31.83;2310;0.75773;-0.04049;0;0;0;;;;
BLOQUE_16CFG_386_20260610_132433_CFG002_CONFIG_03_-_B3F_AVG4_ADC16384;386;BLOQUE_16CFG_386_20260610_132433_CFG002_CONFIG_03_-_B3F_AVG4_ADC16384;configurations;RIGHT;CONFIG 03 - B3F_AVG4_ADC16384;486;12.188879;10342;27712;32.66;2341;0.17076;0.03961;0;0;0;;;;
BLOQUE_16CFG_386_20260610_132433_CFG002_CONFIG_03_-_B3F_AVG4_ADC16384;386;BLOQUE_16CFG_386_20260610_132433_CFG002_CONFIG_03_-_B3F_AVG4_ADC16384;configurations;RIGHT;CONFIG 03 - B3F_AVG4_ADC16384;487;12.219109;10337;27718;33.02;2354;0.01494;-0.00788;0;0;0;;;;
BLOQUE_16CFG_386_20260610_132433_CFG002_CONFIG_03_-_B3F_AVG4_ADC16384;386;BLOQUE_16CFG_386_20260610_132433_CFG002_CONFIG_03_-_B3F_AVG4_ADC16384;configurations;RIGHT;CONFIG 03 - B3F_AVG4_ADC16384;488;12.239260;10342;27716;32.64;2340;-0.31270;0.05165;0;0;0;;;;
BLOQUE_16CFG_386_20260610_132433_CFG002_CONFIG_03_-_B3F_AVG4_ADC16384;386;BLOQUE_16CFG_386_20260610_132433_CFG002_CONFIG_03_-_B3F_AVG4_ADC16384;configurations;RIGHT;CONFIG 03 - B3F_AVG4_ADC16384;489;12.269482;10337;27713;32.55;2337;0.13340;-0.04377;0;0;0;;;;
BLOQUE_16CFG_386_20260610_132433_CFG002_CONFIG_03_-_B3F_AVG4_ADC16384;386;BLOQUE_16CFG_386_20260610_132433_CFG002_CONFIG_03_-_B3F_AVG4_ADC16384;configurations;RIGHT;CONFIG 03 - B3F_AVG4_ADC16384;490;12.289811;10341;27710;32.42;2332;-0.37033;-0.00875;0;0;0;;;;
BLOQUE_16CFG_386_20260610_132433_CFG002_CONFIG_03_-_B3F_AVG4_ADC16384;386;BLOQUE_16CFG_386_20260610_132433_CFG002_CONFIG_03_-_B3F_AVG4_ADC16384;configurations;RIGHT;CONFIG 03 - B3F_AVG4_ADC16384;491;12.319680;10335;27715;32.91;2350;-0.09605;0.15407;0;0;0;;;;
BLOQUE_16CFG_386_20260610_132433_CFG002_CONFIG_03_-_B3F_AVG4_ADC16384;386;BLOQUE_16CFG_386_20260610_132433_CFG002_CONFIG_03_-_B3F_AVG4_ADC16384;configurations;RIGHT;CONFIG 03 - B3F_AVG4_ADC16384;492;12.339881;10339;27719;32.83;2347;-0.68196;0.24642;0;0;0;;;;
BLOQUE_16CFG_386_20260610_132433_CFG002_CONFIG_03_-_B3F_AVG4_ADC16384;386;BLOQUE_16CFG_386_20260610_132433_CFG002_CONFIG_03_-_B3F_AVG4_ADC16384;configurations;RIGHT;CONFIG 03 - B3F_AVG4_ADC16384;493;12.370108;10333;27712;32.91;2350;-0.48132;0.28669;0;0;0;;;;
BLOQUE_16CFG_386_20260610_132433_CFG002_CONFIG_03_-_B3F_AVG4_ADC16384;386;BLOQUE_16CFG_386_20260610_132433_CFG002_CONFIG_03_-_B3F_AVG4_ADC16384;configurations;RIGHT;CONFIG 03 - B3F_AVG4_ADC16384;494;12.389818;10336;27714;32.23;2325;-0.96691;0.04268;0;0;0;;;;
BLOQUE_16CFG_386_20260610_132433_CFG002_CONFIG_03_-_B3F_AVG4_ADC16384;386;BLOQUE_16CFG_386_20260610_132433_CFG002_CONFIG_03_-_B3F_AVG4_ADC16384;configurations;RIGHT;CONFIG 03 - B3F_AVG4_ADC16384;495;12.420367;10332;27702;32.20;2324;-0.67236;0.03130;0;0;0;;;;
BLOQUE_16CFG_386_20260610_132433_CFG002_CONFIG_03_-_B3F_AVG4_ADC16384;386;BLOQUE_16CFG_386_20260610_132433_CFG002_CONFIG_03_-_B3F_AVG4_ADC16384;configurations;RIGHT;CONFIG 03 - B3F_AVG4_ADC16384;496;12.440391;10335;27708;32.88;2349;-0.81750;-0.13787;0;0;0;;;;
BLOQUE_16CFG_386_20260610_132433_CFG002_CONFIG_03_-_B3F_AVG4_ADC16384;386;BLOQUE_16CFG_386_20260610_132433_CFG002_CONFIG_03_-_B3F_AVG4_ADC16384;configurations;RIGHT;CONFIG 03 - B3F_AVG4_ADC16384;497;12.470568;10333;27701;32.80;2346;-0.53682;-0.18186;0;0;0;;;;
BLOQUE_16CFG_386_20260610_132433_CFG002_CONFIG_03_-_B3F_AVG4_ADC16384;386;BLOQUE_16CFG_386_20260610_132433_CFG002_CONFIG_03_-_B3F_AVG4_ADC16384;configurations;RIGHT;CONFIG 03 - B3F_AVG4_ADC16384;498;12.491162;10334;27696;32.09;2320;-0.34045;-0.15626;0;0;0;;;;
BLOQUE_16CFG_386_20260610_132433_CFG002_CONFIG_03_-_B3F_AVG4_ADC16384;386;BLOQUE_16CFG_386_20260610_132433_CFG002_CONFIG_03_-_B3F_AVG4_ADC16384;configurations;RIGHT;CONFIG 03 - B3F_AVG4_ADC16384;499;12.520794;10336;27706;32.85;2348;-0.05443;-0.13131;0;0;0;;;;
BLOQUE_16CFG_386_20260610_132433_CFG002_CONFIG_03_-_B3F_AVG4_ADC16384;386;BLOQUE_16CFG_386_20260610_132433_CFG002_CONFIG_03_-_B3F_AVG4_ADC16384;configurations;RIGHT;CONFIG 03 - B3F_AVG4_ADC16384;500;12.541596;10335;27699;32.93;2351;-0.19424;0.03436;0;0;0;;;;
BLOQUE_16CFG_386_20260610_132433_CFG002_CONFIG_03_-_B3F_AVG4_ADC16384;386;BLOQUE_16CFG_386_20260610_132433_CFG002_CONFIG_03_-_B3F_AVG4_ADC16384;configurations;RIGHT;CONFIG 03 - B3F_AVG4_ADC16384;501;12.571167;10331;27702;32.36;2330;-0.51227;0.00525;0;0;0;;;;
BLOQUE_16CFG_386_20260610_132433_CFG002_CONFIG_03_-_B3F_AVG4_ADC16384;386;BLOQUE_16CFG_386_20260610_132433_CFG002_CONFIG_03_-_B3F_AVG4_ADC16384;configurations;RIGHT;CONFIG 03 - B3F_AVG4_ADC16384;502;12.591239;10331;27701;33.26;2363;-0.75240;-0.01247;0;0;0;;;;
BLOQUE_16CFG_386_20260610_132433_CFG002_CONFIG_03_-_B3F_AVG4_ADC16384;386;BLOQUE_16CFG_386_20260610_132433_CFG002_CONFIG_03_-_B3F_AVG4_ADC16384;configurations;RIGHT;CONFIG 03 - B3F_AVG4_ADC16384;503;12.621482;10331;27695;32.36;2330;-0.99573;-0.12321;0;0;0;;;;
BLOQUE_16CFG_386_20260610_132433_CFG002_CONFIG_03_-_B3F_AVG4_ADC16384;386;BLOQUE_16CFG_386_20260610_132433_CFG002_CONFIG_03_-_B3F_AVG4_ADC16384;configurations;RIGHT;CONFIG 03 - B3F_AVG4_ADC16384;504;12.641655;10327;27693;32.69;2342;-0.63394;-0.19937;0;0;0;;;;
BLOQUE_16CFG_386_20260610_132433_CFG002_CONFIG_03_-_B3F_AVG4_ADC16384;386;BLOQUE_16CFG_386_20260610_132433_CFG002_CONFIG_03_-_B3F_AVG4_ADC16384;configurations;RIGHT;CONFIG 03 - B3F_AVG4_ADC16384;505;12.671708;10334;27694;32.96;2352;-0.52615;-0.23854;0;0;0;;;;
BLOQUE_16CFG_386_20260610_132433_CFG002_CONFIG_03_-_B3F_AVG4_ADC16384;386;BLOQUE_16CFG_386_20260610_132433_CFG002_CONFIG_03_-_B3F_AVG4_ADC16384;configurations;RIGHT;CONFIG 03 - B3F_AVG4_ADC16384;506;12.691711;10331;27690;32.83;2347;-0.25187;-0.09783;0;0;0;;;;
BLOQUE_16CFG_386_20260610_132433_CFG002_CONFIG_03_-_B3F_AVG4_ADC16384;386;BLOQUE_16CFG_386_20260610_132433_CFG002_CONFIG_03_-_B3F_AVG4_ADC16384;configurations;RIGHT;CONFIG 03 - B3F_AVG4_ADC16384;507;12.722023;10329;27698;32.99;2353;-0.24653;-0.13415;0;0;0;;;;
BLOQUE_16CFG_386_20260610_132433_CFG002_CONFIG_03_-_B3F_AVG4_ADC16384;386;BLOQUE_16CFG_386_20260610_132433_CFG002_CONFIG_03_-_B3F_AVG4_ADC16384;configurations;RIGHT;CONFIG 03 - B3F_AVG4_ADC16384;508;12.742570;10333;27689;32.39;2331;-0.50053;-0.25649;0;0;0;;;;
BLOQUE_16CFG_386_20260610_132433_CFG002_CONFIG_03_-_B3F_AVG4_ADC16384;386;BLOQUE_16CFG_386_20260610_132433_CFG002_CONFIG_03_-_B3F_AVG4_ADC16384;configurations;RIGHT;CONFIG 03 - B3F_AVG4_ADC16384;509;12.772414;10327;27680;33.21;2361;-0.92209;-0.41450;0;0;0;;;;
BLOQUE_16CFG_386_20260610_132433_CFG002_CONFIG_03_-_B3F_AVG4_ADC16384;386;BLOQUE_16CFG_386_20260610_132433_CFG002_CONFIG_03_-_B3F_AVG4_ADC16384;configurations;RIGHT;CONFIG 03 - B3F_AVG4_ADC16384;510;12.792204;10323;27686;32.42;2332;-1.59978;-0.53530;0;0;0;;;;
BLOQUE_16CFG_386_20260610_132433_CFG002_CONFIG_03_-_B3F_AVG4_ADC16384;386;BLOQUE_16CFG_386_20260610_132433_CFG002_CONFIG_03_-_B3F_AVG4_ADC16384;configurations;RIGHT;CONFIG 03 - B3F_AVG4_ADC16384;511;12.822568;10324;27679;33.04;2355;-1.50586;-0.58236;0;0;0;;;;
BLOQUE_16CFG_386_20260610_132433_CFG002_CONFIG_03_-_B3F_AVG4_ADC16384;386;BLOQUE_16CFG_386_20260610_132433_CFG002_CONFIG_03_-_B3F_AVG4_ADC16384;configurations;RIGHT;CONFIG 03 - B3F_AVG4_ADC16384;512;12.843219;10327;27674;32.88;2349;-1.15795;-0.55763;0;0;0;;;;
BLOQUE_16CFG_386_20260610_132433_CFG002_CONFIG_03_-_B3F_AVG4_ADC16384;386;BLOQUE_16CFG_386_20260610_132433_CFG002_CONFIG_03_-_B3F_AVG4_ADC16384;configurations;RIGHT;CONFIG 03 - B3F_AVG4_ADC16384;513;12.872816;10326;27684;32.64;2340;-0.72465;-0.44492;0;0;0;;;;
BLOQUE_16CFG_386_20260610_132433_CFG002_CONFIG_03_-_B3F_AVG4_ADC16384;386;BLOQUE_16CFG_386_20260610_132433_CFG002_CONFIG_03_-_B3F_AVG4_ADC16384;configurations;RIGHT;CONFIG 03 - B3F_AVG4_ADC16384;514;12.893593;10328;27682;32.58;2338;-0.55283;-0.13590;0;0;0;;;;
BLOQUE_16CFG_386_20260610_132433_CFG002_CONFIG_03_-_B3F_AVG4_ADC16384;386;BLOQUE_16CFG_386_20260610_132433_CFG002_CONFIG_03_-_B3F_AVG4_ADC16384;configurations;RIGHT;CONFIG 03 - B3F_AVG4_ADC16384;515;12.923130;10328;27688;33.26;2363;-0.21131;-0.05274;0;0;0;;;;
BLOQUE_16CFG_386_20260610_132433_CFG002_CONFIG_03_-_B3F_AVG4_ADC16384;386;BLOQUE_16CFG_386_20260610_132433_CFG002_CONFIG_03_-_B3F_AVG4_ADC16384;configurations;RIGHT;CONFIG 03 - B3F_AVG4_ADC16384;516;12.943387;10329;27685;32.72;2343;-0.47705;0.14006;0;0;0;;;;
BLOQUE_16CFG_386_20260610_132433_CFG002_CONFIG_03_-_B3F_AVG4_ADC16384;386;BLOQUE_16CFG_386_20260610_132433_CFG002_CONFIG_03_-_B3F_AVG4_ADC16384;configurations;RIGHT;CONFIG 03 - B3F_AVG4_ADC16384;517;12.973507;10324;27689;33.04;2355;-0.66275;0.18843;0;0;0;;;;
BLOQUE_16CFG_386_20260610_132433_CFG002_CONFIG_03_-_B3F_AVG4_ADC16384;386;BLOQUE_16CFG_386_20260610_132433_CFG002_CONFIG_03_-_B3F_AVG4_ADC16384;configurations;RIGHT;CONFIG 03 - B3F_AVG4_ADC16384;518;12.993340;10325;27687;32.72;2343;-1.19210;0.18121;0;0;0;;;;
BLOQUE_16CFG_386_20260610_132433_CFG002_CONFIG_03_-_B3F_AVG4_ADC16384;386;BLOQUE_16CFG_386_20260610_132433_CFG002_CONFIG_03_-_B3F_AVG4_ADC16384;configurations;RIGHT;CONFIG 03 - B3F_AVG4_ADC16384;519;13.023624;10322;27681;32.61;2339;-1.02988;0.13503;0;0;0;;;;
BLOQUE_16CFG_386_20260610_132433_CFG002_CONFIG_03_-_B3F_AVG4_ADC16384;386;BLOQUE_16CFG_386_20260610_132433_CFG002_CONFIG_03_-_B3F_AVG4_ADC16384;configurations;RIGHT;CONFIG 03 - B3F_AVG4_ADC16384;520;13.043865;10325;27683;32.83;2347;-0.86766;0.12452;0;0;0;;;;
BLOQUE_16CFG_386_20260610_132433_CFG002_CONFIG_03_-_B3F_AVG4_ADC16384;386;BLOQUE_16CFG_386_20260610_132433_CFG002_CONFIG_03_-_B3F_AVG4_ADC16384;configurations;RIGHT;CONFIG 03 - B3F_AVG4_ADC16384;521;13.073905;10326;27683;33.02;2354;-0.54109;0.18427;0;0;0;;;;
BLOQUE_16CFG_386_20260610_132433_CFG002_CONFIG_03_-_B3F_AVG4_ADC16384;386;BLOQUE_16CFG_386_20260610_132433_CFG002_CONFIG_03_-_B3F_AVG4_ADC16384;configurations;RIGHT;CONFIG 03 - B3F_AVG4_ADC16384;522;13.093854;10325;27681;32.77;2345;-0.82497;0.31252;0;0;0;;;;
BLOQUE_16CFG_386_20260610_132433_CFG002_CONFIG_03_-_B3F_AVG4_ADC16384;386;BLOQUE_16CFG_386_20260610_132433_CFG002_CONFIG_03_-_B3F_AVG4_ADC16384;configurations;RIGHT;CONFIG 03 - B3F_AVG4_ADC16384;523;13.124211;10321;27687;32.61;2339;-0.93383;0.36810;0;0;0;;;;
BLOQUE_16CFG_386_20260610_132433_CFG002_CONFIG_03_-_B3F_AVG4_ADC16384;386;BLOQUE_16CFG_386_20260610_132433_CFG002_CONFIG_03_-_B3F_AVG4_ADC16384;configurations;RIGHT;CONFIG 03 - B3F_AVG4_ADC16384;524;13.145024;10324;27683;32.55;2337;-1.12273;0.31580;0;0;0;;;;
BLOQUE_16CFG_386_20260610_132433_CFG002_CONFIG_03_-_B3F_AVG4_ADC16384;386;BLOQUE_16CFG_386_20260610_132433_CFG002_CONFIG_03_-_B3F_AVG4_ADC16384;configurations;RIGHT;CONFIG 03 - B3F_AVG4_ADC16384;525;13.174624;10322;27675;33.21;2361;-0.96371;0.14159;0;0;0;;;;
BLOQUE_16CFG_386_20260610_132433_CFG002_CONFIG_03_-_B3F_AVG4_ADC16384;386;BLOQUE_16CFG_386_20260610_132433_CFG002_CONFIG_03_-_B3F_AVG4_ADC16384;configurations;RIGHT;CONFIG 03 - B3F_AVG4_ADC16384;526;13.194219;10322;27674;32.20;2324;-0.98079;0.17792;0;0;0;;;;
BLOQUE_16CFG_386_20260610_132433_CFG002_CONFIG_03_-_B3F_AVG4_ADC16384;386;BLOQUE_16CFG_386_20260610_132433_CFG002_CONFIG_03_-_B3F_AVG4_ADC16384;configurations;RIGHT;CONFIG 03 - B3F_AVG4_ADC16384;527;13.224967;10323;27682;32.69;2342;-0.49093;0.33856;0;0;0;;;;
BLOQUE_16CFG_386_20260610_132433_CFG002_CONFIG_03_-_B3F_AVG4_ADC16384;386;BLOQUE_16CFG_386_20260610_132433_CFG002_CONFIG_03_-_B3F_AVG4_ADC16384;configurations;RIGHT;CONFIG 03 - B3F_AVG4_ADC16384;528;13.244535;10327;27681;32.93;2351;-0.60832;0.34031;0;0;0;;;;
BLOQUE_16CFG_386_20260610_132433_CFG002_CONFIG_03_-_B3F_AVG4_ADC16384;386;BLOQUE_16CFG_386_20260610_132433_CFG002_CONFIG_03_-_B3F_AVG4_ADC16384;configurations;RIGHT;CONFIG 03 - B3F_AVG4_ADC16384;529;13.275101;10320;27671;33.34;2366;-0.90501;0.09673;0;0;0;;;;
BLOQUE_16CFG_386_20260610_132433_CFG002_CONFIG_03_-_B3F_AVG4_ADC16384;386;BLOQUE_16CFG_386_20260610_132433_CFG002_CONFIG_03_-_B3F_AVG4_ADC16384;configurations;RIGHT;CONFIG 03 - B3F_AVG4_ADC16384;530;13.295159;10319;27665;32.64;2340;-1.37246;-0.07747;0;0;0;;;;
BLOQUE_16CFG_386_20260610_132433_CFG002_CONFIG_03_-_B3F_AVG4_ADC16384;386;BLOQUE_16CFG_386_20260610_132433_CFG002_CONFIG_03_-_B3F_AVG4_ADC16384;configurations;RIGHT;CONFIG 03 - B3F_AVG4_ADC16384;531;13.325405;10321;27668;32.91;2350;-0.98826;-0.16436;0;0;0;;;;
BLOQUE_16CFG_386_20260610_132433_CFG002_CONFIG_03_-_B3F_AVG4_ADC16384;386;BLOQUE_16CFG_386_20260610_132433_CFG002_CONFIG_03_-_B3F_AVG4_ADC16384;configurations;RIGHT;CONFIG 03 - B3F_AVG4_ADC16384;532;13.345760;10324;27663;32.83;2347;-0.68516;-0.16042;0;0;0;;;;
BLOQUE_16CFG_386_20260610_132433_CFG002_CONFIG_03_-_B3F_AVG4_ADC16384;386;BLOQUE_16CFG_386_20260610_132433_CFG002_CONFIG_03_-_B3F_AVG4_ADC16384;configurations;RIGHT;CONFIG 03 - B3F_AVG4_ADC16384;533;13.375699;10322;27662;32.58;2338;-0.73426;-0.24139;0;0;0;;;;
BLOQUE_16CFG_386_20260610_132433_CFG002_CONFIG_03_-_B3F_AVG4_ADC16384;386;BLOQUE_16CFG_386_20260610_132433_CFG002_CONFIG_03_-_B3F_AVG4_ADC16384;configurations;RIGHT;CONFIG 03 - B3F_AVG4_ADC16384;534;13.395304;10320;27660;32.91;2350;-0.95517;-0.32149;0;0;0;;;;
BLOQUE_16CFG_386_20260610_132433_CFG002_CONFIG_03_-_B3F_AVG4_ADC16384;386;BLOQUE_16CFG_386_20260610_132433_CFG002_CONFIG_03_-_B3F_AVG4_ADC16384;configurations;RIGHT;CONFIG 03 - B3F_AVG4_ADC16384;535;13.425930;10321;27655;32.34;2329;-1.27534;-0.40553;0;0;0;;;;
BLOQUE_16CFG_386_20260610_132433_CFG002_CONFIG_03_-_B3F_AVG4_ADC16384;386;BLOQUE_16CFG_386_20260610_132433_CFG002_CONFIG_03_-_B3F_AVG4_ADC16384;configurations;RIGHT;CONFIG 03 - B3F_AVG4_ADC16384;536;13.445989;10318;27654;32.64;2340;-1.33191;-0.38277;0;0;0;;;;
BLOQUE_16CFG_386_20260610_132433_CFG002_CONFIG_03_-_B3F_AVG4_ADC16384;386;BLOQUE_16CFG_386_20260610_132433_CFG002_CONFIG_03_-_B3F_AVG4_ADC16384;configurations;RIGHT;CONFIG 03 - B3F_AVG4_ADC16384;537;13.476160;10319;27658;32.61;2339;-1.12700;-0.25299;0;0;0;;;;
BLOQUE_16CFG_386_20260610_132433_CFG002_CONFIG_03_-_B3F_AVG4_ADC16384;386;BLOQUE_16CFG_386_20260610_132433_CFG002_CONFIG_03_-_B3F_AVG4_ADC16384;configurations;RIGHT;CONFIG 03 - B3F_AVG4_ADC16384;538;13.496158;10323;27659;32.58;2338;-1.09178;-0.07069;0;0;0;;;;
BLOQUE_16CFG_386_20260610_132433_CFG002_CONFIG_03_-_B3F_AVG4_ADC16384;386;BLOQUE_16CFG_386_20260610_132433_CFG002_CONFIG_03_-_B3F_AVG4_ADC16384;configurations;RIGHT;CONFIG 03 - B3F_AVG4_ADC16384;539;13.526584;10318;27661;32.61;2339;-1.14514;0.02145;0;0;0;;;;
BLOQUE_16CFG_386_20260610_132433_CFG002_CONFIG_03_-_B3F_AVG4_ADC16384;386;BLOQUE_16CFG_386_20260610_132433_CFG002_CONFIG_03_-_B3F_AVG4_ADC16384;configurations;RIGHT;CONFIG 03 - B3F_AVG4_ADC16384;540;13.546872;10318;27660;33.15;2359;-1.54322;0.07769;0;0;0;;;;
BLOQUE_16CFG_386_20260610_132433_CFG002_CONFIG_03_-_B3F_AVG4_ADC16384;386;BLOQUE_16CFG_386_20260610_132433_CFG002_CONFIG_03_-_B3F_AVG4_ADC16384;configurations;RIGHT;CONFIG 03 - B3F_AVG4_ADC16384;541;13.576902;10318;27659;32.28;2327;-1.25080;0.03086;0;0;0;;;;
BLOQUE_16CFG_386_20260610_132433_CFG002_CONFIG_03_-_B3F_AVG4_ADC16384;386;BLOQUE_16CFG_386_20260610_132433_CFG002_CONFIG_03_-_B3F_AVG4_ADC16384;configurations;RIGHT;CONFIG 03 - B3F_AVG4_ADC16384;542;13.597196;10321;27655;32.28;2327;-0.79189;0.17967;0;0;0;;;;
BLOQUE_16CFG_386_20260610_132433_CFG002_CONFIG_03_-_B3F_AVG4_ADC16384;386;BLOQUE_16CFG_386_20260610_132433_CFG002_CONFIG_03_-_B3F_AVG4_ADC16384;configurations;RIGHT;CONFIG 03 - B3F_AVG4_ADC16384;543;13.627209;10323;27665;32.85;2348;-0.43009;0.32849;0;0;0;;;;
BLOQUE_16CFG_386_20260610_132433_CFG002_CONFIG_03_-_B3F_AVG4_ADC16384;386;BLOQUE_16CFG_386_20260610_132433_CFG002_CONFIG_03_-_B3F_AVG4_ADC16384;configurations;RIGHT;CONFIG 03 - B3F_AVG4_ADC16384;544;13.646954;10322;27664;32.99;2353;-0.59552;0.36767;0;0;0;;;;
BLOQUE_16CFG_386_20260610_132433_CFG002_CONFIG_03_-_B3F_AVG4_ADC16384;386;BLOQUE_16CFG_386_20260610_132433_CFG002_CONFIG_03_-_B3F_AVG4_ADC16384;configurations;RIGHT;CONFIG 03 - B3F_AVG4_ADC16384;545;13.677509;10319;27654;32.26;2326;-0.84952;0.35169;0;0;0;;;;
BLOQUE_16CFG_386_20260610_132433_CFG002_CONFIG_03_-_B3F_AVG4_ADC16384;386;BLOQUE_16CFG_386_20260610_132433_CFG002_CONFIG_03_-_B3F_AVG4_ADC16384;configurations;RIGHT;CONFIG 03 - B3F_AVG4_ADC16384;546;13.697574;10320;27661;32.99;2353;-0.83991;0.29873;0;0;0;;;;
BLOQUE_16CFG_386_20260610_132433_CFG002_CONFIG_03_-_B3F_AVG4_ADC16384;386;BLOQUE_16CFG_386_20260610_132433_CFG002_CONFIG_03_-_B3F_AVG4_ADC16384;configurations;RIGHT;CONFIG 03 - B3F_AVG4_ADC16384;547;13.727819;10322;27658;33.37;2367;-0.39167;0.40881;0;0;0;;;;
BLOQUE_16CFG_386_20260610_132433_CFG002_CONFIG_03_-_B3F_AVG4_ADC16384;386;BLOQUE_16CFG_386_20260610_132433_CFG002_CONFIG_03_-_B3F_AVG4_ADC16384;configurations;RIGHT;CONFIG 03 - B3F_AVG4_ADC16384;548;13.747441;10324;27657;32.80;2346;-0.37140;0.48278;0;0;0;;;;
BLOQUE_16CFG_386_20260610_132433_CFG002_CONFIG_03_-_B3F_AVG4_ADC16384;386;BLOQUE_16CFG_386_20260610_132433_CFG002_CONFIG_03_-_B3F_AVG4_ADC16384;configurations;RIGHT;CONFIG 03 - B3F_AVG4_ADC16384;549;13.777927;10320;27662;32.72;2343;-0.62113;0.57273;0;0;0;;;;
BLOQUE_16CFG_386_20260610_132433_CFG002_CONFIG_03_-_B3F_AVG4_ADC16384;386;BLOQUE_16CFG_386_20260610_132433_CFG002_CONFIG_03_-_B3F_AVG4_ADC16384;configurations;RIGHT;CONFIG 03 - B3F_AVG4_ADC16384;550;13.798079;10319;27660;32.64;2340;-0.61793;0.50094;0;0;1;;;;
BLOQUE_16CFG_386_20260610_132433_CFG002_CONFIG_03_-_B3F_AVG4_ADC16384;386;BLOQUE_16CFG_386_20260610_132433_CFG002_CONFIG_03_-_B3F_AVG4_ADC16384;configurations;RIGHT;CONFIG 03 - B3F_AVG4_ADC16384;551;13.828357;10324;27650;33.10;2357;-0.62113;0.28713;0;0;0;;;;
BLOQUE_16CFG_386_20260610_132433_CFG002_CONFIG_03_-_B3F_AVG4_ADC16384;386;BLOQUE_16CFG_386_20260610_132433_CFG002_CONFIG_03_-_B3F_AVG4_ADC16384;configurations;RIGHT;CONFIG 03 - B3F_AVG4_ADC16384;552;13.848015;10320;27647;32.34;2329;-0.01281;0.28494;0;0;0;;;;
BLOQUE_16CFG_386_20260610_132433_CFG002_CONFIG_03_-_B3F_AVG4_ADC16384;386;BLOQUE_16CFG_386_20260610_132433_CFG002_CONFIG_03_-_B3F_AVG4_ADC16384;configurations;RIGHT;CONFIG 03 - B3F_AVG4_ADC16384;553;13.878508;10326;27657;32.23;2325;-0.44610;0.37095;0;0;0;;;;
BLOQUE_16CFG_386_20260610_132433_CFG002_CONFIG_03_-_B3F_AVG4_ADC16384;386;BLOQUE_16CFG_386_20260610_132433_CFG002_CONFIG_03_-_B3F_AVG4_ADC16384;configurations;RIGHT;CONFIG 03 - B3F_AVG4_ADC16384;554;13.898373;10319;27652;32.83;2347;-0.27001;0.26152;0;0;0;;;;
BLOQUE_16CFG_386_20260610_132433_CFG002_CONFIG_03_-_B3F_AVG4_ADC16384;386;BLOQUE_16CFG_386_20260610_132433_CFG002_CONFIG_03_-_B3F_AVG4_ADC16384;configurations;RIGHT;CONFIG 03 - B3F_AVG4_ADC16384;555;13.928898;10322;27638;32.55;2337;-0.61259;-0.09192;0;0;0;;;;
BLOQUE_16CFG_386_20260610_132433_CFG002_CONFIG_03_-_B3F_AVG4_ADC16384;386;BLOQUE_16CFG_386_20260610_132433_CFG002_CONFIG_03_-_B3F_AVG4_ADC16384;configurations;RIGHT;CONFIG 03 - B3F_AVG4_ADC16384;556;13.949250;10322;27634;33.23;2362;-0.25400;-0.23242;0;0;0;;;;
BLOQUE_16CFG_386_20260610_132433_CFG002_CONFIG_03_-_B3F_AVG4_ADC16384;386;BLOQUE_16CFG_386_20260610_132433_CFG002_CONFIG_03_-_B3F_AVG4_ADC16384;configurations;RIGHT;CONFIG 03 - B3F_AVG4_ADC16384;557;13.979206;10323;27641;32.72;2343;0.35112;-0.14028;0;0;0;;;;
BLOQUE_16CFG_386_20260610_132433_CFG002_CONFIG_03_-_B3F_AVG4_ADC16384;386;BLOQUE_16CFG_386_20260610_132433_CFG002_CONFIG_03_-_B3F_AVG4_ADC16384;configurations;RIGHT;CONFIG 03 - B3F_AVG4_ADC16384;558;13.999507;10329;27640;32.66;2341;0.17609;0.05953;0;0;0;;;;
BLOQUE_16CFG_386_20260610_132433_CFG002_CONFIG_03_-_B3F_AVG4_ADC16384;386;BLOQUE_16CFG_386_20260610_132433_CFG002_CONFIG_03_-_B3F_AVG4_ADC16384;configurations;RIGHT;CONFIG 03 - B3F_AVG4_ADC16384;559;14.029391;10320;27642;33.04;2355;-0.00640;0.11993;0;0;0;;;;
BLOQUE_16CFG_386_20260610_132433_CFG002_CONFIG_03_-_B3F_AVG4_ADC16384;386;BLOQUE_16CFG_386_20260610_132433_CFG002_CONFIG_03_-_B3F_AVG4_ADC16384;configurations;RIGHT;CONFIG 03 - B3F_AVG4_ADC16384;560;14.049067;10321;27641;33.26;2363;-0.35539;0.07485;0;0;0;;;;
BLOQUE_16CFG_386_20260610_132433_CFG002_CONFIG_03_-_B3F_AVG4_ADC16384;386;BLOQUE_16CFG_386_20260610_132433_CFG002_CONFIG_03_-_B3F_AVG4_ADC16384;configurations;RIGHT;CONFIG 03 - B3F_AVG4_ADC16384;561;14.079735;10325;27634;33.15;2359;0.23799;-0.07594;0;0;0;;;;
BLOQUE_16CFG_386_20260610_132433_CFG002_CONFIG_03_-_B3F_AVG4_ADC16384;386;BLOQUE_16CFG_386_20260610_132433_CFG002_CONFIG_03_-_B3F_AVG4_ADC16384;configurations;RIGHT;CONFIG 03 - B3F_AVG4_ADC16384;562;14.100271;10327;27630;33.13;2358;0.49093;0.00460;0;0;0;;;;
BLOQUE_16CFG_386_20260610_132433_CFG002_CONFIG_03_-_B3F_AVG4_ADC16384;386;BLOQUE_16CFG_386_20260610_132433_CFG002_CONFIG_03_-_B3F_AVG4_ADC16384;configurations;RIGHT;CONFIG 03 - B3F_AVG4_ADC16384;563;14.129963;10324;27642;33.23;2362;0.56883;0.10483;0;0;0;;;;
BLOQUE_16CFG_386_20260610_132433_CFG002_CONFIG_03_-_B3F_AVG4_ADC16384;386;BLOQUE_16CFG_386_20260610_132433_CFG002_CONFIG_03_-_B3F_AVG4_ADC16384;configurations;RIGHT;CONFIG 03 - B3F_AVG4_ADC16384;564;14.149584;10326;27636;32.88;2349;0.04803;0.18712;0;0;0;;;;
BLOQUE_16CFG_386_20260610_132433_CFG002_CONFIG_03_-_B3F_AVG4_ADC16384;386;BLOQUE_16CFG_386_20260610_132433_CFG002_CONFIG_03_-_B3F_AVG4_ADC16384;configurations;RIGHT;CONFIG 03 - B3F_AVG4_ADC16384;565;14.180328;10321;27631;33.15;2359;-0.13767;0.10811;0;0;0;;;;
BLOQUE_16CFG_386_20260610_132433_CFG002_CONFIG_03_-_B3F_AVG4_ADC16384;386;BLOQUE_16CFG_386_20260610_132433_CFG002_CONFIG_03_-_B3F_AVG4_ADC16384;configurations;RIGHT;CONFIG 03 - B3F_AVG4_ADC16384;566;14.200324;10322;27634;32.66;2341;-0.32124;0.18405;0;0;0;;;;
BLOQUE_16CFG_386_20260610_132433_CFG002_CONFIG_03_-_B3F_AVG4_ADC16384;386;BLOQUE_16CFG_386_20260610_132433_CFG002_CONFIG_03_-_B3F_AVG4_ADC16384;configurations;RIGHT;CONFIG 03 - B3F_AVG4_ADC16384;567;14.230553;10324;27637;32.55;2337;-0.07364;0.25890;0;0;0;;;;
BLOQUE_16CFG_386_20260610_132433_CFG002_CONFIG_03_-_B3F_AVG4_ADC16384;386;BLOQUE_16CFG_386_20260610_132433_CFG002_CONFIG_03_-_B3F_AVG4_ADC16384;configurations;RIGHT;CONFIG 03 - B3F_AVG4_ADC16384;568;14.250927;10324;27632;32.88;2349;-0.16435;0.17508;0;0;0;;;;
BLOQUE_16CFG_386_20260610_132433_CFG002_CONFIG_03_-_B3F_AVG4_ADC16384;386;BLOQUE_16CFG_386_20260610_132433_CFG002_CONFIG_03_-_B3F_AVG4_ADC16384;configurations;RIGHT;CONFIG 03 - B3F_AVG4_ADC16384;569;14.280928;10321;27626;32.26;2326;-0.08858;0.02123;0;0;0;;;;
BLOQUE_16CFG_386_20260610_132433_CFG002_CONFIG_03_-_B3F_AVG4_ADC16384;386;BLOQUE_16CFG_386_20260610_132433_CFG002_CONFIG_03_-_B3F_AVG4_ADC16384;configurations;RIGHT;CONFIG 03 - B3F_AVG4_ADC16384;570;14.300422;10325;27625;32.74;2344;0.07150;0.05887;0;0;0;;;;
BLOQUE_16CFG_386_20260610_132433_CFG002_CONFIG_03_-_B3F_AVG4_ADC16384;386;BLOQUE_16CFG_386_20260610_132433_CFG002_CONFIG_03_-_B3F_AVG4_ADC16384;configurations;RIGHT;CONFIG 03 - B3F_AVG4_ADC16384;571;14.331273;10326;27631;33.02;2354;0.48239;0.20068;0;0;0;;;;
BLOQUE_16CFG_386_20260610_132433_CFG002_CONFIG_03_-_B3F_AVG4_ADC16384;386;BLOQUE_16CFG_386_20260610_132433_CFG002_CONFIG_03_-_B3F_AVG4_ADC16384;configurations;RIGHT;CONFIG 03 - B3F_AVG4_ADC16384;572;14.351425;10326;27631;32.91;2350;0.20598;0.18033;0;0;0;;;;
BLOQUE_16CFG_386_20260610_132433_CFG002_CONFIG_03_-_B3F_AVG4_ADC16384;386;BLOQUE_16CFG_386_20260610_132433_CFG002_CONFIG_03_-_B3F_AVG4_ADC16384;configurations;RIGHT;CONFIG 03 - B3F_AVG4_ADC16384;573;14.381389;10322;27621;32.66;2341;0.01387;-0.03589;0;0;0;;;;
BLOQUE_16CFG_386_20260610_132433_CFG002_CONFIG_03_-_B3F_AVG4_ADC16384;386;BLOQUE_16CFG_386_20260610_132433_CFG002_CONFIG_03_-_B3F_AVG4_ADC16384;configurations;RIGHT;CONFIG 03 - B3F_AVG4_ADC16384;574;14.402089;10324;27616;32.15;2322;-0.00000;-0.07660;0;0;0;;;;
BLOQUE_16CFG_386_20260610_132433_CFG002_CONFIG_03_-_B3F_AVG4_ADC16384;386;BLOQUE_16CFG_386_20260610_132433_CFG002_CONFIG_03_-_B3F_AVG4_ADC16384;configurations;RIGHT;CONFIG 03 - B3F_AVG4_ADC16384;575;14.431690;10326;27626;32.74;2344;0.41515;-0.01182;0;0;0;;;;
BLOQUE_16CFG_386_20260610_132433_CFG002_CONFIG_03_-_B3F_AVG4_ADC16384;386;BLOQUE_16CFG_386_20260610_132433_CFG002_CONFIG_03_-_B3F_AVG4_ADC16384;configurations;RIGHT;CONFIG 03 - B3F_AVG4_ADC16384;576;14.452215;10327;27622;32.93;2351;0.22092;-0.07375;0;0;0;;;;
BLOQUE_16CFG_386_20260610_132433_CFG002_CONFIG_03_-_B3F_AVG4_ADC16384;386;BLOQUE_16CFG_386_20260610_132433_CFG002_CONFIG_03_-_B3F_AVG4_ADC16384;configurations;RIGHT;CONFIG 03 - B3F_AVG4_ADC16384;577;14.481977;10322;27610;32.55;2337;-0.23906;-0.31470;0;0;0;;;;
BLOQUE_16CFG_386_20260610_132433_CFG002_CONFIG_03_-_B3F_AVG4_ADC16384;386;BLOQUE_16CFG_386_20260610_132433_CFG002_CONFIG_03_-_B3F_AVG4_ADC16384;configurations;RIGHT;CONFIG 03 - B3F_AVG4_ADC16384;578;14.502146;10321;27610;32.93;2351;-0.35112;-0.32411;0;0;0;;;;
BLOQUE_16CFG_386_20260610_132433_CFG002_CONFIG_03_-_B3F_AVG4_ADC16384;386;BLOQUE_16CFG_386_20260610_132433_CFG002_CONFIG_03_-_B3F_AVG4_ADC16384;configurations;RIGHT;CONFIG 03 - B3F_AVG4_ADC16384;579;14.532321;10326;27619;32.42;2332;-0.11206;-0.18777;0;0;0;;;;
BLOQUE_16CFG_386_20260610_132433_CFG002_CONFIG_03_-_B3F_AVG4_ADC16384;386;BLOQUE_16CFG_386_20260610_132433_CFG002_CONFIG_03_-_B3F_AVG4_ADC16384;configurations;RIGHT;CONFIG 03 - B3F_AVG4_ADC16384;580;14.552047;10325;27615;32.80;2346;-0.03735;-0.13700;0;0;0;;;;
BLOQUE_16CFG_386_20260610_132433_CFG002_CONFIG_03_-_B3F_AVG4_ADC16384;386;BLOQUE_16CFG_386_20260610_132433_CFG002_CONFIG_03_-_B3F_AVG4_ADC16384;configurations;RIGHT;CONFIG 03 - B3F_AVG4_ADC16384;581;14.582614;10322;27610;32.83;2347;-0.22519;-0.24358;0;0;0;;;;
BLOQUE_16CFG_386_20260610_132433_CFG002_CONFIG_03_-_B3F_AVG4_ADC16384;386;BLOQUE_16CFG_386_20260610_132433_CFG002_CONFIG_03_-_B3F_AVG4_ADC16384;configurations;RIGHT;CONFIG 03 - B3F_AVG4_ADC16384;582;14.602956;10324;27610;32.69;2342;-0.15368;-0.33265;0;0;0;;;;
BLOQUE_16CFG_386_20260610_132433_CFG002_CONFIG_03_-_B3F_AVG4_ADC16384;386;BLOQUE_16CFG_386_20260610_132433_CFG002_CONFIG_03_-_B3F_AVG4_ADC16384;configurations;RIGHT;CONFIG 03 - B3F_AVG4_ADC16384;583;14.633008;10326;27607;32.83;2347;0.34365;-0.35060;0;0;0;;;;
BLOQUE_16CFG_386_20260610_132433_CFG002_CONFIG_03_-_B3F_AVG4_ADC16384;386;BLOQUE_16CFG_386_20260610_132433_CFG002_CONFIG_03_-_B3F_AVG4_ADC16384;configurations;RIGHT;CONFIG 03 - B3F_AVG4_ADC16384;584;14.653246;10328;27606;33.04;2355;0.67556;-0.18996;0;0;0;;;;
BLOQUE_16CFG_386_20260610_132433_CFG002_CONFIG_03_-_B3F_AVG4_ADC16384;386;BLOQUE_16CFG_386_20260610_132433_CFG002_CONFIG_03_-_B3F_AVG4_ADC16384;configurations;RIGHT;CONFIG 03 - B3F_AVG4_ADC16384;585;14.683122;10328;27616;32.99;2353;1.09178;-0.09826;0;0;0;;;;
BLOQUE_16CFG_386_20260610_132433_CFG002_CONFIG_03_-_B3F_AVG4_ADC16384;386;BLOQUE_16CFG_386_20260610_132433_CFG002_CONFIG_03_-_B3F_AVG4_ADC16384;configurations;RIGHT;CONFIG 03 - B3F_AVG4_ADC16384;586;14.703902;10331;27609;32.36;2330;0.73105;-0.00678;0;0;0;;;;
BLOQUE_16CFG_386_20260610_132433_CFG002_CONFIG_03_-_B3F_AVG4_ADC16384;386;BLOQUE_16CFG_386_20260610_132433_CFG002_CONFIG_03_-_B3F_AVG4_ADC16384;configurations;RIGHT;CONFIG 03 - B3F_AVG4_ADC16384;587;14.733611;10324;27608;33.21;2361;0.36393;-0.14707;0;0;0;;;;
BLOQUE_16CFG_386_20260610_132433_CFG002_CONFIG_03_-_B3F_AVG4_ADC16384;386;BLOQUE_16CFG_386_20260610_132433_CFG002_CONFIG_03_-_B3F_AVG4_ADC16384;configurations;RIGHT;CONFIG 03 - B3F_AVG4_ADC16384;588;14.753754;10324;27605;32.12;2321;-0.08111;-0.12846;0;0;0;;;;
BLOQUE_16CFG_386_20260610_132433_CFG002_CONFIG_03_-_B3F_AVG4_ADC16384;386;BLOQUE_16CFG_386_20260610_132433_CFG002_CONFIG_03_-_B3F_AVG4_ADC16384;configurations;RIGHT;CONFIG 03 - B3F_AVG4_ADC16384;589;14.783779;10326;27607;33.92;2387;0.42903;-0.10745;0;0;0;;;;
BLOQUE_16CFG_386_20260610_132433_CFG002_CONFIG_03_-_B3F_AVG4_ADC16384;386;BLOQUE_16CFG_386_20260610_132433_CFG002_CONFIG_03_-_B3F_AVG4_ADC16384;configurations;RIGHT;CONFIG 03 - B3F_AVG4_ADC16384;590;14.804441;10330;27606;32.69;2342;0.42049;-0.08710;0;0;0;;;;
BLOQUE_16CFG_386_20260610_132433_CFG002_CONFIG_03_-_B3F_AVG4_ADC16384;386;BLOQUE_16CFG_386_20260610_132433_CFG002_CONFIG_03_-_B3F_AVG4_ADC16384;configurations;RIGHT;CONFIG 03 - B3F_AVG4_ADC16384;591;14.834153;10324;27603;33.18;2360;0.15048;-0.19346;0;0;0;;;;
BLOQUE_16CFG_386_20260610_132433_CFG002_CONFIG_03_-_B3F_AVG4_ADC16384;386;BLOQUE_16CFG_386_20260610_132433_CFG002_CONFIG_03_-_B3F_AVG4_ADC16384;configurations;RIGHT;CONFIG 03 - B3F_AVG4_ADC16384;592;14.854501;10323;27598;32.91;2350;-0.37993;-0.16195;0;0;0;;;;
BLOQUE_16CFG_386_20260610_132433_CFG002_CONFIG_03_-_B3F_AVG4_ADC16384;386;BLOQUE_16CFG_386_20260610_132433_CFG002_CONFIG_03_-_B3F_AVG4_ADC16384;configurations;RIGHT;CONFIG 03 - B3F_AVG4_ADC16384;593;14.884466;10324;27605;32.15;2322;0.22305;-0.11205;0;0;0;;;;
BLOQUE_16CFG_386_20260610_132433_CFG002_CONFIG_03_-_B3F_AVG4_ADC16384;386;BLOQUE_16CFG_386_20260610_132433_CFG002_CONFIG_03_-_B3F_AVG4_ADC16384;configurations;RIGHT;CONFIG 03 - B3F_AVG4_ADC16384;594;14.904714;10331;27603;33.40;2368;0.22092;0.02648;0;0;0;;;;
BLOQUE_16CFG_386_20260610_132433_CFG002_CONFIG_03_-_B3F_AVG4_ADC16384;386;BLOQUE_16CFG_386_20260610_132433_CFG002_CONFIG_03_-_B3F_AVG4_ADC16384;configurations;RIGHT;CONFIG 03 - B3F_AVG4_ADC16384;595;14.934610;10323;27603;32.53;2336;0.30950;-0.01423;0;0;0;;;;
BLOQUE_16CFG_386_20260610_132433_CFG002_CONFIG_03_-_B3F_AVG4_ADC16384;386;BLOQUE_16CFG_386_20260610_132433_CFG002_CONFIG_03_-_B3F_AVG4_ADC16384;configurations;RIGHT;CONFIG 03 - B3F_AVG4_ADC16384;596;14.954752;10325;27600;32.39;2331;-0.21345;0.02714;0;0;0;;;;
BLOQUE_16CFG_386_20260610_132433_CFG002_CONFIG_03_-_B3F_AVG4_ADC16384;386;BLOQUE_16CFG_386_20260610_132433_CFG002_CONFIG_03_-_B3F_AVG4_ADC16384;configurations;RIGHT;CONFIG 03 - B3F_AVG4_ADC16384;597;14.985085;10325;27603;32.66;2341;0.47385;0.01401;0;0;0;;;;
BLOQUE_16CFG_386_20260610_132433_CFG002_CONFIG_03_-_B3F_AVG4_ADC16384;386;BLOQUE_16CFG_386_20260610_132433_CFG002_CONFIG_03_-_B3F_AVG4_ADC16384;configurations;RIGHT;CONFIG 03 - B3F_AVG4_ADC16384;598;15.005326;10331;27600;32.80;2346;0.38847;-0.06959;0;0;0;;;;
BLOQUE_16CFG_386_20260610_132433_CFG002_CONFIG_03_-_B3F_AVG4_ADC16384;386;BLOQUE_16CFG_386_20260610_132433_CFG002_CONFIG_03_-_B3F_AVG4_ADC16384;configurations;RIGHT;CONFIG 03 - B3F_AVG4_ADC16384;599;15.035321;10324;27593;33.02;2354;0.38741;-0.29194;0;0;0;;;;
BLOQUE_16CFG_386_20260610_132433_CFG002_CONFIG_03_-_B3F_AVG4_ADC16384;386;BLOQUE_16CFG_386_20260610_132433_CFG002_CONFIG_03_-_B3F_AVG4_ADC16384;configurations;RIGHT;CONFIG 03 - B3F_AVG4_ADC16384;600;15.055659;10325;27588;33.07;2356;-0.04909;-0.42413;0;0;0;;;;
BLOQUE_16CFG_386_20260610_132433_CFG002_CONFIG_03_-_B3F_AVG4_ADC16384;386;BLOQUE_16CFG_386_20260610_132433_CFG002_CONFIG_03_-_B3F_AVG4_ADC16384;configurations;RIGHT;CONFIG 03 - B3F_AVG4_ADC16384;601;15.085611;10326;27590;32.93;2351;0.72358;-0.50291;0;0;0;;;;
BLOQUE_16CFG_386_20260610_132433_CFG002_CONFIG_03_-_B3F_AVG4_ADC16384;386;BLOQUE_16CFG_386_20260610_132433_CFG002_CONFIG_03_-_B3F_AVG4_ADC16384;configurations;RIGHT;CONFIG 03 - B3F_AVG4_ADC16384;602;15.106184;10333;27586;32.53;2336;0.55389;-0.53180;0;0;0;;;;
BLOQUE_16CFG_386_20260610_132433_CFG002_CONFIG_03_-_B3F_AVG4_ADC16384;386;BLOQUE_16CFG_386_20260610_132433_CFG002_CONFIG_03_-_B3F_AVG4_ADC16384;configurations;RIGHT;CONFIG 03 - B3F_AVG4_ADC16384;603;15.135976;10323;27584;32.93;2351;0.38420;-0.57842;0;0;0;;;;
BLOQUE_16CFG_386_20260610_132433_CFG002_CONFIG_03_-_B3F_AVG4_ADC16384;386;BLOQUE_16CFG_386_20260610_132433_CFG002_CONFIG_03_-_B3F_AVG4_ADC16384;configurations;RIGHT;CONFIG 03 - B3F_AVG4_ADC16384;604;15.155651;10324;27585;31.85;2311;-0.30736;-0.51845;0;0;0;;;;
BLOQUE_16CFG_386_20260610_132433_CFG002_CONFIG_03_-_B3F_AVG4_ADC16384;386;BLOQUE_16CFG_386_20260610_132433_CFG002_CONFIG_03_-_B3F_AVG4_ADC16384;configurations;RIGHT;CONFIG 03 - B3F_AVG4_ADC16384;605;15.186247;10325;27587;32.15;2322;0.28602;-0.43726;0;0;0;;;;
BLOQUE_16CFG_386_20260610_132433_CFG002_CONFIG_03_-_B3F_AVG4_ADC16384;386;BLOQUE_16CFG_386_20260610_132433_CFG002_CONFIG_03_-_B3F_AVG4_ADC16384;configurations;RIGHT;CONFIG 03 - B3F_AVG4_ADC16384;606;15.206315;10330;27586;33.23;2362;0.18890;-0.25255;0;0;0;;;;
BLOQUE_16CFG_386_20260610_132433_CFG002_CONFIG_03_-_B3F_AVG4_ADC16384;386;BLOQUE_16CFG_386_20260610_132433_CFG002_CONFIG_03_-_B3F_AVG4_ADC16384;configurations;RIGHT;CONFIG 03 - B3F_AVG4_ADC16384;607;15.236437;10323;27593;32.85;2348;0.17396;-0.13963;0;0;0;;;;
BLOQUE_16CFG_386_20260610_132433_CFG002_CONFIG_03_-_B3F_AVG4_ADC16384;386;BLOQUE_16CFG_386_20260610_132433_CFG002_CONFIG_03_-_B3F_AVG4_ADC16384;configurations;RIGHT;CONFIG 03 - B3F_AVG4_ADC16384;608;15.256660;10325;27591;32.83;2347;-0.00961;-0.06281;0;0;0;;;;
BLOQUE_16CFG_386_20260610_132433_CFG002_CONFIG_03_-_B3F_AVG4_ADC16384;386;BLOQUE_16CFG_386_20260610_132433_CFG002_CONFIG_03_-_B3F_AVG4_ADC16384;configurations;RIGHT;CONFIG 03 - B3F_AVG4_ADC16384;609;15.286656;10328;27588;32.69;2342;0.32124;-0.14510;0;0;0;;;;
BLOQUE_16CFG_386_20260610_132433_CFG002_CONFIG_03_-_B3F_AVG4_ADC16384;386;BLOQUE_16CFG_386_20260610_132433_CFG002_CONFIG_03_-_B3F_AVG4_ADC16384;configurations;RIGHT;CONFIG 03 - B3F_AVG4_ADC16384;610;15.306914;10327;27586;32.85;2348;0.13554;-0.12431;0;0;0;;;;
BLOQUE_16CFG_386_20260610_132433_CFG002_CONFIG_03_-_B3F_AVG4_ADC16384;386;BLOQUE_16CFG_386_20260610_132433_CFG002_CONFIG_03_-_B3F_AVG4_ADC16384;configurations;RIGHT;CONFIG 03 - B3F_AVG4_ADC16384;611;15.337087;10323;27590;32.58;2338;0.30203;-0.14028;0;0;0;;;;
BLOQUE_16CFG_386_20260610_132433_CFG002_CONFIG_03_-_B3F_AVG4_ADC16384;386;BLOQUE_16CFG_386_20260610_132433_CFG002_CONFIG_03_-_B3F_AVG4_ADC16384;configurations;RIGHT;CONFIG 03 - B3F_AVG4_ADC16384;612;15.357689;10330;27585;32.50;2335;0.30096;-0.03239;0;0;0;;;;
BLOQUE_16CFG_386_20260610_132433_CFG002_CONFIG_03_-_B3F_AVG4_ADC16384;386;BLOQUE_16CFG_386_20260610_132433_CFG002_CONFIG_03_-_B3F_AVG4_ADC16384;configurations;RIGHT;CONFIG 03 - B3F_AVG4_ADC16384;613;15.387394;10327;27590;32.28;2327;0.72465;0.02232;0;0;0;;;;
BLOQUE_16CFG_386_20260610_132433_CFG002_CONFIG_03_-_B3F_AVG4_ADC16384;386;BLOQUE_16CFG_386_20260610_132433_CFG002_CONFIG_03_-_B3F_AVG4_ADC16384;configurations;RIGHT;CONFIG 03 - B3F_AVG4_ADC16384;614;15.407354;10328;27591;32.26;2326;0.19210;0.05581;0;0;0;;;;
BLOQUE_16CFG_386_20260610_132433_CFG002_CONFIG_03_-_B3F_AVG4_ADC16384;386;BLOQUE_16CFG_386_20260610_132433_CFG002_CONFIG_03_-_B3F_AVG4_ADC16384;configurations;RIGHT;CONFIG 03 - B3F_AVG4_ADC16384;615;15.437658;10324;27585;33.37;2367;0.17930;0.01795;0;0;0;;;;
BLOQUE_16CFG_386_20260610_132433_CFG002_CONFIG_03_-_B3F_AVG4_ADC16384;386;BLOQUE_16CFG_386_20260610_132433_CFG002_CONFIG_03_-_B3F_AVG4_ADC16384;configurations;RIGHT;CONFIG 03 - B3F_AVG4_ADC16384;616;15.457177;10327;27586;32.88;2349;0.17289;0.12080;0;0;0;;;;
BLOQUE_16CFG_386_20260610_132433_CFG002_CONFIG_03_-_B3F_AVG4_ADC16384;386;BLOQUE_16CFG_386_20260610_132433_CFG002_CONFIG_03_-_B3F_AVG4_ADC16384;configurations;RIGHT;CONFIG 03 - B3F_AVG4_ADC16384;617;15.487886;10328;27595;32.72;2343;0.59338;0.25649;0;0;0;;;;
BLOQUE_16CFG_386_20260610_132433_CFG002_CONFIG_03_-_B3F_AVG4_ADC16384;386;BLOQUE_16CFG_386_20260610_132433_CFG002_CONFIG_03_-_B3F_AVG4_ADC16384;configurations;RIGHT;CONFIG 03 - B3F_AVG4_ADC16384;618;15.507847;10329;27591;32.96;2352;0.57097;0.26306;0;0;0;;;;
BLOQUE_16CFG_386_20260610_132433_CFG002_CONFIG_03_-_B3F_AVG4_ADC16384;386;BLOQUE_16CFG_386_20260610_132433_CFG002_CONFIG_03_-_B3F_AVG4_ADC16384;configurations;RIGHT;CONFIG 03 - B3F_AVG4_ADC16384;619;15.538149;10327;27585;31.99;2316;0.11419;0.09148;0;0;0;;;;
BLOQUE_16CFG_386_20260610_132433_CFG002_CONFIG_03_-_B3F_AVG4_ADC16384;386;BLOQUE_16CFG_386_20260610_132433_CFG002_CONFIG_03_-_B3F_AVG4_ADC16384;configurations;RIGHT;CONFIG 03 - B3F_AVG4_ADC16384;620;15.558266;10323;27584;32.01;2317;-0.68410;-0.09761;0;0;0;;;;
BLOQUE_16CFG_386_20260610_132433_CFG002_CONFIG_03_-_B3F_AVG4_ADC16384;386;BLOQUE_16CFG_386_20260610_132433_CFG002_CONFIG_03_-_B3F_AVG4_ADC16384;configurations;RIGHT;CONFIG 03 - B3F_AVG4_ADC16384;621;15.588545;10320;27579;32.72;2343;-0.87513;-0.25124;0;0;0;;;;
BLOQUE_16CFG_386_20260610_132433_CFG002_CONFIG_03_-_B3F_AVG4_ADC16384;386;BLOQUE_16CFG_386_20260610_132433_CFG002_CONFIG_03_-_B3F_AVG4_ADC16384;configurations;RIGHT;CONFIG 03 - B3F_AVG4_ADC16384;622;15.608063;10325;27575;32.80;2346;-0.63820;-0.31974;0;0;0;;;;
BLOQUE_16CFG_386_20260610_132433_CFG002_CONFIG_03_-_B3F_AVG4_ADC16384;386;BLOQUE_16CFG_386_20260610_132433_CFG002_CONFIG_03_-_B3F_AVG4_ADC16384;configurations;RIGHT;CONFIG 03 - B3F_AVG4_ADC16384;623;15.638842;10326;27579;33.32;2365;0.28602;-0.23023;0;0;0;;;;
BLOQUE_16CFG_386_20260610_132433_CFG002_CONFIG_03_-_B3F_AVG4_ADC16384;386;BLOQUE_16CFG_386_20260610_132433_CFG002_CONFIG_03_-_B3F_AVG4_ADC16384;configurations;RIGHT;CONFIG 03 - B3F_AVG4_ADC16384;624;15.658911;10331;27583;33.04;2355;0.00107;-0.22957;0;0;0;;;;
BLOQUE_16CFG_386_20260610_132433_CFG002_CONFIG_03_-_B3F_AVG4_ADC16384;386;BLOQUE_16CFG_386_20260610_132433_CFG002_CONFIG_03_-_B3F_AVG4_ADC16384;configurations;RIGHT;CONFIG 03 - B3F_AVG4_ADC16384;625;15.689122;10322;27574;32.99;2353;-0.02455;-0.38495;0;0;0;;;;
BLOQUE_16CFG_386_20260610_132433_CFG002_CONFIG_03_-_B3F_AVG4_ADC16384;386;BLOQUE_16CFG_386_20260610_132433_CFG002_CONFIG_03_-_B3F_AVG4_ADC16384;configurations;RIGHT;CONFIG 03 - B3F_AVG4_ADC16384;626;15.709402;10326;27569;32.53;2336;-0.38314;-0.41362;0;0;0;;;;
BLOQUE_16CFG_386_20260610_132433_CFG002_CONFIG_03_-_B3F_AVG4_ADC16384;386;BLOQUE_16CFG_386_20260610_132433_CFG002_CONFIG_03_-_B3F_AVG4_ADC16384;configurations;RIGHT;CONFIG 03 - B3F_AVG4_ADC16384;627;15.739318;10327;27580;32.15;2322;0.12166;-0.38867;0;0;0;;;;
BLOQUE_16CFG_386_20260610_132433_CFG002_CONFIG_03_-_B3F_AVG4_ADC16384;386;BLOQUE_16CFG_386_20260610_132433_CFG002_CONFIG_03_-_B3F_AVG4_ADC16384;configurations;RIGHT;CONFIG 03 - B3F_AVG4_ADC16384;628;15.758983;10328;27574;32.74;2344;-0.15155;-0.26087;0;0;0;;;;
BLOQUE_16CFG_386_20260610_132433_CFG002_CONFIG_03_-_B3F_AVG4_ADC16384;386;BLOQUE_16CFG_386_20260610_132433_CFG002_CONFIG_03_-_B3F_AVG4_ADC16384;configurations;RIGHT;CONFIG 03 - B3F_AVG4_ADC16384;629;15.789631;10323;27575;31.42;2295;-0.52188;-0.41888;0;0;0;;;;
BLOQUE_16CFG_386_20260610_132433_CFG002_CONFIG_03_-_B3F_AVG4_ADC16384;386;BLOQUE_16CFG_386_20260610_132433_CFG002_CONFIG_03_-_B3F_AVG4_ADC16384;configurations;RIGHT;CONFIG 03 - B3F_AVG4_ADC16384;630;15.810043;10323;27570;32.91;2350;-0.79616;-0.31142;0;0;0;;;;
BLOQUE_16CFG_386_20260610_132433_CFG002_CONFIG_03_-_B3F_AVG4_ADC16384;386;BLOQUE_16CFG_386_20260610_132433_CFG002_CONFIG_03_-_B3F_AVG4_ADC16384;configurations;RIGHT;CONFIG 03 - B3F_AVG4_ADC16384;631;15.840089;10325;27579;32.93;2351;-0.63607;-0.20375;0;0;0;;;;
BLOQUE_16CFG_386_20260610_132433_CFG002_CONFIG_03_-_B3F_AVG4_ADC16384;386;BLOQUE_16CFG_386_20260610_132433_CFG002_CONFIG_03_-_B3F_AVG4_ADC16384;configurations;RIGHT;CONFIG 03 - B3F_AVG4_ADC16384;632;15.860600;10325;27580;31.96;2315;-0.56563;-0.13459;0;0;0;;;;
BLOQUE_16CFG_386_20260610_132433_CFG002_CONFIG_03_-_B3F_AVG4_ADC16384;386;BLOQUE_16CFG_386_20260610_132433_CFG002_CONFIG_03_-_B3F_AVG4_ADC16384;configurations;RIGHT;CONFIG 03 - B3F_AVG4_ADC16384;633;15.890257;10324;27573;32.99;2353;-0.76627;-0.22826;0;0;0;;;;
BLOQUE_16CFG_386_20260610_132433_CFG002_CONFIG_03_-_B3F_AVG4_ADC16384;386;BLOQUE_16CFG_386_20260610_132433_CFG002_CONFIG_03_-_B3F_AVG4_ADC16384;configurations;RIGHT;CONFIG 03 - B3F_AVG4_ADC16384;634;15.909915;10323;27573;32.18;2323;-1.22091;-0.18164;0;0;0;;;;
BLOQUE_16CFG_386_20260610_132433_CFG002_CONFIG_03_-_B3F_AVG4_ADC16384;386;BLOQUE_16CFG_386_20260610_132433_CFG002_CONFIG_03_-_B3F_AVG4_ADC16384;configurations;RIGHT;CONFIG 03 - B3F_AVG4_ADC16384;635;15.940570;10320;27582;33.02;2354;-1.41515;-0.16895;0;0;0;;;;
BLOQUE_16CFG_386_20260610_132433_CFG002_CONFIG_03_-_B3F_AVG4_ADC16384;386;BLOQUE_16CFG_386_20260610_132433_CFG002_CONFIG_03_-_B3F_AVG4_ADC16384;configurations;RIGHT;CONFIG 03 - B3F_AVG4_ADC16384;636;15.960366;10322;27573;32.01;2317;-1.25613;-0.03370;0;0;0;;;;
BLOQUE_16CFG_386_20260610_132433_CFG002_CONFIG_03_-_B3F_AVG4_ADC16384;386;BLOQUE_16CFG_386_20260610_132433_CFG002_CONFIG_03_-_B3F_AVG4_ADC16384;configurations;RIGHT;CONFIG 03 - B3F_AVG4_ADC16384;637;15.990767;10325;27580;32.72;2343;-0.93063;-0.11117;0;0;0;;;;
BLOQUE_16CFG_386_20260610_132433_CFG002_CONFIG_03_-_B3F_AVG4_ADC16384;386;BLOQUE_16CFG_386_20260610_132433_CFG002_CONFIG_03_-_B3F_AVG4_ADC16384;configurations;RIGHT;CONFIG 03 - B3F_AVG4_ADC16384;638;16.010864;10324;27577;32.15;2322;-0.77374;-0.10395;0;0;0;;;;
BLOQUE_16CFG_386_20260610_132433_CFG002_CONFIG_03_-_B3F_AVG4_ADC16384;386;BLOQUE_16CFG_386_20260610_132433_CFG002_CONFIG_03_-_B3F_AVG4_ADC16384;configurations;RIGHT;CONFIG 03 - B3F_AVG4_ADC16384;639;16.041132;10324;27573;32.91;2350;-0.79082;-0.20506;0;0;0;;;;
BLOQUE_16CFG_386_20260610_132433_CFG002_CONFIG_03_-_B3F_AVG4_ADC16384;386;BLOQUE_16CFG_386_20260610_132433_CFG002_CONFIG_03_-_B3F_AVG4_ADC16384;configurations;RIGHT;CONFIG 03 - B3F_AVG4_ADC16384;640;16.061237;10325;27574;32.20;2324;-0.72145;-0.33002;0;0;0;;;;
BLOQUE_16CFG_386_20260610_132433_CFG002_CONFIG_03_-_B3F_AVG4_ADC16384;386;BLOQUE_16CFG_386_20260610_132433_CFG002_CONFIG_03_-_B3F_AVG4_ADC16384;configurations;RIGHT;CONFIG 03 - B3F_AVG4_ADC16384;641;16.091342;10325;27570;31.91;2313;-1.00427;-0.45739;0;0;0;;;;
BLOQUE_16CFG_386_20260610_132433_CFG002_CONFIG_03_-_B3F_AVG4_ADC16384;386;BLOQUE_16CFG_386_20260610_132433_CFG002_CONFIG_03_-_B3F_AVG4_ADC16384;configurations;RIGHT;CONFIG 03 - B3F_AVG4_ADC16384;642;16.111208;10321;27566;33.04;2355;-1.10779;-0.41056;0;0;0;;;;
BLOQUE_16CFG_386_20260610_132433_CFG002_CONFIG_03_-_B3F_AVG4_ADC16384;386;BLOQUE_16CFG_386_20260610_132433_CFG002_CONFIG_03_-_B3F_AVG4_ADC16384;configurations;RIGHT;CONFIG 03 - B3F_AVG4_ADC16384;643;16.141807;10324;27577;32.91;2350;-0.86766;-0.40027;0;0;0;;;;
BLOQUE_16CFG_386_20260610_132433_CFG002_CONFIG_03_-_B3F_AVG4_ADC16384;386;BLOQUE_16CFG_386_20260610_132433_CFG002_CONFIG_03_-_B3F_AVG4_ADC16384;configurations;RIGHT;CONFIG 03 - B3F_AVG4_ADC16384;644;16.161281;10328;27571;34.09;2393;-0.54215;-0.39371;0;0;0;;;;
BLOQUE_16CFG_386_20260610_132433_CFG002_CONFIG_03_-_B3F_AVG4_ADC16384;386;BLOQUE_16CFG_386_20260610_132433_CFG002_CONFIG_03_-_B3F_AVG4_ADC16384;configurations;RIGHT;CONFIG 03 - B3F_AVG4_ADC16384;645;16.191998;10325;27567;32.12;2321;-0.14087;-0.67340;0;0;0;;;;
BLOQUE_16CFG_386_20260610_132433_CFG002_CONFIG_03_-_B3F_AVG4_ADC16384;386;BLOQUE_16CFG_386_20260610_132433_CFG002_CONFIG_03_-_B3F_AVG4_ADC16384;configurations;RIGHT;CONFIG 03 - B3F_AVG4_ADC16384;646;16.212455;10329;27562;32.85;2348;-0.43116;-0.60140;0;0;0;;;;
BLOQUE_16CFG_386_20260610_132433_CFG002_CONFIG_03_-_B3F_AVG4_ADC16384;386;BLOQUE_16CFG_386_20260610_132433_CFG002_CONFIG_03_-_B3F_AVG4_ADC16384;configurations;RIGHT;CONFIG 03 - B3F_AVG4_ADC16384;647;16.242257;10325;27576;32.77;2345;-0.29242;-0.52764;0;0;0;;;;
BLOQUE_16CFG_386_20260610_132433_CFG002_CONFIG_03_-_B3F_AVG4_ADC16384;386;BLOQUE_16CFG_386_20260610_132433_CFG002_CONFIG_03_-_B3F_AVG4_ADC16384;configurations;RIGHT;CONFIG 03 - B3F_AVG4_ADC16384;648;16.262653;10327;27572;33.21;2361;-0.41409;-0.47031;0;0;0;;;;
BLOQUE_16CFG_386_20260610_132433_CFG002_CONFIG_03_-_B3F_AVG4_ADC16384;386;BLOQUE_16CFG_386_20260610_132433_CFG002_CONFIG_03_-_B3F_AVG4_ADC16384;configurations;RIGHT;CONFIG 03 - B3F_AVG4_ADC16384;649;16.292653;10328;27566;32.93;2351;-0.18677;-0.66005;0;0;0;;;;
BLOQUE_16CFG_386_20260610_132433_CFG002_CONFIG_03_-_B3F_AVG4_ADC16384;386;BLOQUE_16CFG_386_20260610_132433_CFG002_CONFIG_03_-_B3F_AVG4_ADC16384;configurations;RIGHT;CONFIG 03 - B3F_AVG4_ADC16384;650;16.313254;10328;27566;32.04;2318;-0.30309;-0.62328;0;0;0;;;;
BLOQUE_16CFG_386_20260610_132433_CFG002_CONFIG_03_-_B3F_AVG4_ADC16384;386;BLOQUE_16CFG_386_20260610_132433_CFG002_CONFIG_03_-_B3F_AVG4_ADC16384;configurations;RIGHT;CONFIG 03 - B3F_AVG4_ADC16384;651;16.342828;10326;27575;32.28;2327;-0.68730;-0.55456;0;0;0;;;;
BLOQUE_16CFG_386_20260610_132433_CFG002_CONFIG_03_-_B3F_AVG4_ADC16384;386;BLOQUE_16CFG_386_20260610_132433_CFG002_CONFIG_03_-_B3F_AVG4_ADC16384;configurations;RIGHT;CONFIG 03 - B3F_AVG4_ADC16384;652;16.362565;10324;27571;32.47;2334;-0.72572;-0.47009;0;0;0;;;;
BLOQUE_16CFG_386_20260610_132433_CFG002_CONFIG_03_-_B3F_AVG4_ADC16384;386;BLOQUE_16CFG_386_20260610_132433_CFG002_CONFIG_03_-_B3F_AVG4_ADC16384;configurations;RIGHT;CONFIG 03 - B3F_AVG4_ADC16384;653;16.393140;10328;27572;31.93;2314;-0.41729;-0.56113;0;0;0;;;;
BLOQUE_16CFG_386_20260610_132433_CFG002_CONFIG_03_-_B3F_AVG4_ADC16384;386;BLOQUE_16CFG_386_20260610_132433_CFG002_CONFIG_03_-_B3F_AVG4_ADC16384;configurations;RIGHT;CONFIG 03 - B3F_AVG4_ADC16384;654;16.413794;10330;27571;31.88;2312;-0.19210;-0.56507;0;0;0;;;;
BLOQUE_16CFG_386_20260610_132433_CFG002_CONFIG_03_-_B3F_AVG4_ADC16384;386;BLOQUE_16CFG_386_20260610_132433_CFG002_CONFIG_03_-_B3F_AVG4_ADC16384;configurations;RIGHT;CONFIG 03 - B3F_AVG4_ADC16384;655;16.443457;10327;27572;32.88;2349;-0.32551;-0.64298;0;0;0;;;;
BLOQUE_16CFG_386_20260610_132433_CFG002_CONFIG_03_-_B3F_AVG4_ADC16384;386;BLOQUE_16CFG_386_20260610_132433_CFG002_CONFIG_03_-_B3F_AVG4_ADC16384;configurations;RIGHT;CONFIG 03 - B3F_AVG4_ADC16384;656;16.463022;10327;27569;33.07;2356;-0.45784;-0.56857;0;0;0;;;;
BLOQUE_16CFG_386_20260610_132433_CFG002_CONFIG_03_-_B3F_AVG4_ADC16384;386;BLOQUE_16CFG_386_20260610_132433_CFG002_CONFIG_03_-_B3F_AVG4_ADC16384;configurations;RIGHT;CONFIG 03 - B3F_AVG4_ADC16384;657;16.493719;10329;27577;32.77;2345;-0.23693;-0.49591;0;0;0;;;;
BLOQUE_16CFG_386_20260610_132433_CFG002_CONFIG_03_-_B3F_AVG4_ADC16384;386;BLOQUE_16CFG_386_20260610_132433_CFG002_CONFIG_03_-_B3F_AVG4_ADC16384;configurations;RIGHT;CONFIG 03 - B3F_AVG4_ADC16384;658;16.513748;10330;27578;32.93;2351;0.16222;-0.40903;0;0;0;;;;
BLOQUE_16CFG_386_20260610_132433_CFG002_CONFIG_03_-_B3F_AVG4_ADC16384;386;BLOQUE_16CFG_386_20260610_132433_CFG002_CONFIG_03_-_B3F_AVG4_ADC16384;configurations;RIGHT;CONFIG 03 - B3F_AVG4_ADC16384;659;16.544120;10332;27576;32.61;2339;0.20811;-0.42938;0;0;0;;;;
BLOQUE_16CFG_386_20260610_132433_CFG002_CONFIG_03_-_B3F_AVG4_ADC16384;386;BLOQUE_16CFG_386_20260610_132433_CFG002_CONFIG_03_-_B3F_AVG4_ADC16384;configurations;RIGHT;CONFIG 03 - B3F_AVG4_ADC16384;660;16.564205;10330;27578;33.29;2364;0.07257;-0.40181;0;0;0;;;;
BLOQUE_16CFG_386_20260610_132433_CFG002_CONFIG_03_-_B3F_AVG4_ADC16384;386;BLOQUE_16CFG_386_20260610_132433_CFG002_CONFIG_03_-_B3F_AVG4_ADC16384;configurations;RIGHT;CONFIG 03 - B3F_AVG4_ADC16384;661;16.594256;10329;27582;32.72;2343;-0.07577;-0.44995;0;0;0;;;;
BLOQUE_16CFG_386_20260610_132433_CFG002_CONFIG_03_-_B3F_AVG4_ADC16384;386;BLOQUE_16CFG_386_20260610_132433_CFG002_CONFIG_03_-_B3F_AVG4_ADC16384;configurations;RIGHT;CONFIG 03 - B3F_AVG4_ADC16384;662;16.615022;10331;27576;32.96;2352;0.03202;-0.38058;0;0;0;;;;
BLOQUE_16CFG_386_20260610_132433_CFG002_CONFIG_03_-_B3F_AVG4_ADC16384;386;BLOQUE_16CFG_386_20260610_132433_CFG002_CONFIG_03_-_B3F_AVG4_ADC16384;configurations;RIGHT;CONFIG 03 - B3F_AVG4_ADC16384;663;16.644652;10332;27585;33.07;2356;0.39594;-0.45805;0;0;0;;;;
BLOQUE_16CFG_386_20260610_132433_CFG002_CONFIG_03_-_B3F_AVG4_ADC16384;386;BLOQUE_16CFG_386_20260610_132433_CFG002_CONFIG_03_-_B3F_AVG4_ADC16384;configurations;RIGHT;CONFIG 03 - B3F_AVG4_ADC16384;664;16.665137;10334;27581;32.93;2351;0.77268;-0.57207;0;0;0;;;;
BLOQUE_16CFG_386_20260610_132433_CFG002_CONFIG_03_-_B3F_AVG4_ADC16384;386;BLOQUE_16CFG_386_20260610_132433_CFG002_CONFIG_03_-_B3F_AVG4_ADC16384;configurations;RIGHT;CONFIG 03 - B3F_AVG4_ADC16384;665;16.694907;10336;27573;32.58;2338;1.06190;-0.81193;0;0;0;;;;
BLOQUE_16CFG_386_20260610_132433_CFG002_CONFIG_03_-_B3F_AVG4_ADC16384;386;BLOQUE_16CFG_386_20260610_132433_CFG002_CONFIG_03_-_B3F_AVG4_ADC16384;configurations;RIGHT;CONFIG 03 - B3F_AVG4_ADC16384;666;16.715177;10336;27575;33.07;2356;0.39701;-1.05769;0;0;0;;;;
BLOQUE_16CFG_386_20260610_132433_CFG002_CONFIG_03_-_B3F_AVG4_ADC16384;386;BLOQUE_16CFG_386_20260610_132433_CFG002_CONFIG_03_-_B3F_AVG4_ADC16384;configurations;RIGHT;CONFIG 03 - B3F_AVG4_ADC16384;667;16.745314;10327;27571;32.69;2342;0.06830;-1.13342;0;0;0;;;;
BLOQUE_16CFG_386_20260610_132433_CFG002_CONFIG_03_-_B3F_AVG4_ADC16384;386;BLOQUE_16CFG_386_20260610_132433_CFG002_CONFIG_03_-_B3F_AVG4_ADC16384;configurations;RIGHT;CONFIG 03 - B3F_AVG4_ADC16384;668;16.765792;10333;27573;32.36;2330;-0.34472;-1.12598;0;0;0;;;;
BLOQUE_16CFG_386_20260610_132433_CFG002_CONFIG_03_-_B3F_AVG4_ADC16384;386;BLOQUE_16CFG_386_20260610_132433_CFG002_CONFIG_03_-_B3F_AVG4_ADC16384;configurations;RIGHT;CONFIG 03 - B3F_AVG4_ADC16384;669;16.795480;10332;27580;32.72;2343;0.01814;-1.06492;0;0;0;;;;
BLOQUE_16CFG_386_20260610_132433_CFG002_CONFIG_03_-_B3F_AVG4_ADC16384;386;BLOQUE_16CFG_386_20260610_132433_CFG002_CONFIG_03_-_B3F_AVG4_ADC16384;configurations;RIGHT;CONFIG 03 - B3F_AVG4_ADC16384;670;16.815295;10332;27579;32.61;2339;-0.31590;-1.14961;0;0;0;;;;
BLOQUE_16CFG_386_20260610_132433_CFG002_CONFIG_03_-_B3F_AVG4_ADC16384;386;BLOQUE_16CFG_386_20260610_132433_CFG002_CONFIG_03_-_B3F_AVG4_ADC16384;configurations;RIGHT;CONFIG 03 - B3F_AVG4_ADC16384;671;16.845829;10330;27573;32.85;2348;-0.57097;-1.28989;0;0;0;;;;
BLOQUE_16CFG_386_20260610_132433_CFG002_CONFIG_03_-_B3F_AVG4_ADC16384;386;BLOQUE_16CFG_386_20260610_132433_CFG002_CONFIG_03_-_B3F_AVG4_ADC16384;configurations;RIGHT;CONFIG 03 - B3F_AVG4_ADC16384;672;16.865934;10330;27577;32.77;2345;-0.65421;-1.29121;0;0;0;;;;
BLOQUE_16CFG_386_20260610_132433_CFG002_CONFIG_03_-_B3F_AVG4_ADC16384;386;BLOQUE_16CFG_386_20260610_132433_CFG002_CONFIG_03_-_B3F_AVG4_ADC16384;configurations;RIGHT;CONFIG 03 - B3F_AVG4_ADC16384;673;16.896139;10332;27584;33.40;2368;-0.30309;-1.13276;0;0;0;;;;
BLOQUE_16CFG_386_20260610_132433_CFG002_CONFIG_03_-_B3F_AVG4_ADC16384;386;BLOQUE_16CFG_386_20260610_132433_CFG002_CONFIG_03_-_B3F_AVG4_ADC16384;configurations;RIGHT;CONFIG 03 - B3F_AVG4_ADC16384;674;16.916258;10335;27587;32.96;2352;-0.21451;-1.10212;0;0;0;;;;
BLOQUE_16CFG_386_20260610_132433_CFG002_CONFIG_03_-_B3F_AVG4_ADC16384;386;BLOQUE_16CFG_386_20260610_132433_CFG002_CONFIG_03_-_B3F_AVG4_ADC16384;configurations;RIGHT;CONFIG 03 - B3F_AVG4_ADC16384;675;16.946420;10332;27584;32.88;2349;-0.39167;-1.23365;0;0;0;;;;
BLOQUE_16CFG_386_20260610_132433_CFG002_CONFIG_03_-_B3F_AVG4_ADC16384;386;BLOQUE_16CFG_386_20260610_132433_CFG002_CONFIG_03_-_B3F_AVG4_ADC16384;configurations;RIGHT;CONFIG 03 - B3F_AVG4_ADC16384;676;16.966255;10331;27582;33.76;2381;-1.00747;-1.29952;0;0;0;;;;
BLOQUE_16CFG_386_20260610_132433_CFG002_CONFIG_03_-_B3F_AVG4_ADC16384;386;BLOQUE_16CFG_386_20260610_132433_CFG002_CONFIG_03_-_B3F_AVG4_ADC16384;configurations;RIGHT;CONFIG 03 - B3F_AVG4_ADC16384;677;16.996605;10329;27589;32.55;2337;-1.10138;-1.40260;0;0;0;;;;
BLOQUE_16CFG_386_20260610_132433_CFG002_CONFIG_03_-_B3F_AVG4_ADC16384;386;BLOQUE_16CFG_386_20260610_132433_CFG002_CONFIG_03_-_B3F_AVG4_ADC16384;configurations;RIGHT;CONFIG 03 - B3F_AVG4_ADC16384;678;17.016270;10332;27584;32.26;2326;-0.85058;-1.24415;0;0;0;;;;
BLOQUE_16CFG_386_20260610_132433_CFG002_CONFIG_03_-_B3F_AVG4_ADC16384;386;BLOQUE_16CFG_386_20260610_132433_CFG002_CONFIG_03_-_B3F_AVG4_ADC16384;configurations;RIGHT;CONFIG 03 - B3F_AVG4_ADC16384;679;17.046909;10335;27597;32.80;2346;-0.94557;-1.32009;0;0;0;;;;
BLOQUE_16CFG_386_20260610_132433_CFG002_CONFIG_03_-_B3F_AVG4_ADC16384;386;BLOQUE_16CFG_386_20260610_132433_CFG002_CONFIG_03_-_B3F_AVG4_ADC16384;configurations;RIGHT;CONFIG 03 - B3F_AVG4_ADC16384;680;17.067431;10329;27591;32.99;2353;-1.04695;-1.20695;0;0;0;;;;
BLOQUE_16CFG_386_20260610_132433_CFG002_CONFIG_03_-_B3F_AVG4_ADC16384;386;BLOQUE_16CFG_386_20260610_132433_CFG002_CONFIG_03_-_B3F_AVG4_ADC16384;configurations;RIGHT;CONFIG 03 - B3F_AVG4_ADC16384;681;17.097365;10332;27597;32.72;2343;-1.05869;-1.31331;0;0;0;;;;
BLOQUE_16CFG_386_20260610_132433_CFG002_CONFIG_03_-_B3F_AVG4_ADC16384;386;BLOQUE_16CFG_386_20260610_132433_CFG002_CONFIG_03_-_B3F_AVG4_ADC16384;configurations;RIGHT;CONFIG 03 - B3F_AVG4_ADC16384;682;17.117254;10336;27598;32.85;2348;-0.90074;-1.31856;0;0;0;;;;
BLOQUE_16CFG_386_20260610_132433_CFG002_CONFIG_03_-_B3F_AVG4_ADC16384;386;BLOQUE_16CFG_386_20260610_132433_CFG002_CONFIG_03_-_B3F_AVG4_ADC16384;configurations;RIGHT;CONFIG 03 - B3F_AVG4_ADC16384;683;17.147481;10332;27598;32.20;2324;-1.00106;-1.43149;0;0;0;;;;
BLOQUE_16CFG_386_20260610_132433_CFG002_CONFIG_03_-_B3F_AVG4_ADC16384;386;BLOQUE_16CFG_386_20260610_132433_CFG002_CONFIG_03_-_B3F_AVG4_ADC16384;configurations;RIGHT;CONFIG 03 - B3F_AVG4_ADC16384;684;17.167654;10332;27598;32.99;2353;-1.18569;-1.35314;0;0;0;;;;
BLOQUE_16CFG_386_20260610_132433_CFG002_CONFIG_03_-_B3F_AVG4_ADC16384;386;BLOQUE_16CFG_386_20260610_132433_CFG002_CONFIG_03_-_B3F_AVG4_ADC16384;configurations;RIGHT;CONFIG 03 - B3F_AVG4_ADC16384;685;17.197803;10335;27610;33.48;2371;-1.10779;-1.26057;0;0;0;;;;
BLOQUE_16CFG_386_20260610_132433_CFG002_CONFIG_03_-_B3F_AVG4_ADC16384;386;BLOQUE_16CFG_386_20260610_132433_CFG002_CONFIG_03_-_B3F_AVG4_ADC16384;configurations;RIGHT;CONFIG 03 - B3F_AVG4_ADC16384;686;17.218429;10334;27611;32.26;2326;-0.59445;-1.13954;0;0;0;;;;
BLOQUE_16CFG_386_20260610_132433_CFG002_CONFIG_03_-_B3F_AVG4_ADC16384;386;BLOQUE_16CFG_386_20260610_132433_CFG002_CONFIG_03_-_B3F_AVG4_ADC16384;configurations;RIGHT;CONFIG 03 - B3F_AVG4_ADC16384;687;17.248189;10339;27613;32.93;2351;-0.52081;-1.28552;0;0;0;;;;
BLOQUE_16CFG_386_20260610_132433_CFG002_CONFIG_03_-_B3F_AVG4_ADC16384;386;BLOQUE_16CFG_386_20260610_132433_CFG002_CONFIG_03_-_B3F_AVG4_ADC16384;configurations;RIGHT;CONFIG 03 - B3F_AVG4_ADC16384;688;17.268138;10337;27610;32.66;2341;-0.53575;-1.47066;0;0;0;;;;
BLOQUE_16CFG_386_20260610_132433_CFG002_CONFIG_03_-_B3F_AVG4_ADC16384;386;BLOQUE_16CFG_386_20260610_132433_CFG002_CONFIG_03_-_B3F_AVG4_ADC16384;configurations;RIGHT;CONFIG 03 - B3F_AVG4_ADC16384;689;17.298419;10335;27609;33.37;2367;-1.06723;-1.67704;0;0;0;;;;
BLOQUE_16CFG_386_20260610_132433_CFG002_CONFIG_03_-_B3F_AVG4_ADC16384;386;BLOQUE_16CFG_386_20260610_132433_CFG002_CONFIG_03_-_B3F_AVG4_ADC16384;configurations;RIGHT;CONFIG 03 - B3F_AVG4_ADC16384;690;17.318566;10334;27610;32.88;2349;-0.99039;-1.64180;0;0;0;;;;
BLOQUE_16CFG_386_20260610_132433_CFG002_CONFIG_03_-_B3F_AVG4_ADC16384;386;BLOQUE_16CFG_386_20260610_132433_CFG002_CONFIG_03_-_B3F_AVG4_ADC16384;configurations;RIGHT;CONFIG 03 - B3F_AVG4_ADC16384;691;17.348682;10339;27621;33.56;2374;-0.57097;-1.53653;0;0;0;;;;
BLOQUE_16CFG_386_20260610_132433_CFG002_CONFIG_03_-_B3F_AVG4_ADC16384;386;BLOQUE_16CFG_386_20260610_132433_CFG002_CONFIG_03_-_B3F_AVG4_ADC16384;configurations;RIGHT;CONFIG 03 - B3F_AVG4_ADC16384;692;17.368829;10341;27624;33.43;2369;-0.50267;-1.59300;0;0;0;;;;
BLOQUE_16CFG_386_20260610_132433_CFG002_CONFIG_03_-_B3F_AVG4_ADC16384;386;BLOQUE_16CFG_386_20260610_132433_CFG002_CONFIG_03_-_B3F_AVG4_ADC16384;configurations;RIGHT;CONFIG 03 - B3F_AVG4_ADC16384;693;17.399083;10336;27616;34.25;2399;-0.69263;-1.82738;0;0;0;;;;
BLOQUE_16CFG_386_20260610_132433_CFG002_CONFIG_03_-_B3F_AVG4_ADC16384;386;BLOQUE_16CFG_386_20260610_132433_CFG002_CONFIG_03_-_B3F_AVG4_ADC16384;configurations;RIGHT;CONFIG 03 - B3F_AVG4_ADC16384;694;17.419583;10338;27617;32.66;2341;-0.61686;-1.85343;0;0;0;;;;
BLOQUE_16CFG_386_20260610_132433_CFG002_CONFIG_03_-_B3F_AVG4_ADC16384;386;BLOQUE_16CFG_386_20260610_132433_CFG002_CONFIG_03_-_B3F_AVG4_ADC16384;configurations;RIGHT;CONFIG 03 - B3F_AVG4_ADC16384;695;17.449255;10343;27632;33.10;2357;-0.19957;-1.77333;0;0;0;;;;
BLOQUE_16CFG_386_20260610_132433_CFG002_CONFIG_03_-_B3F_AVG4_ADC16384;386;BLOQUE_16CFG_386_20260610_132433_CFG002_CONFIG_03_-_B3F_AVG4_ADC16384;configurations;RIGHT;CONFIG 03 - B3F_AVG4_ADC16384;696;17.469913;10342;27630;32.77;2345;-0.39061;-1.42930;0;0;0;;;;
BLOQUE_16CFG_386_20260610_132433_CFG002_CONFIG_03_-_B3F_AVG4_ADC16384;386;BLOQUE_16CFG_386_20260610_132433_CFG002_CONFIG_03_-_B3F_AVG4_ADC16384;configurations;RIGHT;CONFIG 03 - B3F_AVG4_ADC16384;697;17.499500;10337;27646;33.37;2367;-1.09818;-1.38619;0;0;0;;;;
BLOQUE_16CFG_386_20260610_132433_CFG002_CONFIG_03_-_B3F_AVG4_ADC16384;386;BLOQUE_16CFG_386_20260610_132433_CFG002_CONFIG_03_-_B3F_AVG4_ADC16384;configurations;RIGHT;CONFIG 03 - B3F_AVG4_ADC16384;698;17.519909;10336;27644;32.28;2327;-1.19210;-1.16581;0;0;0;;;;
BLOQUE_16CFG_386_20260610_132433_CFG002_CONFIG_03_-_B3F_AVG4_ADC16384;386;BLOQUE_16CFG_386_20260610_132433_CFG002_CONFIG_03_-_B3F_AVG4_ADC16384;configurations;RIGHT;CONFIG 03 - B3F_AVG4_ADC16384;699;17.549950;10342;27652;33.10;2357;-0.67983;-1.28267;0;0;0;;;;
BLOQUE_16CFG_386_20260610_132433_CFG002_CONFIG_03_-_B3F_AVG4_ADC16384;386;BLOQUE_16CFG_386_20260610_132433_CFG002_CONFIG_03_-_B3F_AVG4_ADC16384;configurations;RIGHT;CONFIG 03 - B3F_AVG4_ADC16384;700;17.570541;10344;27649;32.53;2336;-0.51654;-1.22468;0;0;0;;;;
BLOQUE_16CFG_386_20260610_132433_CFG002_CONFIG_03_-_B3F_AVG4_ADC16384;386;BLOQUE_16CFG_386_20260610_132433_CFG002_CONFIG_03_-_B3F_AVG4_ADC16384;configurations;RIGHT;CONFIG 03 - B3F_AVG4_ADC16384;701;17.600285;10339;27657;33.26;2363;-0.35966;-1.22424;0;0;0;;;;
BLOQUE_16CFG_386_20260610_132433_CFG002_CONFIG_03_-_B3F_AVG4_ADC16384;386;BLOQUE_16CFG_386_20260610_132433_CFG002_CONFIG_03_-_B3F_AVG4_ADC16384;configurations;RIGHT;CONFIG 03 - B3F_AVG4_ADC16384;702;17.620368;10345;27662;32.96;2352;-0.37780;-1.04982;0;0;0;;;;
BLOQUE_16CFG_386_20260610_132433_CFG002_CONFIG_03_-_B3F_AVG4_ADC16384;386;BLOQUE_16CFG_386_20260610_132433_CFG002_CONFIG_03_-_B3F_AVG4_ADC16384;configurations;RIGHT;CONFIG 03 - B3F_AVG4_ADC16384;703;17.650491;10345;27669;33.18;2360;0.03629;-0.91216;0;0;0;;;;
BLOQUE_16CFG_386_20260610_132433_CFG002_CONFIG_03_-_B3F_AVG4_ADC16384;386;BLOQUE_16CFG_386_20260610_132433_CFG002_CONFIG_03_-_B3F_AVG4_ADC16384;configurations;RIGHT;CONFIG 03 - B3F_AVG4_ADC16384;704;17.670299;10345;27675;32.96;2352;-0.15475;-0.93886;0;0;0;;;;
BLOQUE_16CFG_386_20260610_132433_CFG002_CONFIG_03_-_B3F_AVG4_ADC16384;386;BLOQUE_16CFG_386_20260610_132433_CFG002_CONFIG_03_-_B3F_AVG4_ADC16384;configurations;RIGHT;CONFIG 03 - B3F_AVG4_ADC16384;705;17.700685;10344;27671;32.64;2340;-0.43009;-1.00780;0;0;0;;;;
BLOQUE_16CFG_386_20260610_132433_CFG002_CONFIG_03_-_B3F_AVG4_ADC16384;386;BLOQUE_16CFG_386_20260610_132433_CFG002_CONFIG_03_-_B3F_AVG4_ADC16384;configurations;RIGHT;CONFIG 03 - B3F_AVG4_ADC16384;706;17.720817;10343;27676;33.10;2357;-0.27321;-0.90516;0;0;0;;;;
BLOQUE_16CFG_386_20260610_132433_CFG002_CONFIG_03_-_B3F_AVG4_ADC16384;386;BLOQUE_16CFG_386_20260610_132433_CFG002_CONFIG_03_-_B3F_AVG4_ADC16384;configurations;RIGHT;CONFIG 03 - B3F_AVG4_ADC16384;707;17.751087;10348;27692;32.77;2345;0.04909;-0.57448;0;0;0;;;;
BLOQUE_16CFG_386_20260610_132433_CFG002_CONFIG_03_-_B3F_AVG4_ADC16384;386;BLOQUE_16CFG_386_20260610_132433_CFG002_CONFIG_03_-_B3F_AVG4_ADC16384;configurations;RIGHT;CONFIG 03 - B3F_AVG4_ADC16384;708;17.771192;10349;27701;33.92;2387;0.28175;-0.33440;0;0;0;;;;
BLOQUE_16CFG_386_20260610_132433_CFG002_CONFIG_03_-_B3F_AVG4_ADC16384;386;BLOQUE_16CFG_386_20260610_132433_CFG002_CONFIG_03_-_B3F_AVG4_ADC16384;configurations;RIGHT;CONFIG 03 - B3F_AVG4_ADC16384;709;17.801393;10347;27701;32.09;2320;0.07577;-0.46899;0;0;0;;;;
BLOQUE_16CFG_386_20260610_132433_CFG002_CONFIG_03_-_B3F_AVG4_ADC16384;386;BLOQUE_16CFG_386_20260610_132433_CFG002_CONFIG_03_-_B3F_AVG4_ADC16384;configurations;RIGHT;CONFIG 03 - B3F_AVG4_ADC16384;710;17.821671;10347;27696;32.80;2346;0.04803;-0.53443;0;0;0;;;;
BLOQUE_16CFG_386_20260610_132433_CFG002_CONFIG_03_-_B3F_AVG4_ADC16384;386;BLOQUE_16CFG_386_20260610_132433_CFG002_CONFIG_03_-_B3F_AVG4_ADC16384;configurations;RIGHT;CONFIG 03 - B3F_AVG4_ADC16384;711;17.851725;10350;27709;32.31;2328;0.27535;-0.45958;0;0;0;;;;
BLOQUE_16CFG_386_20260610_132433_CFG002_CONFIG_03_-_B3F_AVG4_ADC16384;386;BLOQUE_16CFG_386_20260610_132433_CFG002_CONFIG_03_-_B3F_AVG4_ADC16384;configurations;RIGHT;CONFIG 03 - B3F_AVG4_ADC16384;712;17.871716;10351;27717;32.66;2341;0.42049;-0.35016;0;0;0;;;;
BLOQUE_16CFG_386_20260610_132433_CFG002_CONFIG_03_-_B3F_AVG4_ADC16384;386;BLOQUE_16CFG_386_20260610_132433_CFG002_CONFIG_03_-_B3F_AVG4_ADC16384;configurations;RIGHT;CONFIG 03 - B3F_AVG4_ADC16384;713;17.901954;10350;27714;32.47;2334;0.22625;-0.52305;0;0;0;;;;
BLOQUE_16CFG_386_20260610_132433_CFG002_CONFIG_03_-_B3F_AVG4_ADC16384;386;BLOQUE_16CFG_386_20260610_132433_CFG002_CONFIG_03_-_B3F_AVG4_ADC16384;configurations;RIGHT;CONFIG 03 - B3F_AVG4_ADC16384;714;17.922175;10349;27711;33.02;2354;0.21558;-0.53443;0;0;0;;;;
BLOQUE_16CFG_386_20260610_132433_CFG002_CONFIG_03_-_B3F_AVG4_ADC16384;386;BLOQUE_16CFG_386_20260610_132433_CFG002_CONFIG_03_-_B3F_AVG4_ADC16384;configurations;RIGHT;CONFIG 03 - B3F_AVG4_ADC16384;715;17.952289;10352;27728;32.99;2353;0.20384;-0.49328;0;0;0;;;;
BLOQUE_16CFG_386_20260610_132433_CFG002_CONFIG_03_-_B3F_AVG4_ADC16384;386;BLOQUE_16CFG_386_20260610_132433_CFG002_CONFIG_03_-_B3F_AVG4_ADC16384;configurations;RIGHT;CONFIG 03 - B3F_AVG4_ADC16384;716;17.972052;10351;27728;32.07;2319;0.44504;-0.27750;0;0;0;;;;
BLOQUE_16CFG_386_20260610_132433_CFG002_CONFIG_03_-_B3F_AVG4_ADC16384;386;BLOQUE_16CFG_386_20260610_132433_CFG002_CONFIG_03_-_B3F_AVG4_ADC16384;configurations;RIGHT;CONFIG 03 - B3F_AVG4_ADC16384;717;18.002610;10353;27735;32.83;2347;0.24119;-0.22147;0;0;0;;;;
BLOQUE_16CFG_386_20260610_132433_CFG002_CONFIG_03_-_B3F_AVG4_ADC16384;386;BLOQUE_16CFG_386_20260610_132433_CFG002_CONFIG_03_-_B3F_AVG4_ADC16384;configurations;RIGHT;CONFIG 03 - B3F_AVG4_ADC16384;718;18.022658;10351;27743;33.29;2364;0.55710;-0.16545;0;0;0;;;;
BLOQUE_16CFG_386_20260610_132433_CFG002_CONFIG_03_-_B3F_AVG4_ADC16384;386;BLOQUE_16CFG_386_20260610_132433_CFG002_CONFIG_03_-_B3F_AVG4_ADC16384;configurations;RIGHT;CONFIG 03 - B3F_AVG4_ADC16384;719;18.052846;10356;27743;33.26;2363;0.61899;-0.05230;0;0;0;;;;
BLOQUE_16CFG_386_20260610_132433_CFG002_CONFIG_03_-_B3F_AVG4_ADC16384;386;BLOQUE_16CFG_386_20260610_132433_CFG002_CONFIG_03_-_B3F_AVG4_ADC16384;configurations;RIGHT;CONFIG 03 - B3F_AVG4_ADC16384;720;18.072917;10355;27753;33.13;2358;1.03308;0.11599;0;0;0;;;;
BLOQUE_16CFG_386_20260610_132433_CFG002_CONFIG_03_-_B3F_AVG4_ADC16384;386;BLOQUE_16CFG_386_20260610_132433_CFG002_CONFIG_03_-_B3F_AVG4_ADC16384;configurations;RIGHT;CONFIG 03 - B3F_AVG4_ADC16384;721;18.103147;10357;27764;32.42;2332;0.75880;0.34228;0;0;0;;;;
BLOQUE_16CFG_386_20260610_132433_CFG002_CONFIG_03_-_B3F_AVG4_ADC16384;386;BLOQUE_16CFG_386_20260610_132433_CFG002_CONFIG_03_-_B3F_AVG4_ADC16384;configurations;RIGHT;CONFIG 03 - B3F_AVG4_ADC16384;722;18.122840;10354;27767;32.55;2337;0.65848;0.44448;0;0;0;;;;
BLOQUE_16CFG_386_20260610_132433_CFG002_CONFIG_03_-_B3F_AVG4_ADC16384;386;BLOQUE_16CFG_386_20260610_132433_CFG002_CONFIG_03_-_B3F_AVG4_ADC16384;configurations;RIGHT;CONFIG 03 - B3F_AVG4_ADC16384;723;18.153353;10355;27770;33.02;2354;0.38741;0.40662;0;0;0;;;;
BLOQUE_16CFG_386_20260610_132433_CFG002_CONFIG_03_-_B3F_AVG4_ADC16384;386;BLOQUE_16CFG_386_20260610_132433_CFG002_CONFIG_03_-_B3F_AVG4_ADC16384;configurations;RIGHT;CONFIG 03 - B3F_AVG4_ADC16384;724;18.173601;10355;27773;33.23;2362;0.37140;0.52655;0;0;0;;;;
BLOQUE_16CFG_386_20260610_132433_CFG002_CONFIG_03_-_B3F_AVG4_ADC16384;386;BLOQUE_16CFG_386_20260610_132433_CFG002_CONFIG_03_-_B3F_AVG4_ADC16384;configurations;RIGHT;CONFIG 03 - B3F_AVG4_ADC16384;725;18.203765;10355;27785;32.83;2347;0.35219;0.63050;0;0;0;;;;
BLOQUE_16CFG_386_20260610_132433_CFG002_CONFIG_03_-_B3F_AVG4_ADC16384;386;BLOQUE_16CFG_386_20260610_132433_CFG002_CONFIG_03_-_B3F_AVG4_ADC16384;configurations;RIGHT;CONFIG 03 - B3F_AVG4_ADC16384;726;18.224030;10356;27787;32.47;2334;0.42476;0.73599;0;0;0;;;;
BLOQUE_16CFG_386_20260610_132433_CFG002_CONFIG_03_-_B3F_AVG4_ADC16384;386;BLOQUE_16CFG_386_20260610_132433_CFG002_CONFIG_03_-_B3F_AVG4_ADC16384;configurations;RIGHT;CONFIG 03 - B3F_AVG4_ADC16384;727;18.253951;10357;27790;32.58;2338;0.68303;0.72111;0;0;0;;;;
BLOQUE_16CFG_386_20260610_132433_CFG002_CONFIG_03_-_B3F_AVG4_ADC16384;386;BLOQUE_16CFG_386_20260610_132433_CFG002_CONFIG_03_-_B3F_AVG4_ADC16384;configurations;RIGHT;CONFIG 03 - B3F_AVG4_ADC16384;728;18.274263;10359;27795;32.58;2338;0.94557;0.91763;0;0;0;;;;
BLOQUE_16CFG_386_20260610_132433_CFG002_CONFIG_03_-_B3F_AVG4_ADC16384;386;BLOQUE_16CFG_386_20260610_132433_CFG002_CONFIG_03_-_B3F_AVG4_ADC16384;configurations;RIGHT;CONFIG 03 - B3F_AVG4_ADC16384;729;18.304172;10360;27809;31.99;2316;0.60299;1.07630;0;0;0;;;;
BLOQUE_16CFG_386_20260610_132433_CFG002_CONFIG_03_-_B3F_AVG4_ADC16384;386;BLOQUE_16CFG_386_20260610_132433_CFG002_CONFIG_03_-_B3F_AVG4_ADC16384;configurations;RIGHT;CONFIG 03 - B3F_AVG4_ADC16384;730;18.324658;10354;27810;32.80;2346;0.51014;1.23299;0;0;0;;;;
BLOQUE_16CFG_386_20260610_132433_CFG002_CONFIG_03_-_B3F_AVG4_ADC16384;386;BLOQUE_16CFG_386_20260610_132433_CFG002_CONFIG_03_-_B3F_AVG4_ADC16384;configurations;RIGHT;CONFIG 03 - B3F_AVG4_ADC16384;731;18.354658;10359;27815;32.20;2324;0.59018;1.16274;0;0;0;;;;
BLOQUE_16CFG_386_20260610_132433_CFG002_CONFIG_03_-_B3F_AVG4_ADC16384;386;BLOQUE_16CFG_386_20260610_132433_CFG002_CONFIG_03_-_B3F_AVG4_ADC16384;configurations;RIGHT;CONFIG 03 - B3F_AVG4_ADC16384;732;18.374871;10362;27816;33.04;2355;0.59231;1.23934;0;0;0;;;;
BLOQUE_16CFG_386_20260610_132433_CFG002_CONFIG_03_-_B3F_AVG4_ADC16384;386;BLOQUE_16CFG_386_20260610_132433_CFG002_CONFIG_03_-_B3F_AVG4_ADC16384;configurations;RIGHT;CONFIG 03 - B3F_AVG4_ADC16384;733;18.404847;10355;27825;32.53;2336;0.42262;1.21220;0;0;0;;;;
BLOQUE_16CFG_386_20260610_132433_CFG002_CONFIG_03_-_B3F_AVG4_ADC16384;386;BLOQUE_16CFG_386_20260610_132433_CFG002_CONFIG_03_-_B3F_AVG4_ADC16384;configurations;RIGHT;CONFIG 03 - B3F_AVG4_ADC16384;734;18.424510;10358;27824;33.04;2355;0.17076;1.30849;0;0;0;;;;
BLOQUE_16CFG_386_20260610_132433_CFG002_CONFIG_03_-_B3F_AVG4_ADC16384;386;BLOQUE_16CFG_386_20260610_132433_CFG002_CONFIG_03_-_B3F_AVG4_ADC16384;configurations;RIGHT;CONFIG 03 - B3F_AVG4_ADC16384;735;18.455148;10360;27832;33.21;2361;0.69797;1.15793;0;0;1;;;;
BLOQUE_16CFG_386_20260610_132433_CFG002_CONFIG_03_-_B3F_AVG4_ADC16384;386;BLOQUE_16CFG_386_20260610_132433_CFG002_CONFIG_03_-_B3F_AVG4_ADC16384;configurations;RIGHT;CONFIG 03 - B3F_AVG4_ADC16384;736;18.475752;10362;27827;32.04;2318;0.80256;1.07958;0;0;0;;;;
BLOQUE_16CFG_386_20260610_132433_CFG002_CONFIG_03_-_B3F_AVG4_ADC16384;386;BLOQUE_16CFG_386_20260610_132433_CFG002_CONFIG_03_-_B3F_AVG4_ADC16384;configurations;RIGHT;CONFIG 03 - B3F_AVG4_ADC16384;737;18.505321;10360;27830;32.61;2339;0.46958;0.97234;0;0;0;;;;
BLOQUE_16CFG_386_20260610_132433_CFG002_CONFIG_03_-_B3F_AVG4_ADC16384;386;BLOQUE_16CFG_386_20260610_132433_CFG002_CONFIG_03_-_B3F_AVG4_ADC16384;configurations;RIGHT;CONFIG 03 - B3F_AVG4_ADC16384;738;18.525322;10357;27836;32.20;2324;-0.04482;0.90275;0;0;0;;;;
BLOQUE_16CFG_386_20260610_132433_CFG002_CONFIG_03_-_B3F_AVG4_ADC16384;386;BLOQUE_16CFG_386_20260610_132433_CFG002_CONFIG_03_-_B3F_AVG4_ADC16384;configurations;RIGHT;CONFIG 03 - B3F_AVG4_ADC16384;739;18.555813;10357;27833;33.23;2362;0.21878;0.89334;0;0;0;;;;
BLOQUE_16CFG_386_20260610_132433_CFG002_CONFIG_03_-_B3F_AVG4_ADC16384;386;BLOQUE_16CFG_386_20260610_132433_CFG002_CONFIG_03_-_B3F_AVG4_ADC16384;configurations;RIGHT;CONFIG 03 - B3F_AVG4_ADC16384;740;18.576297;10364;27839;32.45;2333;0.49520;0.93798;0;0;0;;;;
BLOQUE_16CFG_386_20260610_132433_CFG002_CONFIG_03_-_B3F_AVG4_ADC16384;386;BLOQUE_16CFG_386_20260610_132433_CFG002_CONFIG_03_-_B3F_AVG4_ADC16384;configurations;RIGHT;CONFIG 03 - B3F_AVG4_ADC16384;741;18.606089;10361;27848;33.40;2368;0.86232;1.19995;0;0;0;;;;
BLOQUE_16CFG_386_20260610_132433_CFG002_CONFIG_03_-_B3F_AVG4_ADC16384;386;BLOQUE_16CFG_386_20260610_132433_CFG002_CONFIG_03_-_B3F_AVG4_ADC16384;configurations;RIGHT;CONFIG 03 - B3F_AVG4_ADC16384;742;18.626380;10362;27857;32.58;2338;0.89114;1.30565;0;0;0;;;;
BLOQUE_16CFG_386_20260610_132433_CFG002_CONFIG_03_-_B3F_AVG4_ADC16384;386;BLOQUE_16CFG_386_20260610_132433_CFG002_CONFIG_03_-_B3F_AVG4_ADC16384;configurations;RIGHT;CONFIG 03 - B3F_AVG4_ADC16384;743;18.656198;10365;27854;32.69;2342;1.00533;1.38465;0;0;0;;;;
BLOQUE_16CFG_386_20260610_132433_CFG002_CONFIG_03_-_B3F_AVG4_ADC16384;386;BLOQUE_16CFG_386_20260610_132433_CFG002_CONFIG_03_-_B3F_AVG4_ADC16384;configurations;RIGHT;CONFIG 03 - B3F_AVG4_ADC16384;744;18.676928;10363;27861;32.91;2350;1.39167;1.61182;0;0;0;;;;
BLOQUE_16CFG_386_20260610_132433_CFG002_CONFIG_03_-_B3F_AVG4_ADC16384;386;BLOQUE_16CFG_386_20260610_132433_CFG002_CONFIG_03_-_B3F_AVG4_ADC16384;configurations;RIGHT;CONFIG 03 - B3F_AVG4_ADC16384;745;18.706497;10367;27878;32.93;2351;1.60939;1.96810;0;0;0;;;;
BLOQUE_16CFG_386_20260610_132433_CFG002_CONFIG_03_-_B3F_AVG4_ADC16384;386;BLOQUE_16CFG_386_20260610_132433_CFG002_CONFIG_03_-_B3F_AVG4_ADC16384;configurations;RIGHT;CONFIG 03 - B3F_AVG4_ADC16384;746;18.726628;10368;27882;32.66;2341;1.91675;2.11342;0;0;0;;;;
BLOQUE_16CFG_386_20260610_132433_CFG002_CONFIG_03_-_B3F_AVG4_ADC16384;386;BLOQUE_16CFG_386_20260610_132433_CFG002_CONFIG_03_-_B3F_AVG4_ADC16384;configurations;RIGHT;CONFIG 03 - B3F_AVG4_ADC16384;747;18.756961;10367;27877;33.18;2360;1.87940;1.99874;0;0;0;;;;
BLOQUE_16CFG_386_20260610_132433_CFG002_CONFIG_03_-_B3F_AVG4_ADC16384;386;BLOQUE_16CFG_386_20260610_132433_CFG002_CONFIG_03_-_B3F_AVG4_ADC16384;configurations;RIGHT;CONFIG 03 - B3F_AVG4_ADC16384;748;18.777151;10367;27879;32.96;2352;1.85058;2.03266;0;0;0;;;;
BLOQUE_16CFG_386_20260610_132433_CFG002_CONFIG_03_-_B3F_AVG4_ADC16384;386;BLOQUE_16CFG_386_20260610_132433_CFG002_CONFIG_03_-_B3F_AVG4_ADC16384;configurations;RIGHT;CONFIG 03 - B3F_AVG4_ADC16384;749;18.807204;10368;27891;32.93;2351;1.99786;2.19768;0;0;0;;;;
BLOQUE_16CFG_386_20260610_132433_CFG002_CONFIG_03_-_B3F_AVG4_ADC16384;386;BLOQUE_16CFG_386_20260610_132433_CFG002_CONFIG_03_-_B3F_AVG4_ADC16384;configurations;RIGHT;CONFIG 03 - B3F_AVG4_ADC16384;750;18.827699;10369;27893;32.83;2347;1.97331;2.36553;0;0;0;;;;
BLOQUE_16CFG_386_20260610_132433_CFG002_CONFIG_03_-_B3F_AVG4_ADC16384;386;BLOQUE_16CFG_386_20260610_132433_CFG002_CONFIG_03_-_B3F_AVG4_ADC16384;configurations;RIGHT;CONFIG 03 - B3F_AVG4_ADC16384;751;18.857551;10367;27895;32.28;2327;2.03414;2.37801;0;0;0;;;;
BLOQUE_16CFG_386_20260610_132433_CFG002_CONFIG_03_-_B3F_AVG4_ADC16384;386;BLOQUE_16CFG_386_20260610_132433_CFG002_CONFIG_03_-_B3F_AVG4_ADC16384;configurations;RIGHT;CONFIG 03 - B3F_AVG4_ADC16384;752;18.878189;10369;27898;32.53;2336;1.49733;2.28762;0;0;1;;;;
BLOQUE_16CFG_386_20260610_132433_CFG002_CONFIG_03_-_B3F_AVG4_ADC16384;386;BLOQUE_16CFG_386_20260610_132433_CFG002_CONFIG_03_-_B3F_AVG4_ADC16384;configurations;RIGHT;CONFIG 03 - B3F_AVG4_ADC16384;753;18.907747;10363;27894;32.23;2325;0.96585;2.16638;0;0;0;;;;
BLOQUE_16CFG_386_20260610_132433_CFG002_CONFIG_03_-_B3F_AVG4_ADC16384;386;BLOQUE_16CFG_386_20260610_132433_CFG002_CONFIG_03_-_B3F_AVG4_ADC16384;configurations;RIGHT;CONFIG 03 - B3F_AVG4_ADC16384;754;18.927868;10361;27894;33.32;2365;0.52188;2.15172;0;0;0;;;;
BLOQUE_16CFG_386_20260610_132433_CFG002_CONFIG_03_-_B3F_AVG4_ADC16384;386;BLOQUE_16CFG_386_20260610_132433_CFG002_CONFIG_03_-_B3F_AVG4_ADC16384;configurations;RIGHT;CONFIG 03 - B3F_AVG4_ADC16384;755;18.958008;10364;27903;32.72;2343;0.77481;2.22941;0;0;0;;;;
BLOQUE_16CFG_386_20260610_132433_CFG002_CONFIG_03_-_B3F_AVG4_ADC16384;386;BLOQUE_16CFG_386_20260610_132433_CFG002_CONFIG_03_-_B3F_AVG4_ADC16384;configurations;RIGHT;CONFIG 03 - B3F_AVG4_ADC16384;756;18.978149;10366;27904;32.85;2348;1.20384;2.31060;0;0;0;;;;
BLOQUE_16CFG_386_20260610_132433_CFG002_CONFIG_03_-_B3F_AVG4_ADC16384;386;BLOQUE_16CFG_386_20260610_132433_CFG002_CONFIG_03_-_B3F_AVG4_ADC16384;configurations;RIGHT;CONFIG 03 - B3F_AVG4_ADC16384;757;19.008398;10366;27904;33.23;2362;1.72145;2.27537;0;0;0;;;;
BLOQUE_16CFG_386_20260610_132433_CFG002_CONFIG_03_-_B3F_AVG4_ADC16384;386;BLOQUE_16CFG_386_20260610_132433_CFG002_CONFIG_03_-_B3F_AVG4_ADC16384;configurations;RIGHT;CONFIG 03 - B3F_AVG4_ADC16384;758;19.028578;10370;27906;32.31;2328;1.62860;2.19067;0;0;0;;;;
BLOQUE_16CFG_386_20260610_132433_CFG002_CONFIG_03_-_B3F_AVG4_ADC16384;386;BLOQUE_16CFG_386_20260610_132433_CFG002_CONFIG_03_-_B3F_AVG4_ADC16384;configurations;RIGHT;CONFIG 03 - B3F_AVG4_ADC16384;759;19.058552;10365;27904;32.50;2335;1.53895;2.05652;0;0;0;;;;
BLOQUE_16CFG_386_20260610_132433_CFG002_CONFIG_03_-_B3F_AVG4_ADC16384;386;BLOQUE_16CFG_386_20260610_132433_CFG002_CONFIG_03_-_B3F_AVG4_ADC16384;configurations;RIGHT;CONFIG 03 - B3F_AVG4_ADC16384;760;19.079009;10365;27901;33.10;2357;1.02134;1.85562;0;0;0;;;;
BLOQUE_16CFG_386_20260610_132433_CFG002_CONFIG_03_-_B3F_AVG4_ADC16384;386;BLOQUE_16CFG_386_20260610_132433_CFG002_CONFIG_03_-_B3F_AVG4_ADC16384;configurations;RIGHT;CONFIG 03 - B3F_AVG4_ADC16384;761;19.108905;10364;27899;32.91;2350;0.77054;1.62670;0;0;0;;;;
BLOQUE_16CFG_386_20260610_132433_CFG002_CONFIG_03_-_B3F_AVG4_ADC16384;386;BLOQUE_16CFG_386_20260610_132433_CFG002_CONFIG_03_-_B3F_AVG4_ADC16384;configurations;RIGHT;CONFIG 03 - B3F_AVG4_ADC16384;762;19.128528;10362;27895;32.83;2347;0.77801;1.58446;0;0;0;;;;
BLOQUE_16CFG_386_20260610_132433_CFG002_CONFIG_03_-_B3F_AVG4_ADC16384;386;BLOQUE_16CFG_386_20260610_132433_CFG002_CONFIG_03_-_B3F_AVG4_ADC16384;configurations;RIGHT;CONFIG 03 - B3F_AVG4_ADC16384;763;19.159248;10365;27902;32.80;2346;0.87513;1.51312;0;0;0;;;;
BLOQUE_16CFG_386_20260610_132433_CFG002_CONFIG_03_-_B3F_AVG4_ADC16384;386;BLOQUE_16CFG_386_20260610_132433_CFG002_CONFIG_03_-_B3F_AVG4_ADC16384;configurations;RIGHT;CONFIG 03 - B3F_AVG4_ADC16384;764;19.179760;10365;27898;33.02;2354;1.23479;1.62364;0;0;0;;;;
BLOQUE_16CFG_386_20260610_132433_CFG002_CONFIG_03_-_B3F_AVG4_ADC16384;386;BLOQUE_16CFG_386_20260610_132433_CFG002_CONFIG_03_-_B3F_AVG4_ADC16384;configurations;RIGHT;CONFIG 03 - B3F_AVG4_ADC16384;765;19.209581;10366;27904;32.85;2348;1.42155;1.65187;0;0;0;;;;
BLOQUE_16CFG_386_20260610_132433_CFG002_CONFIG_03_-_B3F_AVG4_ADC16384;386;BLOQUE_16CFG_386_20260610_132433_CFG002_CONFIG_03_-_B3F_AVG4_ADC16384;configurations;RIGHT;CONFIG 03 - B3F_AVG4_ADC16384;766;19.230275;10367;27906;33.13;2358;1.17502;1.72190;0;0;0;;;;
BLOQUE_16CFG_386_20260610_132433_CFG002_CONFIG_03_-_B3F_AVG4_ADC16384;386;BLOQUE_16CFG_386_20260610_132433_CFG002_CONFIG_03_-_B3F_AVG4_ADC16384;configurations;RIGHT;CONFIG 03 - B3F_AVG4_ADC16384;767;19.259735;10362;27904;32.88;2349;0.75453;1.65756;0;0;0;;;;
BLOQUE_16CFG_386_20260610_132433_CFG002_CONFIG_03_-_B3F_AVG4_ADC16384;386;BLOQUE_16CFG_386_20260610_132433_CFG002_CONFIG_03_-_B3F_AVG4_ADC16384;configurations;RIGHT;CONFIG 03 - B3F_AVG4_ADC16384;768;19.280449;10361;27902;32.80;2346;0.60299;1.74006;0;0;0;;;;
BLOQUE_16CFG_386_20260610_132433_CFG002_CONFIG_03_-_B3F_AVG4_ADC16384;386;BLOQUE_16CFG_386_20260610_132433_CFG002_CONFIG_03_-_B3F_AVG4_ADC16384;configurations;RIGHT;CONFIG 03 - B3F_AVG4_ADC16384;769;19.310016;10365;27912;32.66;2341;0.71291;1.88472;0;0;0;;;;
BLOQUE_16CFG_386_20260610_132433_CFG002_CONFIG_03_-_B3F_AVG4_ADC16384;386;BLOQUE_16CFG_386_20260610_132433_CFG002_CONFIG_03_-_B3F_AVG4_ADC16384;configurations;RIGHT;CONFIG 03 - B3F_AVG4_ADC16384;770;19.330107;10363;27913;32.20;2324;1.08431;1.98277;0;0;0;;;;
BLOQUE_16CFG_386_20260610_132433_CFG002_CONFIG_03_-_B3F_AVG4_ADC16384;386;BLOQUE_16CFG_386_20260610_132433_CFG002_CONFIG_03_-_B3F_AVG4_ADC16384;configurations;RIGHT;CONFIG 03 - B3F_AVG4_ADC16384;771;19.360472;10365;27908;32.23;2325;1.28281;1.89085;0;0;1;;;;
BLOQUE_16CFG_386_20260610_132433_CFG002_CONFIG_03_-_B3F_AVG4_ADC16384;386;BLOQUE_16CFG_386_20260610_132433_CFG002_CONFIG_03_-_B3F_AVG4_ADC16384;configurations;RIGHT;CONFIG 03 - B3F_AVG4_ADC16384;772;19.380872;10367;27907;32.72;2343;1.13874;1.74750;0;0;0;;;;
BLOQUE_16CFG_386_20260610_132433_CFG002_CONFIG_03_-_B3F_AVG4_ADC16384;386;BLOQUE_16CFG_386_20260610_132433_CFG002_CONFIG_03_-_B3F_AVG4_ADC16384;configurations;RIGHT;CONFIG 03 - B3F_AVG4_ADC16384;773;19.410706;10361;27905;32.34;2329;1.25400;1.64465;0;0;0;;;;
BLOQUE_16CFG_386_20260610_132433_CFG002_CONFIG_03_-_B3F_AVG4_ADC16384;386;BLOQUE_16CFG_386_20260610_132433_CFG002_CONFIG_03_-_B3F_AVG4_ADC16384;configurations;RIGHT;CONFIG 03 - B3F_AVG4_ADC16384;774;19.431180;10366;27902;33.40;2368;0.84525;1.63458;0;0;0;;;;
BLOQUE_16CFG_386_20260610_132433_CFG002_CONFIG_03_-_B3F_AVG4_ADC16384;386;BLOQUE_16CFG_386_20260610_132433_CFG002_CONFIG_03_-_B3F_AVG4_ADC16384;configurations;RIGHT;CONFIG 03 - B3F_AVG4_ADC16384;775;19.461044;10362;27906;32.96;2352;0.95411;1.68360;0;0;0;;;;
BLOQUE_16CFG_386_20260610_132433_CFG002_CONFIG_03_-_B3F_AVG4_ADC16384;386;BLOQUE_16CFG_386_20260610_132433_CFG002_CONFIG_03_-_B3F_AVG4_ADC16384;configurations;RIGHT;CONFIG 03 - B3F_AVG4_ADC16384;776;19.481400;10362;27907;32.96;2352;0.72145;1.84117;0;0;0;;;;
BLOQUE_16CFG_386_20260610_132433_CFG002_CONFIG_03_-_B3F_AVG4_ADC16384;386;BLOQUE_16CFG_386_20260610_132433_CFG002_CONFIG_03_-_B3F_AVG4_ADC16384;configurations;RIGHT;CONFIG 03 - B3F_AVG4_ADC16384;777;19.511355;10363;27910;32.99;2353;1.09605;1.84314;0;0;0;;;;
BLOQUE_16CFG_386_20260610_132433_CFG002_CONFIG_03_-_B3F_AVG4_ADC16384;386;BLOQUE_16CFG_386_20260610_132433_CFG002_CONFIG_03_-_B3F_AVG4_ADC16384;configurations;RIGHT;CONFIG 03 - B3F_AVG4_ADC16384;778;19.531756;10366;27905;33.04;2355;1.20704;1.89895;0;0;0;;;;
BLOQUE_16CFG_386_20260610_132433_CFG002_CONFIG_03_-_B3F_AVG4_ADC16384;386;BLOQUE_16CFG_386_20260610_132433_CFG002_CONFIG_03_-_B3F_AVG4_ADC16384;configurations;RIGHT;CONFIG 03 - B3F_AVG4_ADC16384;779;19.561556;10363;27909;32.99;2353;1.22625;1.74532;0;0;0;;;;
BLOQUE_16CFG_386_20260610_132433_CFG002_CONFIG_03_-_B3F_AVG4_ADC16384;386;BLOQUE_16CFG_386_20260610_132433_CFG002_CONFIG_03_-_B3F_AVG4_ADC16384;configurations;RIGHT;CONFIG 03 - B3F_AVG4_ADC16384;780;19.581989;10363;27900;32.50;2335;0.81963;1.75341;0;0;0;;;;
BLOQUE_16CFG_386_20260610_132433_CFG002_CONFIG_03_-_B3F_AVG4_ADC16384;386;BLOQUE_16CFG_386_20260610_132433_CFG002_CONFIG_03_-_B3F_AVG4_ADC16384;configurations;RIGHT;CONFIG 03 - B3F_AVG4_ADC16384;781;19.611896;10361;27904;32.99;2353;0.76200;1.64355;0;0;0;;;;
BLOQUE_16CFG_386_20260610_132433_CFG002_CONFIG_03_-_B3F_AVG4_ADC16384;386;BLOQUE_16CFG_386_20260610_132433_CFG002_CONFIG_03_-_B3F_AVG4_ADC16384;configurations;RIGHT;CONFIG 03 - B3F_AVG4_ADC16384;782;19.632148;10362;27901;32.91;2350;0.45464;1.59409;0;0;0;;;;
BLOQUE_16CFG_386_20260610_132433_CFG002_CONFIG_03_-_B3F_AVG4_ADC16384;386;BLOQUE_16CFG_386_20260610_132433_CFG002_CONFIG_03_-_B3F_AVG4_ADC16384;configurations;RIGHT;CONFIG 03 - B3F_AVG4_ADC16384;783;19.662143;10359;27895;32.64;2340;0.67022;1.28617;0;0;0;;;;
BLOQUE_16CFG_386_20260610_132433_CFG002_CONFIG_03_-_B3F_AVG4_ADC16384;386;BLOQUE_16CFG_386_20260610_132433_CFG002_CONFIG_03_-_B3F_AVG4_ADC16384;configurations;RIGHT;CONFIG 03 - B3F_AVG4_ADC16384;784;19.682561;10363;27884;33.34;2366;0.19744;1.14414;0;0;0;;;;
BLOQUE_16CFG_386_20260610_132433_CFG002_CONFIG_03_-_B3F_AVG4_ADC16384;386;BLOQUE_16CFG_386_20260610_132433_CFG002_CONFIG_03_-_B3F_AVG4_ADC16384;configurations;RIGHT;CONFIG 03 - B3F_AVG4_ADC16384;785;19.712397;10356;27890;32.83;2347;-0.18143;0.95702;0;0;0;;;;
BLOQUE_16CFG_386_20260610_132433_CFG002_CONFIG_03_-_B3F_AVG4_ADC16384;386;BLOQUE_16CFG_386_20260610_132433_CFG002_CONFIG_03_-_B3F_AVG4_ADC16384;configurations;RIGHT;CONFIG 03 - B3F_AVG4_ADC16384;786;19.732867;10354;27881;32.50;2335;-0.55710;1.00780;0;0;0;;;;
BLOQUE_16CFG_386_20260610_132433_CFG002_CONFIG_03_-_B3F_AVG4_ADC16384;386;BLOQUE_16CFG_386_20260610_132433_CFG002_CONFIG_03_-_B3F_AVG4_ADC16384;configurations;RIGHT;CONFIG 03 - B3F_AVG4_ADC16384;787;19.762662;10358;27883;32.80;2346;-0.32124;0.90625;0;0;1;;;;
BLOQUE_16CFG_386_20260610_132433_CFG002_CONFIG_03_-_B3F_AVG4_ADC16384;386;BLOQUE_16CFG_386_20260610_132433_CFG002_CONFIG_03_-_B3F_AVG4_ADC16384;configurations;RIGHT;CONFIG 03 - B3F_AVG4_ADC16384;788;19.782807;10358;27880;32.77;2345;-0.51867;0.96753;0;0;0;;;;
BLOQUE_16CFG_386_20260610_132433_CFG002_CONFIG_03_-_B3F_AVG4_ADC16384;386;BLOQUE_16CFG_386_20260610_132433_CFG002_CONFIG_03_-_B3F_AVG4_ADC16384;configurations;RIGHT;CONFIG 03 - B3F_AVG4_ADC16384;789;19.813096;10351;27880;32.88;2349;-0.36713;0.92726;0;0;0;;;;
BLOQUE_16CFG_386_20260610_132433_CFG002_CONFIG_03_-_B3F_AVG4_ADC16384;386;BLOQUE_16CFG_386_20260610_132433_CFG002_CONFIG_03_-_B3F_AVG4_ADC16384;configurations;RIGHT;CONFIG 03 - B3F_AVG4_ADC16384;790;19.833503;10359;27876;32.74;2344;-0.46531;0.85920;0;0;0;;;;
BLOQUE_16CFG_386_20260610_132433_CFG002_CONFIG_03_-_B3F_AVG4_ADC16384;386;BLOQUE_16CFG_386_20260610_132433_CFG002_CONFIG_03_-_B3F_AVG4_ADC16384;configurations;RIGHT;CONFIG 03 - B3F_AVG4_ADC16384;791;19.863323;10356;27871;33.29;2364;-0.21451;0.76247;0;0;0;;;;
BLOQUE_16CFG_386_20260610_132433_CFG002_CONFIG_03_-_B3F_AVG4_ADC16384;386;BLOQUE_16CFG_386_20260610_132433_CFG002_CONFIG_03_-_B3F_AVG4_ADC16384;configurations;RIGHT;CONFIG 03 - B3F_AVG4_ADC16384;792;19.883629;10353;27869;33.15;2359;-0.39701;0.86773;0;0;0;;;;
BLOQUE_16CFG_386_20260610_132433_CFG002_CONFIG_03_-_B3F_AVG4_ADC16384;386;BLOQUE_16CFG_386_20260610_132433_CFG002_CONFIG_03_-_B3F_AVG4_ADC16384;configurations;RIGHT;CONFIG 03 - B3F_AVG4_ADC16384;793;19.913579;10356;27876;32.83;2347;-0.50694;0.92223;0;0;0;;;;
BLOQUE_16CFG_386_20260610_132433_CFG002_CONFIG_03_-_B3F_AVG4_ADC16384;386;BLOQUE_16CFG_386_20260610_132433_CFG002_CONFIG_03_-_B3F_AVG4_ADC16384;configurations;RIGHT;CONFIG 03 - B3F_AVG4_ADC16384;794;19.933265;10354;27868;33.26;2363;-0.62860;1.05003;0;0;0;;;;
BLOQUE_16CFG_386_20260610_132433_CFG002_CONFIG_03_-_B3F_AVG4_ADC16384;386;BLOQUE_16CFG_386_20260610_132433_CFG002_CONFIG_03_-_B3F_AVG4_ADC16384;configurations;RIGHT;CONFIG 03 - B3F_AVG4_ADC16384;795;19.963816;10351;27870;32.12;2321;-0.93169;1.05857;0;0;0;;;;
BLOQUE_16CFG_386_20260610_132433_CFG002_CONFIG_03_-_B3F_AVG4_ADC16384;386;BLOQUE_16CFG_386_20260610_132433_CFG002_CONFIG_03_-_B3F_AVG4_ADC16384;configurations;RIGHT;CONFIG 03 - B3F_AVG4_ADC16384;796;19.983927;10352;27870;33.13;2358;-1.05122;1.14042;0;0;0;;;;
BLOQUE_16CFG_386_20260610_132433_CFG002_CONFIG_03_-_B3F_AVG4_ADC16384;386;BLOQUE_16CFG_386_20260610_132433_CFG002_CONFIG_03_-_B3F_AVG4_ADC16384;configurations;RIGHT;CONFIG 03 - B3F_AVG4_ADC16384;797;20.014090;10352;27866;32.15;2322;-0.81643;1.06579;0;0;0;;;;
BLOQUE_16CFG_386_20260610_132433_CFG002_CONFIG_03_-_B3F_AVG4_ADC16384;386;BLOQUE_16CFG_386_20260610_132433_CFG002_CONFIG_03_-_B3F_AVG4_ADC16384;configurations;RIGHT;CONFIG 03 - B3F_AVG4_ADC16384;798;20.034375;10353;27859;32.28;2327;-0.39594;1.15070;0;0;0;;;;
BLOQUE_16CFG_386_20260610_132433_CFG002_CONFIG_03_-_B3F_AVG4_ADC16384;386;BLOQUE_16CFG_386_20260610_132433_CFG002_CONFIG_03_-_B3F_AVG4_ADC16384;configurations;RIGHT;CONFIG 03 - B3F_AVG4_ADC16384;799;20.064466;10356;27868;32.74;2344;-0.15048;1.23715;0;0;0;;;;
BLOQUE_16CFG_386_20260610_132433_CFG002_CONFIG_03_-_B3F_AVG4_ADC16384;386;BLOQUE_16CFG_386_20260610_132433_CFG002_CONFIG_03_-_B3F_AVG4_ADC16384;configurations;RIGHT;CONFIG 03 - B3F_AVG4_ADC16384;800;20.084497;10354;27864;32.26;2326;-0.24867;1.34526;0;0;0;;;;
BLOQUE_16CFG_386_20260610_132433_CFG002_CONFIG_03_-_B3F_AVG4_ADC16384;386;BLOQUE_16CFG_386_20260610_132433_CFG002_CONFIG_03_-_B3F_AVG4_ADC16384;configurations;RIGHT;CONFIG 03 - B3F_AVG4_ADC16384;801;20.114868;10351;27858;32.23;2325;-0.26361;1.24415;0;0;1;;;;
BLOQUE_16CFG_386_20260610_132433_CFG002_CONFIG_03_-_B3F_AVG4_ADC16384;386;BLOQUE_16CFG_386_20260610_132433_CFG002_CONFIG_03_-_B3F_AVG4_ADC16384;configurations;RIGHT;CONFIG 03 - B3F_AVG4_ADC16384;802;20.135408;10355;27855;32.96;2352;-0.28282;1.03953;0;0;0;;;;
BLOQUE_16CFG_386_20260610_132433_CFG002_CONFIG_03_-_B3F_AVG4_ADC16384;386;BLOQUE_16CFG_386_20260610_132433_CFG002_CONFIG_03_-_B3F_AVG4_ADC16384;configurations;RIGHT;CONFIG 03 - B3F_AVG4_ADC16384;803;20.165097;10353;27845;33.29;2364;-0.47812;0.96118;0;0;0;;;;
BLOQUE_16CFG_386_20260610_132433_CFG002_CONFIG_03_-_B3F_AVG4_ADC16384;386;BLOQUE_16CFG_386_20260610_132433_CFG002_CONFIG_03_-_B3F_AVG4_ADC16384;configurations;RIGHT;CONFIG 03 - B3F_AVG4_ADC16384;804;20.184753;10348;27846;32.23;2325;-0.84418;0.88524;0;0;0;;;;
BLOQUE_16CFG_386_20260610_132433_CFG002_CONFIG_03_-_B3F_AVG4_ADC16384;386;BLOQUE_16CFG_386_20260610_132433_CFG002_CONFIG_03_-_B3F_AVG4_ADC16384;configurations;RIGHT;CONFIG 03 - B3F_AVG4_ADC16384;805;20.215273;10350;27843;32.88;2349;-0.68303;0.83381;0;0;0;;;;
BLOQUE_16CFG_386_20260610_132433_CFG002_CONFIG_03_-_B3F_AVG4_ADC16384;386;BLOQUE_16CFG_386_20260610_132433_CFG002_CONFIG_03_-_B3F_AVG4_ADC16384;configurations;RIGHT;CONFIG 03 - B3F_AVG4_ADC16384;806;20.236037;10354;27834;33.29;2364;-0.42583;0.76750;0;0;0;;;;
BLOQUE_16CFG_386_20260610_132433_CFG002_CONFIG_03_-_B3F_AVG4_ADC16384;386;BLOQUE_16CFG_386_20260610_132433_CFG002_CONFIG_03_-_B3F_AVG4_ADC16384;configurations;RIGHT;CONFIG 03 - B3F_AVG4_ADC16384;807;20.265729;10350;27834;32.66;2341;-0.08751;0.61562;0;0;0;;;;
BLOQUE_16CFG_386_20260610_132433_CFG002_CONFIG_03_-_B3F_AVG4_ADC16384;386;BLOQUE_16CFG_386_20260610_132433_CFG002_CONFIG_03_-_B3F_AVG4_ADC16384;configurations;RIGHT;CONFIG 03 - B3F_AVG4_ADC16384;808;20.286262;10353;27826;32.64;2340;-0.44504;0.53552;0;0;0;;;;
BLOQUE_16CFG_386_20260610_132433_CFG002_CONFIG_03_-_B3F_AVG4_ADC16384;386;BLOQUE_16CFG_386_20260610_132433_CFG002_CONFIG_03_-_B3F_AVG4_ADC16384;configurations;RIGHT;CONFIG 03 - B3F_AVG4_ADC16384;809;20.315991;10349;27821;32.18;2323;-0.20064;0.35672;0;0;0;;;;
BLOQUE_16CFG_386_20260610_132433_CFG002_CONFIG_03_-_B3F_AVG4_ADC16384;386;BLOQUE_16CFG_386_20260610_132433_CFG002_CONFIG_03_-_B3F_AVG4_ADC16384;configurations;RIGHT;CONFIG 03 - B3F_AVG4_ADC16384;810;20.335579;10352;27815;32.69;2342;-0.55496;0.34381;0;0;0;;;;
BLOQUE_16CFG_386_20260610_132433_CFG002_CONFIG_03_-_B3F_AVG4_ADC16384;386;BLOQUE_16CFG_386_20260610_132433_CFG002_CONFIG_03_-_B3F_AVG4_ADC16384;configurations;RIGHT;CONFIG 03 - B3F_AVG4_ADC16384;811;20.366204;10348;27816;33.02;2354;-0.47492;0.46024;0;0;0;;;;
BLOQUE_16CFG_386_20260610_132433_CFG002_CONFIG_03_-_B3F_AVG4_ADC16384;386;BLOQUE_16CFG_386_20260610_132433_CFG002_CONFIG_03_-_B3F_AVG4_ADC16384;configurations;RIGHT;CONFIG 03 - B3F_AVG4_ADC16384;812;20.386317;10349;27818;32.50;2335;-0.47385;0.61387;0;0;0;;;;
BLOQUE_16CFG_386_20260610_132433_CFG002_CONFIG_03_-_B3F_AVG4_ADC16384;386;BLOQUE_16CFG_386_20260610_132433_CFG002_CONFIG_03_-_B3F_AVG4_ADC16384;configurations;RIGHT;CONFIG 03 - B3F_AVG4_ADC16384;813;20.416549;10351;27814;32.58;2338;-0.29883;0.64735;0;0;0;;;;
BLOQUE_16CFG_386_20260610_132433_CFG002_CONFIG_03_-_B3F_AVG4_ADC16384;386;BLOQUE_16CFG_386_20260610_132433_CFG002_CONFIG_03_-_B3F_AVG4_ADC16384;configurations;RIGHT;CONFIG 03 - B3F_AVG4_ADC16384;814;20.436902;10349;27808;33.40;2368;0.14514;0.64801;0;0;0;;;;
BLOQUE_16CFG_386_20260610_132433_CFG002_CONFIG_03_-_B3F_AVG4_ADC16384;386;BLOQUE_16CFG_386_20260610_132433_CFG002_CONFIG_03_-_B3F_AVG4_ADC16384;configurations;RIGHT;CONFIG 03 - B3F_AVG4_ADC16384;815;20.466775;10353;27808;32.96;2352;0.15368;0.63335;0;0;0;;;;
BLOQUE_16CFG_386_20260610_132433_CFG002_CONFIG_03_-_B3F_AVG4_ADC16384;386;BLOQUE_16CFG_386_20260610_132433_CFG002_CONFIG_03_-_B3F_AVG4_ADC16384;configurations;RIGHT;CONFIG 03 - B3F_AVG4_ADC16384;816;20.487148;10350;27803;33.37;2367;0.51014;0.67449;0;0;0;;;;
BLOQUE_16CFG_386_20260610_132433_CFG002_CONFIG_03_-_B3F_AVG4_ADC16384;386;BLOQUE_16CFG_386_20260610_132433_CFG002_CONFIG_03_-_B3F_AVG4_ADC16384;configurations;RIGHT;CONFIG 03 - B3F_AVG4_ADC16384;817;20.517090;10352;27800;32.96;2352;0.60299;0.64932;0;0;0;;;;
BLOQUE_16CFG_386_20260610_132433_CFG002_CONFIG_03_-_B3F_AVG4_ADC16384;386;BLOQUE_16CFG_386_20260610_132433_CFG002_CONFIG_03_-_B3F_AVG4_ADC16384;configurations;RIGHT;CONFIG 03 - B3F_AVG4_ADC16384;818;20.536673;10353;27796;32.69;2342;0.78335;0.85657;0;0;0;;;;
BLOQUE_16CFG_386_20260610_132433_CFG002_CONFIG_03_-_B3F_AVG4_ADC16384;386;BLOQUE_16CFG_386_20260610_132433_CFG002_CONFIG_03_-_B3F_AVG4_ADC16384;configurations;RIGHT;CONFIG 03 - B3F_AVG4_ADC16384;819;20.567349;10351;27804;32.96;2352;0.87513;0.88874;0;0;0;;;;
BLOQUE_16CFG_386_20260610_132433_CFG002_CONFIG_03_-_B3F_AVG4_ADC16384;386;BLOQUE_16CFG_386_20260610_132433_CFG002_CONFIG_03_-_B3F_AVG4_ADC16384;configurations;RIGHT;CONFIG 03 - B3F_AVG4_ADC16384;820;20.587862;10352;27791;33.21;2361;0.79509;1.05966;0;0;0;;;;
BLOQUE_16CFG_386_20260610_132433_CFG002_CONFIG_03_-_B3F_AVG4_ADC16384;386;BLOQUE_16CFG_386_20260610_132433_CFG002_CONFIG_03_-_B3F_AVG4_ADC16384;configurations;RIGHT;CONFIG 03 - B3F_AVG4_ADC16384;821;20.617687;10351;27795;32.42;2332;0.97758;0.96534;0;0;1;;;;
BLOQUE_16CFG_386_20260610_132433_CFG002_CONFIG_03_-_B3F_AVG4_ADC16384;386;BLOQUE_16CFG_386_20260610_132433_CFG002_CONFIG_03_-_B3F_AVG4_ADC16384;configurations;RIGHT;CONFIG 03 - B3F_AVG4_ADC16384;822;20.638379;10352;27788;33.02;2354;0.73105;0.99532;0;0;0;;;;
BLOQUE_16CFG_386_20260610_132433_CFG002_CONFIG_03_-_B3F_AVG4_ADC16384;386;BLOQUE_16CFG_386_20260610_132433_CFG002_CONFIG_03_-_B3F_AVG4_ADC16384;configurations;RIGHT;CONFIG 03 - B3F_AVG4_ADC16384;823;20.668028;10348;27782;32.23;2325;0.56883;0.85241;0;0;0;;;;
BLOQUE_16CFG_386_20260610_132433_CFG002_CONFIG_03_-_B3F_AVG4_ADC16384;386;BLOQUE_16CFG_386_20260610_132433_CFG002_CONFIG_03_-_B3F_AVG4_ADC16384;configurations;RIGHT;CONFIG 03 - B3F_AVG4_ADC16384;824;20.688631;10348;27776;32.80;2346;0.57737;0.76072;0;0;0;;;;
BLOQUE_16CFG_386_20260610_132433_CFG002_CONFIG_03_-_B3F_AVG4_ADC16384;386;BLOQUE_16CFG_386_20260610_132433_CFG002_CONFIG_03_-_B3F_AVG4_ADC16384;configurations;RIGHT;CONFIG 03 - B3F_AVG4_ADC16384;825;20.718244;10351;27772;32.18;2323;0.49520;0.66639;0;0;0;;;;
BLOQUE_16CFG_386_20260610_132433_CFG002_CONFIG_03_-_B3F_AVG4_ADC16384;386;BLOQUE_16CFG_386_20260610_132433_CFG002_CONFIG_03_-_B3F_AVG4_ADC16384;configurations;RIGHT;CONFIG 03 - B3F_AVG4_ADC16384;826;20.737991;10346;27766;32.15;2322;0.57844;0.74780;0;0;0;;;;
BLOQUE_16CFG_386_20260610_132433_CFG002_CONFIG_03_-_B3F_AVG4_ADC16384;386;BLOQUE_16CFG_386_20260610_132433_CFG002_CONFIG_03_-_B3F_AVG4_ADC16384;configurations;RIGHT;CONFIG 03 - B3F_AVG4_ADC16384;827;20.768498;10348;27770;33.02;2354;0.48452;0.63707;0;0;0;;;;
BLOQUE_16CFG_386_20260610_132433_CFG002_CONFIG_03_-_B3F_AVG4_ADC16384;386;BLOQUE_16CFG_386_20260610_132433_CFG002_CONFIG_03_-_B3F_AVG4_ADC16384;configurations;RIGHT;CONFIG 03 - B3F_AVG4_ADC16384;828;20.789139;10349;27755;32.58;2338;0.65315;0.58104;0;0;0;;;;
BLOQUE_16CFG_386_20260610_132433_CFG002_CONFIG_03_-_B3F_AVG4_ADC16384;386;BLOQUE_16CFG_386_20260610_132433_CFG002_CONFIG_03_-_B3F_AVG4_ADC16384;configurations;RIGHT;CONFIG 03 - B3F_AVG4_ADC16384;829;20.818884;10347;27752;32.85;2348;0.47599;0.54362;0;0;0;;;;
BLOQUE_16CFG_386_20260610_132433_CFG002_CONFIG_03_-_B3F_AVG4_ADC16384;386;BLOQUE_16CFG_386_20260610_132433_CFG002_CONFIG_03_-_B3F_AVG4_ADC16384;configurations;RIGHT;CONFIG 03 - B3F_AVG4_ADC16384;830;20.839026;10345;27757;33.37;2367;-0.04803;0.39896;0;0;0;;;;
BLOQUE_16CFG_386_20260610_132433_CFG002_CONFIG_03_-_B3F_AVG4_ADC16384;386;BLOQUE_16CFG_386_20260610_132433_CFG002_CONFIG_03_-_B3F_AVG4_ADC16384;configurations;RIGHT;CONFIG 03 - B3F_AVG4_ADC16384;831;20.869088;10342;27736;32.61;2339;-0.22839;0.32521;0;0;0;;;;
BLOQUE_16CFG_386_20260610_132433_CFG002_CONFIG_03_-_B3F_AVG4_ADC16384;386;BLOQUE_16CFG_386_20260610_132433_CFG002_CONFIG_03_-_B3F_AVG4_ADC16384;configurations;RIGHT;CONFIG 03 - B3F_AVG4_ADC16384;832;20.888811;10344;27737;32.91;2350;0.02455;0.07463;0;0;0;;;;
BLOQUE_16CFG_386_20260610_132433_CFG002_CONFIG_03_-_B3F_AVG4_ADC16384;386;BLOQUE_16CFG_386_20260610_132433_CFG002_CONFIG_03_-_B3F_AVG4_ADC16384;configurations;RIGHT;CONFIG 03 - B3F_AVG4_ADC16384;833;20.919392;10347;27732;32.28;2327;0.71078;0.09367;0;0;0;;;;
BLOQUE_16CFG_386_20260610_132433_CFG002_CONFIG_03_-_B3F_AVG4_ADC16384;386;BLOQUE_16CFG_386_20260610_132433_CFG002_CONFIG_03_-_B3F_AVG4_ADC16384;configurations;RIGHT;CONFIG 03 - B3F_AVG4_ADC16384;834;20.940137;10349;27726;32.66;2341;1.22412;0.07813;0;0;0;;;;
BLOQUE_16CFG_386_20260610_132433_CFG002_CONFIG_03_-_B3F_AVG4_ADC16384;386;BLOQUE_16CFG_386_20260610_132433_CFG002_CONFIG_03_-_B3F_AVG4_ADC16384;configurations;RIGHT;CONFIG 03 - B3F_AVG4_ADC16384;835;20.969778;10349;27725;32.91;2350;1.56670;-0.02364;0;0;0;;;;
BLOQUE_16CFG_386_20260610_132433_CFG002_CONFIG_03_-_B3F_AVG4_ADC16384;386;BLOQUE_16CFG_386_20260610_132433_CFG002_CONFIG_03_-_B3F_AVG4_ADC16384;configurations;RIGHT;CONFIG 03 - B3F_AVG4_ADC16384;836;20.990203;10350;27715;33.15;2359;1.04055;0.15998;0;0;0;;;;
BLOQUE_16CFG_386_20260610_132433_CFG002_CONFIG_03_-_B3F_AVG4_ADC16384;386;BLOQUE_16CFG_386_20260610_132433_CFG002_CONFIG_03_-_B3F_AVG4_ADC16384;configurations;RIGHT;CONFIG 03 - B3F_AVG4_ADC16384;837;21.019938;10342;27725;32.58;2338;0.85485;0.29326;0;0;0;;;;
BLOQUE_16CFG_386_20260610_132433_CFG002_CONFIG_03_-_B3F_AVG4_ADC16384;386;BLOQUE_16CFG_386_20260610_132433_CFG002_CONFIG_03_-_B3F_AVG4_ADC16384;configurations;RIGHT;CONFIG 03 - B3F_AVG4_ADC16384;838;21.039883;10346;27721;33.23;2362;0.41195;0.55106;0;0;0;;;;
BLOQUE_16CFG_386_20260610_132433_CFG002_CONFIG_03_-_B3F_AVG4_ADC16384;386;BLOQUE_16CFG_386_20260610_132433_CFG002_CONFIG_03_-_B3F_AVG4_ADC16384;configurations;RIGHT;CONFIG 03 - B3F_AVG4_ADC16384;839;21.070315;10344;27718;32.72;2343;0.58057;0.63225;0;0;0;;;;
BLOQUE_16CFG_386_20260610_132433_CFG002_CONFIG_03_-_B3F_AVG4_ADC16384;386;BLOQUE_16CFG_386_20260610_132433_CFG002_CONFIG_03_-_B3F_AVG4_ADC16384;configurations;RIGHT;CONFIG 03 - B3F_AVG4_ADC16384;840;21.090556;10343;27718;30.84;2273;0.40555;0.46571;0;0;1;;;;
BLOQUE_16CFG_386_20260610_132433_CFG002_CONFIG_03_-_B3F_AVG4_ADC16384;386;BLOQUE_16CFG_386_20260610_132433_CFG002_CONFIG_03_-_B3F_AVG4_ADC16384;configurations;RIGHT;CONFIG 03 - B3F_AVG4_ADC16384;841;21.120723;10343;27700;32.26;2326;0.22732;0.26327;0;0;0;;;;
BLOQUE_16CFG_386_20260610_132433_CFG002_CONFIG_03_-_B3F_AVG4_ADC16384;386;BLOQUE_16CFG_386_20260610_132433_CFG002_CONFIG_03_-_B3F_AVG4_ADC16384;configurations;RIGHT;CONFIG 03 - B3F_AVG4_ADC16384;842;21.140422;10341;27695;32.50;2335;0.39701;0.07638;0;0;0;;;;
BLOQUE_16CFG_386_20260610_132433_CFG002_CONFIG_03_-_B3F_AVG4_ADC16384;386;BLOQUE_16CFG_386_20260610_132433_CFG002_CONFIG_03_-_B3F_AVG4_ADC16384;configurations;RIGHT;CONFIG 03 - B3F_AVG4_ADC16384;843;21.170825;10344;27696;34.11;2394;0.74493;0.11774;0;0;0;;;;
BLOQUE_16CFG_386_20260610_132433_CFG002_CONFIG_03_-_B3F_AVG4_ADC16384;386;BLOQUE_16CFG_386_20260610_132433_CFG002_CONFIG_03_-_B3F_AVG4_ADC16384;configurations;RIGHT;CONFIG 03 - B3F_AVG4_ADC16384;844;21.190521;10346;27691;33.21;2361;0.74279;0.10395;0;0;0;;;;
BLOQUE_16CFG_386_20260610_132433_CFG002_CONFIG_03_-_B3F_AVG4_ADC16384;386;BLOQUE_16CFG_386_20260610_132433_CFG002_CONFIG_03_-_B3F_AVG4_ADC16384;configurations;RIGHT;CONFIG 03 - B3F_AVG4_ADC16384;845;21.221265;10340;27683;32.26;2326;0.47492;-0.08820;0;0;0;;;;
BLOQUE_16CFG_386_20260610_132433_CFG002_CONFIG_03_-_B3F_AVG4_ADC16384;386;BLOQUE_16CFG_386_20260610_132433_CFG002_CONFIG_03_-_B3F_AVG4_ADC16384;configurations;RIGHT;CONFIG 03 - B3F_AVG4_ADC16384;846;21.241914;10340;27674;32.23;2325;-0.05656;-0.05274;0;0;0;;;;
BLOQUE_16CFG_386_20260610_132433_CFG002_CONFIG_03_-_B3F_AVG4_ADC16384;386;BLOQUE_16CFG_386_20260610_132433_CFG002_CONFIG_03_-_B3F_AVG4_ADC16384;configurations;RIGHT;CONFIG 03 - B3F_AVG4_ADC16384;847;21.271432;10339;27682;32.09;2320;0.18997;0.00000;0;0;0;;;;
BLOQUE_16CFG_386_20260610_132433_CFG002_CONFIG_03_-_B3F_AVG4_ADC16384;386;BLOQUE_16CFG_386_20260610_132433_CFG002_CONFIG_03_-_B3F_AVG4_ADC16384;configurations;RIGHT;CONFIG 03 - B3F_AVG4_ADC16384;848;21.291196;10342;27675;32.47;2334;0.17716;0.08491;0;0;0;;;;
BLOQUE_16CFG_386_20260610_132433_CFG002_CONFIG_03_-_B3F_AVG4_ADC16384;386;BLOQUE_16CFG_386_20260610_132433_CFG002_CONFIG_03_-_B3F_AVG4_ADC16384;configurations;RIGHT;CONFIG 03 - B3F_AVG4_ADC16384;849;21.321848;10339;27668;33.18;2360;0.33404;-0.23876;0;0;0;;;;
BLOQUE_16CFG_386_20260610_132433_CFG002_CONFIG_03_-_B3F_AVG4_ADC16384;386;BLOQUE_16CFG_386_20260610_132433_CFG002_CONFIG_03_-_B3F_AVG4_ADC16384;configurations;RIGHT;CONFIG 03 - B3F_AVG4_ADC16384;850;21.342259;10340;27653;32.96;2352;-0.01601;-0.40465;0;0;0;;;;
BLOQUE_16CFG_386_20260610_132433_CFG002_CONFIG_03_-_B3F_AVG4_ADC16384;386;BLOQUE_16CFG_386_20260610_132433_CFG002_CONFIG_03_-_B3F_AVG4_ADC16384;configurations;RIGHT;CONFIG 03 - B3F_AVG4_ADC16384;851;21.372112;10337;27655;32.20;2324;0.23799;-0.53421;0;0;0;;;;
BLOQUE_16CFG_386_20260610_132433_CFG002_CONFIG_03_-_B3F_AVG4_ADC16384;386;BLOQUE_16CFG_386_20260610_132433_CFG002_CONFIG_03_-_B3F_AVG4_ADC16384;configurations;RIGHT;CONFIG 03 - B3F_AVG4_ADC16384;852;21.392376;10341;27650;32.47;2334;-0.10992;-0.57382;0;0;0;;;;
BLOQUE_16CFG_386_20260610_132433_CFG002_CONFIG_03_-_B3F_AVG4_ADC16384;386;BLOQUE_16CFG_386_20260610_132433_CFG002_CONFIG_03_-_B3F_AVG4_ADC16384;configurations;RIGHT;CONFIG 03 - B3F_AVG4_ADC16384;853;21.422348;10335;27640;32.53;2336;-0.28815;-0.84344;0;0;0;;;;
BLOQUE_16CFG_386_20260610_132433_CFG002_CONFIG_03_-_B3F_AVG4_ADC16384;386;BLOQUE_16CFG_386_20260610_132433_CFG002_CONFIG_03_-_B3F_AVG4_ADC16384;configurations;RIGHT;CONFIG 03 - B3F_AVG4_ADC16384;854;21.442756;10334;27629;32.28;2327;-0.89648;-0.97256;0;0;0;;;;
BLOQUE_16CFG_386_20260610_132433_CFG002_CONFIG_03_-_B3F_AVG4_ADC16384;386;BLOQUE_16CFG_386_20260610_132433_CFG002_CONFIG_03_-_B3F_AVG4_ADC16384;configurations;RIGHT;CONFIG 03 - B3F_AVG4_ADC16384;855;21.472611;10333;27632;31.91;2313;-0.98079;-0.99510;0;0;0;;;;
BLOQUE_16CFG_386_20260610_132433_CFG002_CONFIG_03_-_B3F_AVG4_ADC16384;386;BLOQUE_16CFG_386_20260610_132433_CFG002_CONFIG_03_-_B3F_AVG4_ADC16384;configurations;RIGHT;CONFIG 03 - B3F_AVG4_ADC16384;856;21.493046;10333;27628;33.04;2355;-0.98079;-0.98307;0;0;0;;;;
BLOQUE_16CFG_386_20260610_132433_CFG002_CONFIG_03_-_B3F_AVG4_ADC16384;386;BLOQUE_16CFG_386_20260610_132433_CFG002_CONFIG_03_-_B3F_AVG4_ADC16384;configurations;RIGHT;CONFIG 03 - B3F_AVG4_ADC16384;857;21.523089;10333;27619;32.77;2345;-0.80149;-1.02312;0;0;0;;;;
BLOQUE_16CFG_386_20260610_132433_CFG002_CONFIG_03_-_B3F_AVG4_ADC16384;386;BLOQUE_16CFG_386_20260610_132433_CFG002_CONFIG_03_-_B3F_AVG4_ADC16384;configurations;RIGHT;CONFIG 03 - B3F_AVG4_ADC16384;858;21.542693;10334;27619;32.04;2318;-0.44824;-1.01130;0;0;0;;;;
BLOQUE_16CFG_386_20260610_132433_CFG002_CONFIG_03_-_B3F_AVG4_ADC16384;386;BLOQUE_16CFG_386_20260610_132433_CFG002_CONFIG_03_-_B3F_AVG4_ADC16384;configurations;RIGHT;CONFIG 03 - B3F_AVG4_ADC16384;859;21.573276;10336;27618;32.61;2339;-0.08751;-0.96096;0;0;0;;;;
BLOQUE_16CFG_386_20260610_132433_CFG002_CONFIG_03_-_B3F_AVG4_ADC16384;386;BLOQUE_16CFG_386_20260610_132433_CFG002_CONFIG_03_-_B3F_AVG4_ADC16384;configurations;RIGHT;CONFIG 03 - B3F_AVG4_ADC16384;860;21.593553;10336;27611;33.54;2373;-0.07364;-0.69878;0;0;0;;;;
BLOQUE_16CFG_386_20260610_132433_CFG002_CONFIG_03_-_B3F_AVG4_ADC16384;386;BLOQUE_16CFG_386_20260610_132433_CFG002_CONFIG_03_-_B3F_AVG4_ADC16384;configurations;RIGHT;CONFIG 03 - B3F_AVG4_ADC16384;861;21.623494;10333;27623;32.91;2350;-0.66595;-0.57645;0;0;0;;;;
BLOQUE_16CFG_386_20260610_132433_CFG002_CONFIG_03_-_B3F_AVG4_ADC16384;386;BLOQUE_16CFG_386_20260610_132433_CFG002_CONFIG_03_-_B3F_AVG4_ADC16384;configurations;RIGHT;CONFIG 03 - B3F_AVG4_ADC16384;862;21.643747;10328;27614;32.39;2331;-0.91462;-0.54537;0;0;0;;;;
BLOQUE_16CFG_386_20260610_132433_CFG002_CONFIG_03_-_B3F_AVG4_ADC16384;386;BLOQUE_16CFG_386_20260610_132433_CFG002_CONFIG_03_-_B3F_AVG4_ADC16384;configurations;RIGHT;CONFIG 03 - B3F_AVG4_ADC16384;863;21.673840;10332;27602;32.58;2338;-0.99146;-0.79858;0;0;0;;;;
BLOQUE_16CFG_386_20260610_132433_CFG002_CONFIG_03_-_B3F_AVG4_ADC16384;386;BLOQUE_16CFG_386_20260610_132433_CFG002_CONFIG_03_-_B3F_AVG4_ADC16384;configurations;RIGHT;CONFIG 03 - B3F_AVG4_ADC16384;864;21.694402;10331;27598;32.74;2344;-0.55176;-0.80646;0;0;0;;;;
BLOQUE_16CFG_386_20260610_132433_CFG002_CONFIG_03_-_B3F_AVG4_ADC16384;386;BLOQUE_16CFG_386_20260610_132433_CFG002_CONFIG_03_-_B3F_AVG4_ADC16384;configurations;RIGHT;CONFIG 03 - B3F_AVG4_ADC16384;865;21.724240;10332;27603;32.83;2347;-0.62860;-0.60293;0;0;0;;;;
BLOQUE_16CFG_386_20260610_132433_CFG002_CONFIG_03_-_B3F_AVG4_ADC16384;386;BLOQUE_16CFG_386_20260610_132433_CFG002_CONFIG_03_-_B3F_AVG4_ADC16384;configurations;RIGHT;CONFIG 03 - B3F_AVG4_ADC16384;866;21.744057;10330;27603;32.26;2326;-0.36179;-0.54187;0;0;0;;;;
BLOQUE_16CFG_386_20260610_132433_CFG002_CONFIG_03_-_B3F_AVG4_ADC16384;386;BLOQUE_16CFG_386_20260610_132433_CFG002_CONFIG_03_-_B3F_AVG4_ADC16384;configurations;RIGHT;CONFIG 03 - B3F_AVG4_ADC16384;867;21.774570;10333;27591;32.93;2351;-0.35112;-0.60512;0;0;0;;;;
BLOQUE_16CFG_386_20260610_132433_CFG002_CONFIG_03_-_B3F_AVG4_ADC16384;386;BLOQUE_16CFG_386_20260610_132433_CFG002_CONFIG_03_-_B3F_AVG4_ADC16384;configurations;RIGHT;CONFIG 03 - B3F_AVG4_ADC16384;868;21.794179;10331;27589;32.09;2320;-0.33831;-0.72308;0;0;0;;;;
BLOQUE_16CFG_386_20260610_132433_CFG002_CONFIG_03_-_B3F_AVG4_ADC16384;386;BLOQUE_16CFG_386_20260610_132433_CFG002_CONFIG_03_-_B3F_AVG4_ADC16384;configurations;RIGHT;CONFIG 03 - B3F_AVG4_ADC16384;869;21.824735;10329;27586;33.40;2368;-0.49520;-0.63072;0;0;0;;;;
BLOQUE_16CFG_386_20260610_132433_CFG002_CONFIG_03_-_B3F_AVG4_ADC16384;386;BLOQUE_16CFG_386_20260610_132433_CFG002_CONFIG_03_-_B3F_AVG4_ADC16384;configurations;RIGHT;CONFIG 03 - B3F_AVG4_ADC16384;870;21.845256;10330;27586;33.07;2356;-0.21985;-0.50423;0;0;0;;;;
BLOQUE_16CFG_386_20260610_132433_CFG002_CONFIG_03_-_B3F_AVG4_ADC16384;386;BLOQUE_16CFG_386_20260610_132433_CFG002_CONFIG_03_-_B3F_AVG4_ADC16384;configurations;RIGHT;CONFIG 03 - B3F_AVG4_ADC16384;871;21.875000;10333;27586;32.85;2348;-0.12487;-0.48847;0;0;0;;;;
BLOQUE_16CFG_386_20260610_132433_CFG002_CONFIG_03_-_B3F_AVG4_ADC16384;386;BLOQUE_16CFG_386_20260610_132433_CFG002_CONFIG_03_-_B3F_AVG4_ADC16384;configurations;RIGHT;CONFIG 03 - B3F_AVG4_ADC16384;872;21.895489;10329;27577;32.80;2346;0.05763;-0.54537;0;0;0;;;;
BLOQUE_16CFG_386_20260610_132433_CFG002_CONFIG_03_-_B3F_AVG4_ADC16384;386;BLOQUE_16CFG_386_20260610_132433_CFG002_CONFIG_03_-_B3F_AVG4_ADC16384;configurations;RIGHT;CONFIG 03 - B3F_AVG4_ADC16384;873;21.925477;10331;27573;33.02;2354;-0.19103;-0.67777;0;0;0;;;;
BLOQUE_16CFG_386_20260610_132433_CFG002_CONFIG_03_-_B3F_AVG4_ADC16384;386;BLOQUE_16CFG_386_20260610_132433_CFG002_CONFIG_03_-_B3F_AVG4_ADC16384;configurations;RIGHT;CONFIG 03 - B3F_AVG4_ADC16384;874;21.945281;10329;27569;33.43;2369;-0.25614;-0.63247;0;0;0;;;;
BLOQUE_16CFG_386_20260610_132433_CFG002_CONFIG_03_-_B3F_AVG4_ADC16384;386;BLOQUE_16CFG_386_20260610_132433_CFG002_CONFIG_03_-_B3F_AVG4_ADC16384;configurations;RIGHT;CONFIG 03 - B3F_AVG4_ADC16384;875;21.975684;10327;27570;33.07;2356;-0.48986;-0.64188;0;0;0;;;;
BLOQUE_16CFG_386_20260610_132433_CFG002_CONFIG_03_-_B3F_AVG4_ADC16384;386;BLOQUE_16CFG_386_20260610_132433_CFG002_CONFIG_03_-_B3F_AVG4_ADC16384;configurations;RIGHT;CONFIG 03 - B3F_AVG4_ADC16384;876;21.995544;10327;27563;32.91;2350;-0.36926;-0.72373;0;0;0;;;;
BLOQUE_16CFG_386_20260610_132433_CFG002_CONFIG_03_-_B3F_AVG4_ADC16384;386;BLOQUE_16CFG_386_20260610_132433_CFG002_CONFIG_03_-_B3F_AVG4_ADC16384;configurations;RIGHT;CONFIG 03 - B3F_AVG4_ADC16384;877;22.025846;10329;27555;32.77;2345;0.00854;-0.82156;0;0;0;;;;
BLOQUE_16CFG_386_20260610_132433_CFG002_CONFIG_03_-_B3F_AVG4_ADC16384;386;BLOQUE_16CFG_386_20260610_132433_CFG002_CONFIG_03_-_B3F_AVG4_ADC16384;configurations;RIGHT;CONFIG 03 - B3F_AVG4_ADC16384;878;22.045569;10330;27555;33.13;2358;0.12700;-0.88086;0;0;0;;;;
BLOQUE_16CFG_386_20260610_132433_CFG002_CONFIG_03_-_B3F_AVG4_ADC16384;386;BLOQUE_16CFG_386_20260610_132433_CFG002_CONFIG_03_-_B3F_AVG4_ADC16384;configurations;RIGHT;CONFIG 03 - B3F_AVG4_ADC16384;879;22.076343;10327;27550;32.23;2325;0.06830;-0.79223;0;0;0;;;;
BLOQUE_16CFG_386_20260610_132433_CFG002_CONFIG_03_-_B3F_AVG4_ADC16384;386;BLOQUE_16CFG_386_20260610_132433_CFG002_CONFIG_03_-_B3F_AVG4_ADC16384;configurations;RIGHT;CONFIG 03 - B3F_AVG4_ADC16384;880;22.096473;10327;27550;32.26;2326;0.18143;-0.68390;0;0;0;;;;
BLOQUE_16CFG_386_20260610_132433_CFG002_CONFIG_03_-_B3F_AVG4_ADC16384;386;BLOQUE_16CFG_386_20260610_132433_CFG002_CONFIG_03_-_B3F_AVG4_ADC16384;configurations;RIGHT;CONFIG 03 - B3F_AVG4_ADC16384;881;22.126457;10330;27551;33.21;2361;0.38314;-0.48738;0;0;0;;;;
BLOQUE_16CFG_386_20260610_132433_CFG002_CONFIG_03_-_B3F_AVG4_ADC16384;386;BLOQUE_16CFG_386_20260610_132433_CFG002_CONFIG_03_-_B3F_AVG4_ADC16384;configurations;RIGHT;CONFIG 03 - B3F_AVG4_ADC16384;882;22.146278;10328;27551;33.04;2355;0.23906;-0.36613;0;0;0;;;;
BLOQUE_16CFG_386_20260610_132433_CFG002_CONFIG_03_-_B3F_AVG4_ADC16384;386;BLOQUE_16CFG_386_20260610_132433_CFG002_CONFIG_03_-_B3F_AVG4_ADC16384;configurations;RIGHT;CONFIG 03 - B3F_AVG4_ADC16384;883;22.176723;10324;27547;33.37;2367;-0.16329;-0.35322;0;0;0;;;;
BLOQUE_16CFG_386_20260610_132433_CFG002_CONFIG_03_-_B3F_AVG4_ADC16384;386;BLOQUE_16CFG_386_20260610_132433_CFG002_CONFIG_03_-_B3F_AVG4_ADC16384;configurations;RIGHT;CONFIG 03 - B3F_AVG4_ADC16384;884;22.196809;10324;27542;33.13;2358;0.04269;-0.23701;0;0;0;;;;
BLOQUE_16CFG_386_20260610_132433_CFG002_CONFIG_03_-_B3F_AVG4_ADC16384;386;BLOQUE_16CFG_386_20260610_132433_CFG002_CONFIG_03_-_B3F_AVG4_ADC16384;configurations;RIGHT;CONFIG 03 - B3F_AVG4_ADC16384;885;22.227117;10329;27548;33.15;2359;0.24440;-0.19346;0;0;0;;;;
BLOQUE_16CFG_386_20260610_132433_CFG002_CONFIG_03_-_B3F_AVG4_ADC16384;386;BLOQUE_16CFG_386_20260610_132433_CFG002_CONFIG_03_-_B3F_AVG4_ADC16384;configurations;RIGHT;CONFIG 03 - B3F_AVG4_ADC16384;886;22.247516;10325;27540;32.26;2326;0.78975;0.00241;0;0;0;;;;
BLOQUE_16CFG_386_20260610_132433_CFG002_CONFIG_03_-_B3F_AVG4_ADC16384;386;BLOQUE_16CFG_386_20260610_132433_CFG002_CONFIG_03_-_B3F_AVG4_ADC16384;configurations;RIGHT;CONFIG 03 - B3F_AVG4_ADC16384;887;22.277314;10329;27544;32.45;2333;1.06830;-0.01598;0;0;0;;;;
BLOQUE_16CFG_386_20260610_132433_CFG002_CONFIG_03_-_B3F_AVG4_ADC16384;386;BLOQUE_16CFG_386_20260610_132433_CFG002_CONFIG_03_-_B3F_AVG4_ADC16384;configurations;RIGHT;CONFIG 03 - B3F_AVG4_ADC16384;888;22.298067;10331;27538;32.74;2344;1.43329;0.10264;0;0;0;;;;
BLOQUE_16CFG_386_20260610_132433_CFG002_CONFIG_03_-_B3F_AVG4_ADC16384;386;BLOQUE_16CFG_386_20260610_132433_CFG002_CONFIG_03_-_B3F_AVG4_ADC16384;configurations;RIGHT;CONFIG 03 - B3F_AVG4_ADC16384;889;22.327651;10328;27538;33.07;2356;1.35965;0.09345;0;0;0;;;;
BLOQUE_16CFG_386_20260610_132433_CFG002_CONFIG_03_-_B3F_AVG4_ADC16384;386;BLOQUE_16CFG_386_20260610_132433_CFG002_CONFIG_03_-_B3F_AVG4_ADC16384;configurations;RIGHT;CONFIG 03 - B3F_AVG4_ADC16384;890;22.347904;10327;27535;33.32;2365;0.67556;0.03874;0;0;0;;;;
BLOQUE_16CFG_386_20260610_132433_CFG002_CONFIG_03_-_B3F_AVG4_ADC16384;386;BLOQUE_16CFG_386_20260610_132433_CFG002_CONFIG_03_-_B3F_AVG4_ADC16384;configurations;RIGHT;CONFIG 03 - B3F_AVG4_ADC16384;891;22.378045;10322;27527;33.45;2370;0.41515;-0.07266;0;0;0;;;;
BLOQUE_16CFG_386_20260610_132433_CFG002_CONFIG_03_-_B3F_AVG4_ADC16384;386;BLOQUE_16CFG_386_20260610_132433_CFG002_CONFIG_03_-_B3F_AVG4_ADC16384;configurations;RIGHT;CONFIG 03 - B3F_AVG4_ADC16384;892;22.398318;10324;27524;32.69;2342;0.24333;-0.10067;0;0;0;;;;
BLOQUE_16CFG_386_20260610_132433_CFG002_CONFIG_03_-_B3F_AVG4_ADC16384;386;BLOQUE_16CFG_386_20260610_132433_CFG002_CONFIG_03_-_B3F_AVG4_ADC16384;configurations;RIGHT;CONFIG 03 - B3F_AVG4_ADC16384;893;22.428293;10324;27526;32.80;2346;0.49733;-0.02582;0;0;0;;;;
BLOQUE_16CFG_386_20260610_132433_CFG002_CONFIG_03_-_B3F_AVG4_ADC16384;386;BLOQUE_16CFG_386_20260610_132433_CFG002_CONFIG_03_-_B3F_AVG4_ADC16384;configurations;RIGHT;CONFIG 03 - B3F_AVG4_ADC16384;894;22.448425;10324;27524;32.61;2339;0.48879;0.05778;0;0;0;;;;
BLOQUE_16CFG_386_20260610_132433_CFG002_CONFIG_03_-_B3F_AVG4_ADC16384;386;BLOQUE_16CFG_386_20260610_132433_CFG002_CONFIG_03_-_B3F_AVG4_ADC16384;configurations;RIGHT;CONFIG 03 - B3F_AVG4_ADC16384;895;22.478483;10323;27522;32.96;2352;0.46851;-0.02254;0;0;0;;;;
BLOQUE_16CFG_386_20260610_132433_CFG002_CONFIG_03_-_B3F_AVG4_ADC16384;386;BLOQUE_16CFG_386_20260610_132433_CFG002_CONFIG_03_-_B3F_AVG4_ADC16384;configurations;RIGHT;CONFIG 03 - B3F_AVG4_ADC16384;896;22.498133;10323;27515;32.39;2331;0.61579;-0.03545;0;0;0;;;;
BLOQUE_16CFG_386_20260610_132433_CFG002_CONFIG_03_-_B3F_AVG4_ADC16384;386;BLOQUE_16CFG_386_20260610_132433_CFG002_CONFIG_03_-_B3F_AVG4_ADC16384;configurations;RIGHT;CONFIG 03 - B3F_AVG4_ADC16384;897;22.528947;10325;27517;33.02;2354;0.41409;-0.15691;0;0;0;;;;
BLOQUE_16CFG_386_20260610_132433_CFG002_CONFIG_03_-_B3F_AVG4_ADC16384;386;BLOQUE_16CFG_386_20260610_132433_CFG002_CONFIG_03_-_B3F_AVG4_ADC16384;configurations;RIGHT;CONFIG 03 - B3F_AVG4_ADC16384;898;22.549196;10320;27509;33.13;2358;0.38741;-0.15888;0;0;0;;;;
BLOQUE_16CFG_386_20260610_132433_CFG002_CONFIG_03_-_B3F_AVG4_ADC16384;386;BLOQUE_16CFG_386_20260610_132433_CFG002_CONFIG_03_-_B3F_AVG4_ADC16384;configurations;RIGHT;CONFIG 03 - B3F_AVG4_ADC16384;899;22.579169;10322;27509;32.74;2344;-0.06937;-0.28976;0;0;0;;;;
BLOQUE_16CFG_386_20260610_132433_CFG002_CONFIG_03_-_B3F_AVG4_ADC16384;386;BLOQUE_16CFG_386_20260610_132433_CFG002_CONFIG_03_-_B3F_AVG4_ADC16384;configurations;RIGHT;CONFIG 03 - B3F_AVG4_ADC16384;900;22.599139;10319;27504;32.72;2343;0.07791;-0.28428;0;0;0;;;;
BLOQUE_16CFG_386_20260610_132433_CFG002_CONFIG_03_-_B3F_AVG4_ADC16384;386;BLOQUE_16CFG_386_20260610_132433_CFG002_CONFIG_03_-_B3F_AVG4_ADC16384;configurations;RIGHT;CONFIG 03 - B3F_AVG4_ADC16384;901;22.629457;10321;27504;32.88;2349;0.04803;-0.36679;0;0;0;;;;
BLOQUE_16CFG_386_20260610_132433_CFG002_CONFIG_03_-_B3F_AVG4_ADC16384;386;BLOQUE_16CFG_386_20260610_132433_CFG002_CONFIG_03_-_B3F_AVG4_ADC16384;configurations;RIGHT;CONFIG 03 - B3F_AVG4_ADC16384;902;22.649569;10321;27499;33.13;2358;0.35219;-0.34359;0;0;0;;;;
BLOQUE_16CFG_386_20260610_132433_CFG002_CONFIG_03_-_B3F_AVG4_ADC16384;386;BLOQUE_16CFG_386_20260610_132433_CFG002_CONFIG_03_-_B3F_AVG4_ADC16384;configurations;RIGHT;CONFIG 03 - B3F_AVG4_ADC16384;903;22.679653;10322;27500;32.85;2348;0.13020;-0.35607;0;0;0;;;;
BLOQUE_16CFG_386_20260610_132433_CFG002_CONFIG_03_-_B3F_AVG4_ADC16384;386;BLOQUE_16CFG_386_20260610_132433_CFG002_CONFIG_03_-_B3F_AVG4_ADC16384;configurations;RIGHT;CONFIG 03 - B3F_AVG4_ADC16384;904;22.699795;10318;27498;32.99;2353;0.07684;-0.37357;0;0;0;;;;
BLOQUE_16CFG_386_20260610_132433_CFG002_CONFIG_03_-_B3F_AVG4_ADC16384;386;BLOQUE_16CFG_386_20260610_132433_CFG002_CONFIG_03_-_B3F_AVG4_ADC16384;configurations;RIGHT;CONFIG 03 - B3F_AVG4_ADC16384;905;22.730145;10320;27493;33.56;2374;-0.14621;-0.46352;0;0;0;;;;
BLOQUE_16CFG_386_20260610_132433_CFG002_CONFIG_03_-_B3F_AVG4_ADC16384;386;BLOQUE_16CFG_386_20260610_132433_CFG002_CONFIG_03_-_B3F_AVG4_ADC16384;configurations;RIGHT;CONFIG 03 - B3F_AVG4_ADC16384;906;22.750419;10319;27490;32.39;2331;-0.11099;-0.60774;0;0;0;;;;
BLOQUE_16CFG_386_20260610_132433_CFG002_CONFIG_03_-_B3F_AVG4_ADC16384;386;BLOQUE_16CFG_386_20260610_132433_CFG002_CONFIG_03_-_B3F_AVG4_ADC16384;configurations;RIGHT;CONFIG 03 - B3F_AVG4_ADC16384;907;22.780382;10318;27485;32.45;2333;-0.33511;-0.61234;0;0;0;;;;
BLOQUE_16CFG_386_20260610_132433_CFG002_CONFIG_03_-_B3F_AVG4_ADC16384;386;BLOQUE_16CFG_386_20260610_132433_CFG002_CONFIG_03_-_B3F_AVG4_ADC16384;configurations;RIGHT;CONFIG 03 - B3F_AVG4_ADC16384;908;22.800245;10317;27488;32.50;2335;-0.64888;-0.71082;0;0;0;;;;
BLOQUE_16CFG_386_20260610_132433_CFG002_CONFIG_03_-_B3F_AVG4_ADC16384;386;BLOQUE_16CFG_386_20260610_132433_CFG002_CONFIG_03_-_B3F_AVG4_ADC16384;configurations;RIGHT;CONFIG 03 - B3F_AVG4_ADC16384;909;22.830723;10315;27480;33.29;2364;-0.79509;-0.68981;0;0;0;;;;
BLOQUE_16CFG_386_20260610_132433_CFG002_CONFIG_03_-_B3F_AVG4_ADC16384;386;BLOQUE_16CFG_386_20260610_132433_CFG002_CONFIG_03_-_B3F_AVG4_ADC16384;configurations;RIGHT;CONFIG 03 - B3F_AVG4_ADC16384;910;22.851028;10316;27482;33.13;2358;-1.02881;-0.74277;0;0;0;;;;
BLOQUE_16CFG_386_20260610_132433_CFG002_CONFIG_03_-_B3F_AVG4_ADC16384;386;BLOQUE_16CFG_386_20260610_132433_CFG002_CONFIG_03_-_B3F_AVG4_ADC16384;configurations;RIGHT;CONFIG 03 - B3F_AVG4_ADC16384;911;22.880918;10314;27481;32.64;2340;-1.00213;-0.65501;0;0;0;;;;
BLOQUE_16CFG_386_20260610_132433_CFG002_CONFIG_03_-_B3F_AVG4_ADC16384;386;BLOQUE_16CFG_386_20260610_132433_CFG002_CONFIG_03_-_B3F_AVG4_ADC16384;configurations;RIGHT;CONFIG 03 - B3F_AVG4_ADC16384;912;22.900772;10315;27481;32.04;2318;-1.31910;-0.71410;0;0;0;;;;
BLOQUE_16CFG_386_20260610_132433_CFG002_CONFIG_03_-_B3F_AVG4_ADC16384;386;BLOQUE_16CFG_386_20260610_132433_CFG002_CONFIG_03_-_B3F_AVG4_ADC16384;configurations;RIGHT;CONFIG 03 - B3F_AVG4_ADC16384;913;22.931317;10312;27475;32.91;2350;-1.20064;-0.72461;0;0;0;;;;
BLOQUE_16CFG_386_20260610_132433_CFG002_CONFIG_03_-_B3F_AVG4_ADC16384;386;BLOQUE_16CFG_386_20260610_132433_CFG002_CONFIG_03_-_B3F_AVG4_ADC16384;configurations;RIGHT;CONFIG 03 - B3F_AVG4_ADC16384;914;22.951241;10315;27477;32.83;2347;-1.43436;-0.88415;0;0;0;;;;
BLOQUE_16CFG_386_20260610_132433_CFG002_CONFIG_03_-_B3F_AVG4_ADC16384;386;BLOQUE_16CFG_386_20260610_132433_CFG002_CONFIG_03_-_B3F_AVG4_ADC16384;configurations;RIGHT;CONFIG 03 - B3F_AVG4_ADC16384;915;22.981461;10312;27469;32.80;2346;-1.32977;-0.92201;0;0;0;;;;
BLOQUE_16CFG_386_20260610_132433_CFG002_CONFIG_03_-_B3F_AVG4_ADC16384;386;BLOQUE_16CFG_386_20260610_132433_CFG002_CONFIG_03_-_B3F_AVG4_ADC16384;configurations;RIGHT;CONFIG 03 - B3F_AVG4_ADC16384;916;23.001419;10313;27470;32.31;2328;-1.75453;-1.05354;0;0;0;;;;
BLOQUE_16CFG_386_20260610_132433_CFG002_CONFIG_03_-_B3F_AVG4_ADC16384;386;BLOQUE_16CFG_386_20260610_132433_CFG002_CONFIG_03_-_B3F_AVG4_ADC16384;configurations;RIGHT;CONFIG 03 - B3F_AVG4_ADC16384;917;23.031764;10310;27467;33.04;2355;-2.17929;-1.17237;0;0;0;;;;
BLOQUE_16CFG_386_20260610_132433_CFG002_CONFIG_03_-_B3F_AVG4_ADC16384;386;BLOQUE_16CFG_386_20260610_132433_CFG002_CONFIG_03_-_B3F_AVG4_ADC16384;configurations;RIGHT;CONFIG 03 - B3F_AVG4_ADC16384;918;23.051811;10307;27460;32.39;2331;-2.42048;-1.45512;0;0;0;;;;
BLOQUE_16CFG_386_20260610_132433_CFG002_CONFIG_03_-_B3F_AVG4_ADC16384;386;BLOQUE_16CFG_386_20260610_132433_CFG002_CONFIG_03_-_B3F_AVG4_ADC16384;configurations;RIGHT;CONFIG 03 - B3F_AVG4_ADC16384;919;23.082196;10310;27452;32.47;2334;-2.57950;-1.86590;0;0;0;;;;
BLOQUE_16CFG_386_20260610_132433_CFG002_CONFIG_03_-_B3F_AVG4_ADC16384;386;BLOQUE_16CFG_386_20260610_132433_CFG002_CONFIG_03_-_B3F_AVG4_ADC16384;configurations;RIGHT;CONFIG 03 - B3F_AVG4_ADC16384;920;23.102712;10308;27442;33.40;2368;-2.39273;-2.11911;0;0;0;;;;
BLOQUE_16CFG_386_20260610_132433_CFG002_CONFIG_03_-_B3F_AVG4_ADC16384;386;BLOQUE_16CFG_386_20260610_132433_CFG002_CONFIG_03_-_B3F_AVG4_ADC16384;configurations;RIGHT;CONFIG 03 - B3F_AVG4_ADC16384;921;23.132320;10309;27444;32.64;2340;-2.81429;-2.42790;0;0;0;;;;
BLOQUE_16CFG_386_20260610_132433_CFG002_CONFIG_03_-_B3F_AVG4_ADC16384;386;BLOQUE_16CFG_386_20260610_132433_CFG002_CONFIG_03_-_B3F_AVG4_ADC16384;configurations;RIGHT;CONFIG 03 - B3F_AVG4_ADC16384;922;23.152647;10305;27433;32.96;2352;-3.05975;-2.45526;0;0;0;;;;
BLOQUE_16CFG_386_20260610_132433_CFG002_CONFIG_03_-_B3F_AVG4_ADC16384;386;BLOQUE_16CFG_386_20260610_132433_CFG002_CONFIG_03_-_B3F_AVG4_ADC16384;configurations;RIGHT;CONFIG 03 - B3F_AVG4_ADC16384;923;23.182812;10305;27439;33.02;2354;-3.04802;-2.66229;0;0;0;;;;
BLOQUE_16CFG_386_20260610_132433_CFG002_CONFIG_03_-_B3F_AVG4_ADC16384;386;BLOQUE_16CFG_386_20260610_132433_CFG002_CONFIG_03_-_B3F_AVG4_ADC16384;configurations;RIGHT;CONFIG 03 - B3F_AVG4_ADC16384;924;23.203029;10309;27431;33.32;2365;-3.04802;-2.55615;0;0;0;;;;
BLOQUE_16CFG_386_20260610_132433_CFG002_CONFIG_03_-_B3F_AVG4_ADC16384;386;BLOQUE_16CFG_386_20260610_132433_CFG002_CONFIG_03_-_B3F_AVG4_ADC16384;configurations;RIGHT;CONFIG 03 - B3F_AVG4_ADC16384;925;23.232888;10305;27438;31.96;2315;-2.78975;-2.61108;0;0;0;;;;
BLOQUE_16CFG_386_20260610_132433_CFG002_CONFIG_03_-_B3F_AVG4_ADC16384;386;BLOQUE_16CFG_386_20260610_132433_CFG002_CONFIG_03_-_B3F_AVG4_ADC16384;configurations;RIGHT;CONFIG 03 - B3F_AVG4_ADC16384;926;23.252830;10308;27435;32.58;2338;-2.97224;-2.40471;0;0;0;;;;
BLOQUE_16CFG_386_20260610_132433_CFG002_CONFIG_03_-_B3F_AVG4_ADC16384;386;BLOQUE_16CFG_386_20260610_132433_CFG002_CONFIG_03_-_B3F_AVG4_ADC16384;configurations;RIGHT;CONFIG 03 - B3F_AVG4_ADC16384;927;23.283205;10307;27442;32.66;2341;-2.97971;-2.42747;0;0;0;;;;
BLOQUE_16CFG_386_20260610_132433_CFG002_CONFIG_03_-_B3F_AVG4_ADC16384;386;BLOQUE_16CFG_386_20260610_132433_CFG002_CONFIG_03_-_B3F_AVG4_ADC16384;configurations;RIGHT;CONFIG 03 - B3F_AVG4_ADC16384;928;23.304028;10305;27436;32.96;2352;-2.81536;-2.17098;0;0;0;;;;
BLOQUE_16CFG_386_20260610_132433_CFG002_CONFIG_03_-_B3F_AVG4_ADC16384;386;BLOQUE_16CFG_386_20260610_132433_CFG002_CONFIG_03_-_B3F_AVG4_ADC16384;configurations;RIGHT;CONFIG 03 - B3F_AVG4_ADC16384;929;23.333610;10310;27449;32.80;2346;-2.39060;-1.96898;0;0;0;;;;
BLOQUE_16CFG_386_20260610_132433_CFG002_CONFIG_03_-_B3F_AVG4_ADC16384;386;BLOQUE_16CFG_386_20260610_132433_CFG002_CONFIG_03_-_B3F_AVG4_ADC16384;configurations;RIGHT;CONFIG 03 - B3F_AVG4_ADC16384;930;23.353547;10312;27453;33.07;2356;-1.87726;-1.66456;0;0;0;;;;
BLOQUE_16CFG_386_20260610_132433_CFG002_CONFIG_03_-_B3F_AVG4_ADC16384;386;BLOQUE_16CFG_386_20260610_132433_CFG002_CONFIG_03_-_B3F_AVG4_ADC16384;configurations;RIGHT;CONFIG 03 - B3F_AVG4_ADC16384;931;23.383848;10311;27453;33.26;2363;-1.63287;-1.73437;0;0;0;;;;
BLOQUE_16CFG_386_20260610_132433_CFG002_CONFIG_03_-_B3F_AVG4_ADC16384;386;BLOQUE_16CFG_386_20260610_132433_CFG002_CONFIG_03_-_B3F_AVG4_ADC16384;configurations;RIGHT;CONFIG 03 - B3F_AVG4_ADC16384;932;23.404311;10313;27445;32.69;2342;-1.64674;-1.63151;0;0;0;;;;
BLOQUE_16CFG_386_20260610_132433_CFG002_CONFIG_03_-_B3F_AVG4_ADC16384;386;BLOQUE_16CFG_386_20260610_132433_CFG002_CONFIG_03_-_B3F_AVG4_ADC16384;configurations;RIGHT;CONFIG 03 - B3F_AVG4_ADC16384;933;23.434246;10312;27459;33.07;2356;-1.57737;-1.58687;0;0;0;;;;
BLOQUE_16CFG_386_20260610_132433_CFG002_CONFIG_03_-_B3F_AVG4_ADC16384;386;BLOQUE_16CFG_386_20260610_132433_CFG002_CONFIG_03_-_B3F_AVG4_ADC16384;configurations;RIGHT;CONFIG 03 - B3F_AVG4_ADC16384;934;23.453848;10312;27456;32.09;2320;-1.59444;-1.33476;0;0;0;;;;
BLOQUE_16CFG_386_20260610_132433_CFG002_CONFIG_03_-_B3F_AVG4_ADC16384;386;BLOQUE_16CFG_386_20260610_132433_CFG002_CONFIG_03_-_B3F_AVG4_ADC16384;configurations;RIGHT;CONFIG 03 - B3F_AVG4_ADC16384;935;23.484573;10313;27460;32.58;2338;-1.36072;-1.31637;0;0;0;;;;
BLOQUE_16CFG_386_20260610_132433_CFG002_CONFIG_03_-_B3F_AVG4_ADC16384;386;BLOQUE_16CFG_386_20260610_132433_CFG002_CONFIG_03_-_B3F_AVG4_ADC16384;configurations;RIGHT;CONFIG 03 - B3F_AVG4_ADC16384;936;23.504862;10315;27461;32.45;2333;-1.12806;-1.26779;0;0;0;;;;
BLOQUE_16CFG_386_20260610_132433_CFG002_CONFIG_03_-_B3F_AVG4_ADC16384;386;BLOQUE_16CFG_386_20260610_132433_CFG002_CONFIG_03_-_B3F_AVG4_ADC16384;configurations;RIGHT;CONFIG 03 - B3F_AVG4_ADC16384;937;23.534725;10315;27460;33.07;2356;-0.97865;-1.29471;0;0;0;;;;
BLOQUE_16CFG_386_20260610_132433_CFG002_CONFIG_03_-_B3F_AVG4_ADC16384;386;BLOQUE_16CFG_386_20260610_132433_CFG002_CONFIG_03_-_B3F_AVG4_ADC16384;configurations;RIGHT;CONFIG 03 - B3F_AVG4_ADC16384;938;23.555145;10315;27460;32.99;2353;-1.08964;-1.18769;0;0;0;;;;
BLOQUE_16CFG_386_20260610_132433_CFG002_CONFIG_03_-_B3F_AVG4_ADC16384;386;BLOQUE_16CFG_386_20260610_132433_CFG002_CONFIG_03_-_B3F_AVG4_ADC16384;configurations;RIGHT;CONFIG 03 - B3F_AVG4_ADC16384;939;23.585146;10314;27469;32.42;2332;-1.03628;-1.01524;0;0;0;;;;
BLOQUE_16CFG_386_20260610_132433_CFG002_CONFIG_03_-_B3F_AVG4_ADC16384;386;BLOQUE_16CFG_386_20260610_132433_CFG002_CONFIG_03_-_B3F_AVG4_ADC16384;configurations;RIGHT;CONFIG 03 - B3F_AVG4_ADC16384;940;23.605053;10316;27472;32.96;2352;-0.73532;-0.76137;0;0;0;;;;
BLOQUE_16CFG_386_20260610_132433_CFG002_CONFIG_03_-_B3F_AVG4_ADC16384;386;BLOQUE_16CFG_386_20260610_132433_CFG002_CONFIG_03_-_B3F_AVG4_ADC16384;configurations;RIGHT;CONFIG 03 - B3F_AVG4_ADC16384;941;23.635462;10319;27477;32.50;2335;-0.52294;-0.79486;0;0;0;;;;
BLOQUE_16CFG_386_20260610_132433_CFG002_CONFIG_03_-_B3F_AVG4_ADC16384;386;BLOQUE_16CFG_386_20260610_132433_CFG002_CONFIG_03_-_B3F_AVG4_ADC16384;configurations;RIGHT;CONFIG 03 - B3F_AVG4_ADC16384;942;23.655028;10317;27470;32.66;2341;-0.31056;-0.86883;0;0;0;;;;
BLOQUE_16CFG_386_20260610_132433_CFG002_CONFIG_03_-_B3F_AVG4_ADC16384;386;BLOQUE_16CFG_386_20260610_132433_CFG002_CONFIG_03_-_B3F_AVG4_ADC16384;configurations;RIGHT;CONFIG 03 - B3F_AVG4_ADC16384;943;23.685660;10319;27471;33.15;2359;-0.09819;-1.06929;0;0;0;;;;
BLOQUE_16CFG_386_20260610_132433_CFG002_CONFIG_03_-_B3F_AVG4_ADC16384;386;BLOQUE_16CFG_386_20260610_132433_CFG002_CONFIG_03_-_B3F_AVG4_ADC16384;configurations;RIGHT;CONFIG 03 - B3F_AVG4_ADC16384;944;23.706174;10322;27469;32.77;2345;0.02455;-1.16799;0;0;0;;;;
BLOQUE_16CFG_386_20260610_132433_CFG002_CONFIG_03_-_B3F_AVG4_ADC16384;386;BLOQUE_16CFG_386_20260610_132433_CFG002_CONFIG_03_-_B3F_AVG4_ADC16384;configurations;RIGHT;CONFIG 03 - B3F_AVG4_ADC16384;945;23.735975;10319;27468;32.26;2326;0.05656;-1.30631;0;0;0;;;;
BLOQUE_16CFG_386_20260610_132433_CFG002_CONFIG_03_-_B3F_AVG4_ADC16384;386;BLOQUE_16CFG_386_20260610_132433_CFG002_CONFIG_03_-_B3F_AVG4_ADC16384;configurations;RIGHT;CONFIG 03 - B3F_AVG4_ADC16384;946;23.755506;10320;27467;33.45;2370;-0.08645;-1.27611;0;0;0;;;;
BLOQUE_16CFG_386_20260610_132433_CFG002_CONFIG_03_-_B3F_AVG4_ADC16384;386;BLOQUE_16CFG_386_20260610_132433_CFG002_CONFIG_03_-_B3F_AVG4_ADC16384;configurations;RIGHT;CONFIG 03 - B3F_AVG4_ADC16384;947;23.786319;10321;27475;32.74;2344;0.03629;-1.30456;0;0;0;;;;
BLOQUE_16CFG_386_20260610_132433_CFG002_CONFIG_03_-_B3F_AVG4_ADC16384;386;BLOQUE_16CFG_386_20260610_132433_CFG002_CONFIG_03_-_B3F_AVG4_ADC16384;configurations;RIGHT;CONFIG 03 - B3F_AVG4_ADC16384;948;23.806887;10321;27471;32.88;2349;0.15368;-1.21483;0;0;0;;;;
BLOQUE_16CFG_386_20260610_132433_CFG002_CONFIG_03_-_B3F_AVG4_ADC16384;386;BLOQUE_16CFG_386_20260610_132433_CFG002_CONFIG_03_-_B3F_AVG4_ADC16384;configurations;RIGHT;CONFIG 03 - B3F_AVG4_ADC16384;949;23.836549;10322;27477;32.85;2348;0.43757;-1.23540;0;0;0;;;;
BLOQUE_16CFG_386_20260610_132433_CFG002_CONFIG_03_-_B3F_AVG4_ADC16384;386;BLOQUE_16CFG_386_20260610_132433_CFG002_CONFIG_03_-_B3F_AVG4_ADC16384;configurations;RIGHT;CONFIG 03 - B3F_AVG4_ADC16384;950;23.856867;10325;27479;33.13;2358;0.19317;-1.17128;0;0;0;;;;
BLOQUE_16CFG_386_20260610_132433_CFG002_CONFIG_03_-_B3F_AVG4_ADC16384;386;BLOQUE_16CFG_386_20260610_132433_CFG002_CONFIG_03_-_B3F_AVG4_ADC16384;configurations;RIGHT;CONFIG 03 - B3F_AVG4_ADC16384;951;23.886778;10319;27480;32.45;2333;0.20384;-1.23409;0;0;0;;;;
BLOQUE_16CFG_386_20260610_132433_CFG002_CONFIG_03_-_B3F_AVG4_ADC16384;386;BLOQUE_16CFG_386_20260610_132433_CFG002_CONFIG_03_-_B3F_AVG4_ADC16384;configurations;RIGHT;CONFIG 03 - B3F_AVG4_ADC16384;952;23.907381;10323;27479;33.15;2359;-0.04269;-1.08505;0;0;0;;;;
BLOQUE_16CFG_386_20260610_132433_CFG002_CONFIG_03_-_B3F_AVG4_ADC16384;386;BLOQUE_16CFG_386_20260610_132433_CFG002_CONFIG_03_-_B3F_AVG4_ADC16384;configurations;RIGHT;CONFIG 03 - B3F_AVG4_ADC16384;953;23.937139;10323;27493;32.83;2347;-0.29669;-1.04434;0;0;0;;;;
BLOQUE_16CFG_386_20260610_132433_CFG002_CONFIG_03_-_B3F_AVG4_ADC16384;386;BLOQUE_16CFG_386_20260610_132433_CFG002_CONFIG_03_-_B3F_AVG4_ADC16384;configurations;RIGHT;CONFIG 03 - B3F_AVG4_ADC16384;954;23.956922;10317;27488;32.80;2346;-0.20704;-0.86664;0;0;0;;;;
BLOQUE_16CFG_386_20260610_132433_CFG002_CONFIG_03_-_B3F_AVG4_ADC16384;386;BLOQUE_16CFG_386_20260610_132433_CFG002_CONFIG_03_-_B3F_AVG4_ADC16384;configurations;RIGHT;CONFIG 03 - B3F_AVG4_ADC16384;955;23.987465;10325;27495;32.93;2351;0.13234;-0.90778;0;0;0;;;;
BLOQUE_16CFG_386_20260610_132433_CFG002_CONFIG_03_-_B3F_AVG4_ADC16384;386;BLOQUE_16CFG_386_20260610_132433_CFG002_CONFIG_03_-_B3F_AVG4_ADC16384;configurations;RIGHT;CONFIG 03 - B3F_AVG4_ADC16384;956;24.008033;10328;27497;33.26;2363;0.55816;-0.79551;0;0;0;;;;
BLOQUE_16CFG_386_20260610_132433_CFG002_CONFIG_03_-_B3F_AVG4_ADC16384;386;BLOQUE_16CFG_386_20260610_132433_CFG002_CONFIG_03_-_B3F_AVG4_ADC16384;configurations;RIGHT;CONFIG 03 - B3F_AVG4_ADC16384;957;24.037628;10323;27501;32.93;2351;0.46104;-0.75875;0;0;0;;;;
BLOQUE_16CFG_386_20260610_132433_CFG002_CONFIG_03_-_B3F_AVG4_ADC16384;386;BLOQUE_16CFG_386_20260610_132433_CFG002_CONFIG_03_-_B3F_AVG4_ADC16384;configurations;RIGHT;CONFIG 03 - B3F_AVG4_ADC16384;958;24.058035;10325;27504;33.95;2388;-0.24867;-0.80055;0;0;0;;;;
BLOQUE_16CFG_386_20260610_132433_CFG002_CONFIG_03_-_B3F_AVG4_ADC16384;386;BLOQUE_16CFG_386_20260610_132433_CFG002_CONFIG_03_-_B3F_AVG4_ADC16384;configurations;RIGHT;CONFIG 03 - B3F_AVG4_ADC16384;959;24.088058;10321;27502;32.91;2350;-0.01281;-0.85263;0;0;0;;;;
BLOQUE_16CFG_386_20260610_132433_CFG002_CONFIG_03_-_B3F_AVG4_ADC16384;386;BLOQUE_16CFG_386_20260610_132433_CFG002_CONFIG_03_-_B3F_AVG4_ADC16384;configurations;RIGHT;CONFIG 03 - B3F_AVG4_ADC16384;960;24.108594;10327;27506;33.07;2356;-0.30096;-0.93339;0;0;0;;;;
BLOQUE_16CFG_386_20260610_132433_CFG002_CONFIG_03_-_B3F_AVG4_ADC16384;386;BLOQUE_16CFG_386_20260610_132433_CFG002_CONFIG_03_-_B3F_AVG4_ADC16384;configurations;RIGHT;CONFIG 03 - B3F_AVG4_ADC16384;961;24.138273;10323;27508;33.34;2366;-0.15475;-0.96731;0;0;0;;;;
BLOQUE_16CFG_386_20260610_132433_CFG002_CONFIG_03_-_B3F_AVG4_ADC16384;386;BLOQUE_16CFG_386_20260610_132433_CFG002_CONFIG_03_-_B3F_AVG4_ADC16384;configurations;RIGHT;CONFIG 03 - B3F_AVG4_ADC16384;962;24.158150;10324;27509;33.23;2362;-0.44717;-0.93777;0;0;0;;;;
BLOQUE_16CFG_386_20260610_132433_CFG002_CONFIG_03_-_B3F_AVG4_ADC16384;386;BLOQUE_16CFG_386_20260610_132433_CFG002_CONFIG_03_-_B3F_AVG4_ADC16384;configurations;RIGHT;CONFIG 03 - B3F_AVG4_ADC16384;963;24.188664;10325;27517;32.31;2328;-0.65742;-0.96534;0;0;0;;;;
BLOQUE_16CFG_386_20260610_132433_CFG002_CONFIG_03_-_B3F_AVG4_ADC16384;386;BLOQUE_16CFG_386_20260610_132433_CFG002_CONFIG_03_-_B3F_AVG4_ADC16384;configurations;RIGHT;CONFIG 03 - B3F_AVG4_ADC16384;964;24.208409;10322;27516;32.53;2336;-0.35325;-0.82309;0;0;0;;;;
BLOQUE_16CFG_386_20260610_132433_CFG002_CONFIG_03_-_B3F_AVG4_ADC16384;386;BLOQUE_16CFG_386_20260610_132433_CFG002_CONFIG_03_-_B3F_AVG4_ADC16384;configurations;RIGHT;CONFIG 03 - B3F_AVG4_ADC16384;965;24.238959;10329;27527;32.93;2351;-0.31270;-0.93098;0;0;0;;;;
BLOQUE_16CFG_386_20260610_132433_CFG002_CONFIG_03_-_B3F_AVG4_ADC16384;386;BLOQUE_16CFG_386_20260610_132433_CFG002_CONFIG_03_-_B3F_AVG4_ADC16384;configurations;RIGHT;CONFIG 03 - B3F_AVG4_ADC16384;966;24.259061;10327;27521;32.72;2343;0.33404;-0.86686;0;0;0;;;;
BLOQUE_16CFG_386_20260610_132433_CFG002_CONFIG_03_-_B3F_AVG4_ADC16384;386;BLOQUE_16CFG_386_20260610_132433_CFG002_CONFIG_03_-_B3F_AVG4_ADC16384;configurations;RIGHT;CONFIG 03 - B3F_AVG4_ADC16384;967;24.289203;10331;27530;32.55;2337;0.45891;-1.12182;0;0;0;;;;
BLOQUE_16CFG_386_20260610_132433_CFG002_CONFIG_03_-_B3F_AVG4_ADC16384;386;BLOQUE_16CFG_386_20260610_132433_CFG002_CONFIG_03_-_B3F_AVG4_ADC16384;configurations;RIGHT;CONFIG 03 - B3F_AVG4_ADC16384;968;24.309650;10332;27523;33.10;2357;0.58164;-1.13429;0;0;0;;;;
BLOQUE_16CFG_386_20260610_132433_CFG002_CONFIG_03_-_B3F_AVG4_ADC16384;386;BLOQUE_16CFG_386_20260610_132433_CFG002_CONFIG_03_-_B3F_AVG4_ADC16384;configurations;RIGHT;CONFIG 03 - B3F_AVG4_ADC16384;969;24.339429;10330;27531;32.31;2328;0.61793;-1.25291;0;0;0;;;;
BLOQUE_16CFG_386_20260610_132433_CFG002_CONFIG_03_-_B3F_AVG4_ADC16384;386;BLOQUE_16CFG_386_20260610_132433_CFG002_CONFIG_03_-_B3F_AVG4_ADC16384;configurations;RIGHT;CONFIG 03 - B3F_AVG4_ADC16384;970;24.359181;10333;27534;32.96;2352;0.14087;-1.28508;0;0;0;;;;
BLOQUE_16CFG_386_20260610_132433_CFG002_CONFIG_03_-_B3F_AVG4_ADC16384;386;BLOQUE_16CFG_386_20260610_132433_CFG002_CONFIG_03_-_B3F_AVG4_ADC16384;configurations;RIGHT;CONFIG 03 - B3F_AVG4_ADC16384;971;24.389848;10328;27532;33.34;2366;0.01387;-1.50962;0;0;0;;;;
BLOQUE_16CFG_386_20260610_132433_CFG002_CONFIG_03_-_B3F_AVG4_ADC16384;386;BLOQUE_16CFG_386_20260610_132433_CFG002_CONFIG_03_-_B3F_AVG4_ADC16384;configurations;RIGHT;CONFIG 03 - B3F_AVG4_ADC16384;972;24.409782;10330;27529;32.99;2353;-0.54322;-1.57768;0;0;0;;;;
BLOQUE_16CFG_386_20260610_132433_CFG002_CONFIG_03_-_B3F_AVG4_ADC16384;386;BLOQUE_16CFG_386_20260610_132433_CFG002_CONFIG_03_-_B3F_AVG4_ADC16384;configurations;RIGHT;CONFIG 03 - B3F_AVG4_ADC16384;973;24.440095;10328;27541;32.69;2342;-0.67022;-1.51990;0;0;0;;;;
BLOQUE_16CFG_386_20260610_132433_CFG002_CONFIG_03_-_B3F_AVG4_ADC16384;386;BLOQUE_16CFG_386_20260610_132433_CFG002_CONFIG_03_-_B3F_AVG4_ADC16384;configurations;RIGHT;CONFIG 03 - B3F_AVG4_ADC16384;974;24.460265;10328;27546;32.91;2350;-0.62647;-1.33913;0;0;0;;;;
BLOQUE_16CFG_386_20260610_132433_CFG002_CONFIG_03_-_B3F_AVG4_ADC16384;386;BLOQUE_16CFG_386_20260610_132433_CFG002_CONFIG_03_-_B3F_AVG4_ADC16384;configurations;RIGHT;CONFIG 03 - B3F_AVG4_ADC16384;975;24.490429;10332;27550;33.07;2356;-0.15368;-1.29799;0;0;0;;;;
BLOQUE_16CFG_386_20260610_132433_CFG002_CONFIG_03_-_B3F_AVG4_ADC16384;386;BLOQUE_16CFG_386_20260610_132433_CFG002_CONFIG_03_-_B3F_AVG4_ADC16384;configurations;RIGHT;CONFIG 03 - B3F_AVG4_ADC16384;976;24.511079;10335;27554;33.13;2358;-0.28388;-1.25838;0;0;0;;;;
BLOQUE_16CFG_386_20260610_132433_CFG002_CONFIG_03_-_B3F_AVG4_ADC16384;386;BLOQUE_16CFG_386_20260610_132433_CFG002_CONFIG_03_-_B3F_AVG4_ADC16384;configurations;RIGHT;CONFIG 03 - B3F_AVG4_ADC16384;977;24.540605;10328;27559;32.61;2339;-0.58164;-1.20016;0;0;0;;;;
BLOQUE_16CFG_386_20260610_132433_CFG002_CONFIG_03_-_B3F_AVG4_ADC16384;386;BLOQUE_16CFG_386_20260610_132433_CFG002_CONFIG_03_-_B3F_AVG4_ADC16384;configurations;RIGHT;CONFIG 03 - B3F_AVG4_ADC16384;978;24.560755;10330;27564;32.83;2347;-0.87833;-0.98591;0;0;0;;;;
BLOQUE_16CFG_386_20260610_132433_CFG002_CONFIG_03_-_B3F_AVG4_ADC16384;386;BLOQUE_16CFG_386_20260610_132433_CFG002_CONFIG_03_-_B3F_AVG4_ADC16384;configurations;RIGHT;CONFIG 03 - B3F_AVG4_ADC16384;979;24.591009;10333;27577;33.26;2363;-0.40235;-0.84475;0;0;0;;;;
BLOQUE_16CFG_386_20260610_132433_CFG002_CONFIG_03_-_B3F_AVG4_ADC16384;386;BLOQUE_16CFG_386_20260610_132433_CFG002_CONFIG_03_-_B3F_AVG4_ADC16384;configurations;RIGHT;CONFIG 03 - B3F_AVG4_ADC16384;980;24.611118;10335;27578;32.69;2342;-0.09392;-0.68850;0;0;0;;;;
BLOQUE_16CFG_386_20260610_132433_CFG002_CONFIG_03_-_B3F_AVG4_ADC16384;386;BLOQUE_16CFG_386_20260610_132433_CFG002_CONFIG_03_-_B3F_AVG4_ADC16384;configurations;RIGHT;CONFIG 03 - B3F_AVG4_ADC16384;981;24.641203;10335;27584;33.07;2356;0.04909;-0.67362;0;0;0;;;;
BLOQUE_16CFG_386_20260610_132433_CFG002_CONFIG_03_-_B3F_AVG4_ADC16384;386;BLOQUE_16CFG_386_20260610_132433_CFG002_CONFIG_03_-_B3F_AVG4_ADC16384;configurations;RIGHT;CONFIG 03 - B3F_AVG4_ADC16384;982;24.661324;10336;27589;32.77;2345;-0.14621;-0.64298;0;0;0;;;;
BLOQUE_16CFG_386_20260610_132433_CFG002_CONFIG_03_-_B3F_AVG4_ADC16384;386;BLOQUE_16CFG_386_20260610_132433_CFG002_CONFIG_03_-_B3F_AVG4_ADC16384;configurations;RIGHT;CONFIG 03 - B3F_AVG4_ADC16384;983;24.691615;10334;27591;34.39;2404;-0.00000;-0.72132;0;0;0;;;;
BLOQUE_16CFG_386_20260610_132433_CFG002_CONFIG_03_-_B3F_AVG4_ADC16384;386;BLOQUE_16CFG_386_20260610_132433_CFG002_CONFIG_03_-_B3F_AVG4_ADC16384;configurations;RIGHT;CONFIG 03 - B3F_AVG4_ADC16384;984;24.711989;10338;27591;32.85;2348;-0.11419;-0.66180;0;0;0;;;;
BLOQUE_16CFG_386_20260610_132433_CFG002_CONFIG_03_-_B3F_AVG4_ADC16384;386;BLOQUE_16CFG_386_20260610_132433_CFG002_CONFIG_03_-_B3F_AVG4_ADC16384;configurations;RIGHT;CONFIG 03 - B3F_AVG4_ADC16384;985;24.741771;10336;27604;33.04;2355;0.02455;-0.64210;0;0;0;;;;
BLOQUE_16CFG_386_20260610_132433_CFG002_CONFIG_03_-_B3F_AVG4_ADC16384;386;BLOQUE_16CFG_386_20260610_132433_CFG002_CONFIG_03_-_B3F_AVG4_ADC16384;configurations;RIGHT;CONFIG 03 - B3F_AVG4_ADC16384;986;24.762042;10337;27604;33.65;2377;-0.18677;-0.32674;0;0;0;;;;
BLOQUE_16CFG_386_20260610_132433_CFG002_CONFIG_03_-_B3F_AVG4_ADC16384;386;BLOQUE_16CFG_386_20260610_132433_CFG002_CONFIG_03_-_B3F_AVG4_ADC16384;configurations;RIGHT;CONFIG 03 - B3F_AVG4_ADC16384;987;24.792097;10337;27621;32.93;2351;-0.83564;-0.33287;0;0;0;;;;
BLOQUE_16CFG_386_20260610_132433_CFG002_CONFIG_03_-_B3F_AVG4_ADC16384;386;BLOQUE_16CFG_386_20260610_132433_CFG002_CONFIG_03_-_B3F_AVG4_ADC16384;configurations;RIGHT;CONFIG 03 - B3F_AVG4_ADC16384;988;24.811948;10330;27616;33.18;2360;-0.79082;-0.16589;0;0;0;;;;
BLOQUE_16CFG_386_20260610_132433_CFG002_CONFIG_03_-_B3F_AVG4_ADC16384;386;BLOQUE_16CFG_386_20260610_132433_CFG002_CONFIG_03_-_B3F_AVG4_ADC16384;configurations;RIGHT;CONFIG 03 - B3F_AVG4_ADC16384;989;24.842485;10339;27626;32.58;2338;-0.74706;-0.24686;0;0;0;;;;
BLOQUE_16CFG_386_20260610_132433_CFG002_CONFIG_03_-_B3F_AVG4_ADC16384;386;BLOQUE_16CFG_386_20260610_132433_CFG002_CONFIG_03_-_B3F_AVG4_ADC16384;configurations;RIGHT;CONFIG 03 - B3F_AVG4_ADC16384;990;24.862668;10339;27629;33.56;2374;-0.26574;-0.20616;0;0;0;;;;
BLOQUE_16CFG_386_20260610_132433_CFG002_CONFIG_03_-_B3F_AVG4_ADC16384;386;BLOQUE_16CFG_386_20260610_132433_CFG002_CONFIG_03_-_B3F_AVG4_ADC16384;configurations;RIGHT;CONFIG 03 - B3F_AVG4_ADC16384;991;24.892619;10337;27631;32.96;2352;-0.30309;-0.32455;0;0;0;;;;
BLOQUE_16CFG_386_20260610_132433_CFG002_CONFIG_03_-_B3F_AVG4_ADC16384;386;BLOQUE_16CFG_386_20260610_132433_CFG002_CONFIG_03_-_B3F_AVG4_ADC16384;configurations;RIGHT;CONFIG 03 - B3F_AVG4_ADC16384;992;24.912471;10340;27632;32.53;2336;-0.59765;-0.46199;0;0;0;;;;
BLOQUE_16CFG_386_20260610_132433_CFG002_CONFIG_03_-_B3F_AVG4_ADC16384;386;BLOQUE_16CFG_386_20260610_132433_CFG002_CONFIG_03_-_B3F_AVG4_ADC16384;configurations;RIGHT;CONFIG 03 - B3F_AVG4_ADC16384;993;24.942935;10337;27634;32.36;2330;-0.46638;-0.65086;0;0;0;;;;
BLOQUE_16CFG_386_20260610_132433_CFG002_CONFIG_03_-_B3F_AVG4_ADC16384;386;BLOQUE_16CFG_386_20260610_132433_CFG002_CONFIG_03_-_B3F_AVG4_ADC16384;configurations;RIGHT;CONFIG 03 - B3F_AVG4_ADC16384;994;24.963444;10340;27633;32.58;2338;-0.34365;-0.55806;0;0;0;;;;
BLOQUE_16CFG_386_20260610_132433_CFG002_CONFIG_03_-_B3F_AVG4_ADC16384;386;BLOQUE_16CFG_386_20260610_132433_CFG002_CONFIG_03_-_B3F_AVG4_ADC16384;configurations;RIGHT;CONFIG 03 - B3F_AVG4_ADC16384;995;24.993350;10343;27650;33.40;2368;0.03842;-0.49941;0;0;0;;;;
BLOQUE_16CFG_386_20260610_132433_CFG002_CONFIG_03_-_B3F_AVG4_ADC16384;386;BLOQUE_16CFG_386_20260610_132433_CFG002_CONFIG_03_-_B3F_AVG4_ADC16384;configurations;RIGHT;CONFIG 03 - B3F_AVG4_ADC16384;996;25.012932;10343;27650;32.85;2348;-0.00640;-0.31908;0;0;0;;;;
BLOQUE_16CFG_386_20260610_132433_CFG002_CONFIG_03_-_B3F_AVG4_ADC16384;386;BLOQUE_16CFG_386_20260610_132433_CFG002_CONFIG_03_-_B3F_AVG4_ADC16384;configurations;RIGHT;CONFIG 03 - B3F_AVG4_ADC16384;997;25.043558;10341;27656;32.80;2346;-0.21772;-0.34928;0;0;0;;;;
BLOQUE_16CFG_386_20260610_132433_CFG002_CONFIG_03_-_B3F_AVG4_ADC16384;386;BLOQUE_16CFG_386_20260610_132433_CFG002_CONFIG_03_-_B3F_AVG4_ADC16384;configurations;RIGHT;CONFIG 03 - B3F_AVG4_ADC16384;998;25.063704;10342;27661;33.62;2376;-0.17289;-0.11424;0;0;0;;;;
BLOQUE_16CFG_386_20260610_132433_CFG002_CONFIG_03_-_B3F_AVG4_ADC16384;386;BLOQUE_16CFG_386_20260610_132433_CFG002_CONFIG_03_-_B3F_AVG4_ADC16384;configurations;RIGHT;CONFIG 03 - B3F_AVG4_ADC16384;999;25.093965;10345;27676;32.83;2347;-0.13767;0.17289;0;0;0;;;;
BLOQUE_16CFG_386_20260610_132433_CFG002_CONFIG_03_-_B3F_AVG4_ADC16384;386;BLOQUE_16CFG_386_20260610_132433_CFG002_CONFIG_03_-_B3F_AVG4_ADC16384;configurations;RIGHT;CONFIG 03 - B3F_AVG4_ADC16384;1000;25.113871;10343;27685;32.72;2343;-0.01387;0.38780;0;0;0;;;;
BLOQUE_16CFG_386_20260610_132433_CFG002_CONFIG_03_-_B3F_AVG4_ADC16384;386;BLOQUE_16CFG_386_20260610_132433_CFG002_CONFIG_03_-_B3F_AVG4_ADC16384;configurations;RIGHT;CONFIG 03 - B3F_AVG4_ADC16384;1001;25.144296;10345;27686;33.37;2367;-0.15368;0.38911;0;0;0;;;;
BLOQUE_16CFG_386_20260610_132433_CFG002_CONFIG_03_-_B3F_AVG4_ADC16384;386;BLOQUE_16CFG_386_20260610_132433_CFG002_CONFIG_03_-_B3F_AVG4_ADC16384;configurations;RIGHT;CONFIG 03 - B3F_AVG4_ADC16384;1002;25.164879;10345;27689;32.74;2344;-0.20491;0.42566;0;0;0;;;;
BLOQUE_16CFG_386_20260610_132433_CFG002_CONFIG_03_-_B3F_AVG4_ADC16384;386;BLOQUE_16CFG_386_20260610_132433_CFG002_CONFIG_03_-_B3F_AVG4_ADC16384;configurations;RIGHT;CONFIG 03 - B3F_AVG4_ADC16384;1003;25.194436;10344;27700;32.15;2322;-0.26467;0.46199;0;0;0;;;;
BLOQUE_16CFG_386_20260610_132433_CFG002_CONFIG_03_-_B3F_AVG4_ADC16384;386;BLOQUE_16CFG_386_20260610_132433_CFG002_CONFIG_03_-_B3F_AVG4_ADC16384;configurations;RIGHT;CONFIG 03 - B3F_AVG4_ADC16384;1004;25.214153;10346;27701;32.96;2352;-0.06617;0.60271;0;0;0;;;;
BLOQUE_16CFG_386_20260610_132433_CFG002_CONFIG_03_-_B3F_AVG4_ADC16384;386;BLOQUE_16CFG_386_20260610_132433_CFG002_CONFIG_03_-_B3F_AVG4_ADC16384;configurations;RIGHT;CONFIG 03 - B3F_AVG4_ADC16384;1005;25.244823;10349;27710;32.85;2348;0.13020;0.62109;0;0;0;;;;
BLOQUE_16CFG_386_20260610_132433_CFG002_CONFIG_03_-_B3F_AVG4_ADC16384;386;BLOQUE_16CFG_386_20260610_132433_CFG002_CONFIG_03_-_B3F_AVG4_ADC16384;configurations;RIGHT;CONFIG 03 - B3F_AVG4_ADC16384;1006;25.264785;10348;27714;32.15;2322;0.15902;0.74365;0;0;0;;;;
BLOQUE_16CFG_386_20260610_132433_CFG002_CONFIG_03_-_B3F_AVG4_ADC16384;386;BLOQUE_16CFG_386_20260610_132433_CFG002_CONFIG_03_-_B3F_AVG4_ADC16384;configurations;RIGHT;CONFIG 03 - B3F_AVG4_ADC16384;1007;25.294989;10348;27721;32.28;2327;0.10672;0.70841;0;0;0;;;;
BLOQUE_16CFG_386_20260610_132433_CFG002_CONFIG_03_-_B3F_AVG4_ADC16384;386;BLOQUE_16CFG_386_20260610_132433_CFG002_CONFIG_03_-_B3F_AVG4_ADC16384;configurations;RIGHT;CONFIG 03 - B3F_AVG4_ADC16384;1008;25.315777;10350;27721;33.15;2359;0.14514;0.89947;0;0;0;;;;
BLOQUE_16CFG_386_20260610_132433_CFG002_CONFIG_03_-_B3F_AVG4_ADC16384;386;BLOQUE_16CFG_386_20260610_132433_CFG002_CONFIG_03_-_B3F_AVG4_ADC16384;configurations;RIGHT;CONFIG 03 - B3F_AVG4_ADC16384;1009;25.345352;10350;27738;32.96;2352;0.18036;0.89728;0;0;0;;;;
BLOQUE_16CFG_386_20260610_132433_CFG002_CONFIG_03_-_B3F_AVG4_ADC16384;386;BLOQUE_16CFG_386_20260610_132433_CFG002_CONFIG_03_-_B3F_AVG4_ADC16384;configurations;RIGHT;CONFIG 03 - B3F_AVG4_ADC16384;1010;25.365671;10350;27734;32.36;2330;0.04376;1.03472;0;0;0;;;;
BLOQUE_16CFG_386_20260610_132433_CFG002_CONFIG_03_-_B3F_AVG4_ADC16384;386;BLOQUE_16CFG_386_20260610_132433_CFG002_CONFIG_03_-_B3F_AVG4_ADC16384;configurations;RIGHT;CONFIG 03 - B3F_AVG4_ADC16384;1011;25.395662;10350;27742;32.88;2349;0.07044;0.89028;0;0;1;;;;
BLOQUE_16CFG_386_20260610_132433_CFG002_CONFIG_03_-_B3F_AVG4_ADC16384;386;BLOQUE_16CFG_386_20260610_132433_CFG002_CONFIG_03_-_B3F_AVG4_ADC16384;configurations;RIGHT;CONFIG 03 - B3F_AVG4_ADC16384;1012;25.415677;10352;27743;34.11;2394;0.01174;0.83075;0;0;0;;;;
BLOQUE_16CFG_386_20260610_132433_CFG002_CONFIG_03_-_B3F_AVG4_ADC16384;386;BLOQUE_16CFG_386_20260610_132433_CFG002_CONFIG_03_-_B3F_AVG4_ADC16384;configurations;RIGHT;CONFIG 03 - B3F_AVG4_ADC16384;1013;25.445933;10351;27744;33.02;2354;0.03202;0.56047;0;0;0;;;;
BLOQUE_16CFG_386_20260610_132433_CFG002_CONFIG_03_-_B3F_AVG4_ADC16384;386;BLOQUE_16CFG_386_20260610_132433_CFG002_CONFIG_03_-_B3F_AVG4_ADC16384;configurations;RIGHT;CONFIG 03 - B3F_AVG4_ADC16384;1014;25.466622;10352;27740;33.18;2360;0.14301;0.46637;0;0;0;;;;
BLOQUE_16CFG_386_20260610_132433_CFG002_CONFIG_03_-_B3F_AVG4_ADC16384;386;BLOQUE_16CFG_386_20260610_132433_CFG002_CONFIG_03_-_B3F_AVG4_ADC16384;configurations;RIGHT;CONFIG 03 - B3F_AVG4_ADC16384;1015;25.496208;10355;27751;32.55;2337;0.25293;0.32368;0;0;0;;;;
BLOQUE_16CFG_386_20260610_132433_CFG002_CONFIG_03_-_B3F_AVG4_ADC16384;386;BLOQUE_16CFG_386_20260610_132433_CFG002_CONFIG_03_-_B3F_AVG4_ADC16384;configurations;RIGHT;CONFIG 03 - B3F_AVG4_ADC16384;1016;25.516654;10354;27749;32.66;2341;0.19851;0.25168;0;0;0;;;;
BLOQUE_16CFG_386_20260610_132433_CFG002_CONFIG_03_-_B3F_AVG4_ADC16384;386;BLOQUE_16CFG_386_20260610_132433_CFG002_CONFIG_03_-_B3F_AVG4_ADC16384;configurations;RIGHT;CONFIG 03 - B3F_AVG4_ADC16384;1017;25.546622;10353;27749;33.23;2362;-0.12273;0.02342;0;0;0;;;;
BLOQUE_16CFG_386_20260610_132433_CFG002_CONFIG_03_-_B3F_AVG4_ADC16384;386;BLOQUE_16CFG_386_20260610_132433_CFG002_CONFIG_03_-_B3F_AVG4_ADC16384;configurations;RIGHT;CONFIG 03 - B3F_AVG4_ADC16384;1018;25.566993;10353;27751;33.23;2362;-0.18677;0.07988;0;0;0;;;;
BLOQUE_16CFG_386_20260610_132433_CFG002_CONFIG_03_-_B3F_AVG4_ADC16384;386;BLOQUE_16CFG_386_20260610_132433_CFG002_CONFIG_03_-_B3F_AVG4_ADC16384;configurations;RIGHT;CONFIG 03 - B3F_AVG4_ADC16384;1019;25.596964;10355;27765;32.47;2334;-0.00213;0.17880;0;0;0;;;;
BLOQUE_16CFG_386_20260610_132433_CFG002_CONFIG_03_-_B3F_AVG4_ADC16384;386;BLOQUE_16CFG_386_20260610_132433_CFG002_CONFIG_03_-_B3F_AVG4_ADC16384;configurations;RIGHT;CONFIG 03 - B3F_AVG4_ADC16384;1020;25.616992;10357;27767;33.07;2356;-0.50160;0.38846;0;0;0;;;;
BLOQUE_16CFG_386_20260610_132433_CFG002_CONFIG_03_-_B3F_AVG4_ADC16384;386;BLOQUE_16CFG_386_20260610_132433_CFG002_CONFIG_03_-_B3F_AVG4_ADC16384;configurations;RIGHT;CONFIG 03 - B3F_AVG4_ADC16384;1021;25.647124;10349;27775;33.34;2366;-0.91462;0.44492;0;0;0;;;;
BLOQUE_16CFG_386_20260610_132433_CFG002_CONFIG_03_-_B3F_AVG4_ADC16384;386;BLOQUE_16CFG_386_20260610_132433_CFG002_CONFIG_03_-_B3F_AVG4_ADC16384;configurations;RIGHT;CONFIG 03 - B3F_AVG4_ADC16384;1022;25.667181;10352;27780;32.77;2345;-1.40768;0.41450;0;0;0;;;;
BLOQUE_16CFG_386_20260610_132433_CFG002_CONFIG_03_-_B3F_AVG4_ADC16384;386;BLOQUE_16CFG_386_20260610_132433_CFG002_CONFIG_03_-_B3F_AVG4_ADC16384;configurations;RIGHT;CONFIG 03 - B3F_AVG4_ADC16384;1023;25.697391;10353;27777;32.96;2352;-0.95090;0.40684;0;0;0;;;;
BLOQUE_16CFG_386_20260610_132433_CFG002_CONFIG_03_-_B3F_AVG4_ADC16384;386;BLOQUE_16CFG_386_20260610_132433_CFG002_CONFIG_03_-_B3F_AVG4_ADC16384;configurations;RIGHT;CONFIG 03 - B3F_AVG4_ADC16384;1024;25.717043;10356;27786;32.34;2329;-0.74813;0.38408;0;0;0;;;;
BLOQUE_16CFG_386_20260610_132433_CFG002_CONFIG_03_-_B3F_AVG4_ADC16384;386;BLOQUE_16CFG_386_20260610_132433_CFG002_CONFIG_03_-_B3F_AVG4_ADC16384;configurations;RIGHT;CONFIG 03 - B3F_AVG4_ADC16384;1025;25.747855;10356;27790;32.45;2333;-0.19851;0.50838;0;0;0;;;;
BLOQUE_16CFG_386_20260610_132433_CFG002_CONFIG_03_-_B3F_AVG4_ADC16384;386;BLOQUE_16CFG_386_20260610_132433_CFG002_CONFIG_03_-_B3F_AVG4_ADC16384;configurations;RIGHT;CONFIG 03 - B3F_AVG4_ADC16384;1026;25.767872;10361;27795;32.80;2346;0.09498;0.70579;0;0;0;;;;
BLOQUE_16CFG_386_20260610_132433_CFG002_CONFIG_03_-_B3F_AVG4_ADC16384;386;BLOQUE_16CFG_386_20260610_132433_CFG002_CONFIG_03_-_B3F_AVG4_ADC16384;configurations;RIGHT;CONFIG 03 - B3F_AVG4_ADC16384;1027;25.798097;10361;27808;33.34;2366;0.30630;0.81937;0;0;0;;;;
BLOQUE_16CFG_386_20260610_132433_CFG002_CONFIG_03_-_B3F_AVG4_ADC16384;386;BLOQUE_16CFG_386_20260610_132433_CFG002_CONFIG_03_-_B3F_AVG4_ADC16384;configurations;RIGHT;CONFIG 03 - B3F_AVG4_ADC16384;1028;25.817870;10360;27807;32.80;2346;0.16969;1.02137;0;0;0;;;;
BLOQUE_16CFG_386_20260610_132433_CFG002_CONFIG_03_-_B3F_AVG4_ADC16384;386;BLOQUE_16CFG_386_20260610_132433_CFG002_CONFIG_03_-_B3F_AVG4_ADC16384;configurations;RIGHT;CONFIG 03 - B3F_AVG4_ADC16384;1029;25.848357;10361;27817;33.18;2360;0.29562;0.99554;0;0;0;;;;
BLOQUE_16CFG_386_20260610_132433_CFG002_CONFIG_03_-_B3F_AVG4_ADC16384;386;BLOQUE_16CFG_386_20260610_132433_CFG002_CONFIG_03_-_B3F_AVG4_ADC16384;configurations;RIGHT;CONFIG 03 - B3F_AVG4_ADC16384;1030;25.867878;10364;27817;32.99;2353;0.07577;1.07673;0;0;0;;;;
BLOQUE_16CFG_386_20260610_132433_CFG002_CONFIG_03_-_B3F_AVG4_ADC16384;386;BLOQUE_16CFG_386_20260610_132433_CFG002_CONFIG_03_-_B3F_AVG4_ADC16384;configurations;RIGHT;CONFIG 03 - B3F_AVG4_ADC16384;1031;25.898589;10359;27822;33.04;2355;-0.22625;1.01874;0;0;0;;;;
BLOQUE_16CFG_386_20260610_132433_CFG002_CONFIG_03_-_B3F_AVG4_ADC16384;386;BLOQUE_16CFG_386_20260610_132433_CFG002_CONFIG_03_-_B3F_AVG4_ADC16384;configurations;RIGHT;CONFIG 03 - B3F_AVG4_ADC16384;1032;25.919387;10359;27824;33.21;2361;-0.43970;0.98088;0;0;0;;;;
BLOQUE_16CFG_386_20260610_132433_CFG002_CONFIG_03_-_B3F_AVG4_ADC16384;386;BLOQUE_16CFG_386_20260610_132433_CFG002_CONFIG_03_-_B3F_AVG4_ADC16384;configurations;RIGHT;CONFIG 03 - B3F_AVG4_ADC16384;1033;25.948845;10363;27825;32.74;2344;-0.22412;0.90953;0;0;0;;;;
BLOQUE_16CFG_386_20260610_132433_CFG002_CONFIG_03_-_B3F_AVG4_ADC16384;386;BLOQUE_16CFG_386_20260610_132433_CFG002_CONFIG_03_-_B3F_AVG4_ADC16384;configurations;RIGHT;CONFIG 03 - B3F_AVG4_ADC16384;1034;25.968497;10363;27828;33.15;2359;0.16862;1.03450;0;0;0;;;;
BLOQUE_16CFG_386_20260610_132433_CFG002_CONFIG_03_-_B3F_AVG4_ADC16384;386;BLOQUE_16CFG_386_20260610_132433_CFG002_CONFIG_03_-_B3F_AVG4_ADC16384;configurations;RIGHT;CONFIG 03 - B3F_AVG4_ADC16384;1035;25.999154;10365;27841;32.26;2326;0.21345;1.03909;0;0;0;;;;
BLOQUE_16CFG_386_20260610_132433_CFG002_CONFIG_03_-_B3F_AVG4_ADC16384;386;BLOQUE_16CFG_386_20260610_132433_CFG002_CONFIG_03_-_B3F_AVG4_ADC16384;configurations;RIGHT;CONFIG 03 - B3F_AVG4_ADC16384;1036;26.019428;10365;27835;32.83;2347;0.09605;1.13582;0;0;0;;;;
BLOQUE_16CFG_386_20260610_132433_CFG002_CONFIG_03_-_B3F_AVG4_ADC16384;386;BLOQUE_16CFG_386_20260610_132433_CFG002_CONFIG_03_-_B3F_AVG4_ADC16384;configurations;RIGHT;CONFIG 03 - B3F_AVG4_ADC16384;1037;26.049434;10363;27843;32.96;2352;-0.02455;1.02552;0;0;1;;;;
BLOQUE_16CFG_386_20260610_132433_CFG002_CONFIG_03_-_B3F_AVG4_ADC16384;386;BLOQUE_16CFG_386_20260610_132433_CFG002_CONFIG_03_-_B3F_AVG4_ADC16384;configurations;RIGHT;CONFIG 03 - B3F_AVG4_ADC16384;1038;26.070273;10365;27844;33.10;2357;0.11740;1.07783;0;0;0;;;;
BLOQUE_16CFG_386_20260610_132433_CFG002_CONFIG_03_-_B3F_AVG4_ADC16384;386;BLOQUE_16CFG_386_20260610_132433_CFG002_CONFIG_03_-_B3F_AVG4_ADC16384;configurations;RIGHT;CONFIG 03 - B3F_AVG4_ADC16384;1039;26.099695;10368;27847;32.20;2324;0.16649;1.10103;0;0;0;;;;
BLOQUE_16CFG_386_20260610_132433_CFG002_CONFIG_03_-_B3F_AVG4_ADC16384;386;BLOQUE_16CFG_386_20260610_132433_CFG002_CONFIG_03_-_B3F_AVG4_ADC16384;configurations;RIGHT;CONFIG 03 - B3F_AVG4_ADC16384;1040;26.119950;10365;27853;32.85;2348;0.22412;1.14852;0;0;0;;;;
BLOQUE_16CFG_386_20260610_132433_CFG002_CONFIG_03_-_B3F_AVG4_ADC16384;386;BLOQUE_16CFG_386_20260610_132433_CFG002_CONFIG_03_-_B3F_AVG4_ADC16384;configurations;RIGHT;CONFIG 03 - B3F_AVG4_ADC16384;1041;26.150095;10367;27855;33.29;2364;0.28175;1.14983;0;0;0;;;;
BLOQUE_16CFG_386_20260610_132433_CFG002_CONFIG_03_-_B3F_AVG4_ADC16384;386;BLOQUE_16CFG_386_20260610_132433_CFG002_CONFIG_03_-_B3F_AVG4_ADC16384;configurations;RIGHT;CONFIG 03 - B3F_AVG4_ADC16384;1042;26.170638;10370;27855;33.43;2369;0.25934;1.15618;0;0;0;;;;
BLOQUE_16CFG_386_20260610_132433_CFG002_CONFIG_03_-_B3F_AVG4_ADC16384;386;BLOQUE_16CFG_386_20260610_132433_CFG002_CONFIG_03_-_B3F_AVG4_ADC16384;configurations;RIGHT;CONFIG 03 - B3F_AVG4_ADC16384;1043;26.200446;10366;27861;33.67;2378;0.67022;1.24000;0;0;0;;;;
BLOQUE_16CFG_386_20260610_132433_CFG002_CONFIG_03_-_B3F_AVG4_ADC16384;386;BLOQUE_16CFG_386_20260610_132433_CFG002_CONFIG_03_-_B3F_AVG4_ADC16384;configurations;RIGHT;CONFIG 03 - B3F_AVG4_ADC16384;1044;26.220747;10373;27867;32.74;2344;0.57097;1.42033;0;0;0;;;;
BLOQUE_16CFG_386_20260610_132433_CFG002_CONFIG_03_-_B3F_AVG4_ADC16384;386;BLOQUE_16CFG_386_20260610_132433_CFG002_CONFIG_03_-_B3F_AVG4_ADC16384;configurations;RIGHT;CONFIG 03 - B3F_AVG4_ADC16384;1045;26.250773;10370;27872;32.31;2328;1.08004;1.48489;0;0;0;;;;
BLOQUE_16CFG_386_20260610_132433_CFG002_CONFIG_03_-_B3F_AVG4_ADC16384;386;BLOQUE_16CFG_386_20260610_132433_CFG002_CONFIG_03_-_B3F_AVG4_ADC16384;configurations;RIGHT;CONFIG 03 - B3F_AVG4_ADC16384;1046;26.270867;10373;27871;32.72;2343;0.72999;1.62736;0;0;0;;;;
BLOQUE_16CFG_386_20260610_132433_CFG002_CONFIG_03_-_B3F_AVG4_ADC16384;386;BLOQUE_16CFG_386_20260610_132433_CFG002_CONFIG_03_-_B3F_AVG4_ADC16384;configurations;RIGHT;CONFIG 03 - B3F_AVG4_ADC16384;1047;26.300987;10370;27881;32.83;2347;0.99146;1.63414;0;0;0;;;;
BLOQUE_16CFG_386_20260610_132433_CFG002_CONFIG_03_-_B3F_AVG4_ADC16384;386;BLOQUE_16CFG_386_20260610_132433_CFG002_CONFIG_03_-_B3F_AVG4_ADC16384;configurations;RIGHT;CONFIG 03 - B3F_AVG4_ADC16384;1048;26.321042;10374;27878;31.53;2299;0.82924;1.80681;0;0;0;;;;
BLOQUE_16CFG_386_20260610_132433_CFG002_CONFIG_03_-_B3F_AVG4_ADC16384;386;BLOQUE_16CFG_386_20260610_132433_CFG002_CONFIG_03_-_B3F_AVG4_ADC16384;configurations;RIGHT;CONFIG 03 - B3F_AVG4_ADC16384;1049;26.351353;10372;27886;32.91;2350;1.27854;1.75713;0;0;0;;;;
BLOQUE_16CFG_386_20260610_132433_CFG002_CONFIG_03_-_B3F_AVG4_ADC16384;386;BLOQUE_16CFG_386_20260610_132433_CFG002_CONFIG_03_-_B3F_AVG4_ADC16384;configurations;RIGHT;CONFIG 03 - B3F_AVG4_ADC16384;1050;26.371448;10376;27883;32.93;2351;1.29562;1.92521;0;0;0;;;;
BLOQUE_16CFG_386_20260610_132433_CFG002_CONFIG_03_-_B3F_AVG4_ADC16384;386;BLOQUE_16CFG_386_20260610_132433_CFG002_CONFIG_03_-_B3F_AVG4_ADC16384;configurations;RIGHT;CONFIG 03 - B3F_AVG4_ADC16384;1051;26.401473;10375;27892;33.13;2358;1.65848;1.86809;0;0;0;;;;
BLOQUE_16CFG_386_20260610_132433_CFG002_CONFIG_03_-_B3F_AVG4_ADC16384;386;BLOQUE_16CFG_386_20260610_132433_CFG002_CONFIG_03_-_B3F_AVG4_ADC16384;configurations;RIGHT;CONFIG 03 - B3F_AVG4_ADC16384;1052;26.422128;10377;27887;32.64;2340;1.50480;2.06155;0;0;0;;;;
BLOQUE_16CFG_386_20260610_132433_CFG002_CONFIG_03_-_B3F_AVG4_ADC16384;386;BLOQUE_16CFG_386_20260610_132433_CFG002_CONFIG_03_-_B3F_AVG4_ADC16384;configurations;RIGHT;CONFIG 03 - B3F_AVG4_ADC16384;1053;26.451820;10375;27898;32.93;2351;1.61579;1.95826;0;0;0;;;;
BLOQUE_16CFG_386_20260610_132433_CFG002_CONFIG_03_-_B3F_AVG4_ADC16384;386;BLOQUE_16CFG_386_20260610_132433_CFG002_CONFIG_03_-_B3F_AVG4_ADC16384;configurations;RIGHT;CONFIG 03 - B3F_AVG4_ADC16384;1054;26.471417;10377;27890;32.47;2334;1.21024;2.22875;0;0;0;;;;
BLOQUE_16CFG_386_20260610_132433_CFG002_CONFIG_03_-_B3F_AVG4_ADC16384;386;BLOQUE_16CFG_386_20260610_132433_CFG002_CONFIG_03_-_B3F_AVG4_ADC16384;configurations;RIGHT;CONFIG 03 - B3F_AVG4_ADC16384;1055;26.502096;10373;27906;32.80;2346;1.41515;2.16616;0;0;0;;;;
BLOQUE_16CFG_386_20260610_132433_CFG002_CONFIG_03_-_B3F_AVG4_ADC16384;386;BLOQUE_16CFG_386_20260610_132433_CFG002_CONFIG_03_-_B3F_AVG4_ADC16384;configurations;RIGHT;CONFIG 03 - B3F_AVG4_ADC16384;1056;26.522177;10378;27898;33.40;2368;1.27214;2.35328;0;0;0;;;;
BLOQUE_16CFG_386_20260610_132433_CFG002_CONFIG_03_-_B3F_AVG4_ADC16384;386;BLOQUE_16CFG_386_20260610_132433_CFG002_CONFIG_03_-_B3F_AVG4_ADC16384;configurations;RIGHT;CONFIG 03 - B3F_AVG4_ADC16384;1057;26.552431;10376;27904;32.53;2336;1.82070;2.26092;0;0;1;;;;
BLOQUE_16CFG_386_20260610_132433_CFG002_CONFIG_03_-_B3F_AVG4_ADC16384;386;BLOQUE_16CFG_386_20260610_132433_CFG002_CONFIG_03_-_B3F_AVG4_ADC16384;configurations;RIGHT;CONFIG 03 - B3F_AVG4_ADC16384;1058;26.572211;10380;27904;32.42;2332;1.75987;2.36378;0;0;0;;;;
BLOQUE_16CFG_386_20260610_132433_CFG002_CONFIG_03_-_B3F_AVG4_ADC16384;386;BLOQUE_16CFG_386_20260610_132433_CFG002_CONFIG_03_-_B3F_AVG4_ADC16384;configurations;RIGHT;CONFIG 03 - B3F_AVG4_ADC16384;1059;26.602719;10378;27907;32.85;2348;2.39380;2.15434;0;0;0;;;;
BLOQUE_16CFG_386_20260610_132433_CFG002_CONFIG_03_-_B3F_AVG4_ADC16384;386;BLOQUE_16CFG_386_20260610_132433_CFG002_CONFIG_03_-_B3F_AVG4_ADC16384;configurations;RIGHT;CONFIG 03 - B3F_AVG4_ADC16384;1060;26.623033;10384;27895;32.93;2351;2.34364;2.09022;0;0;0;;;;
BLOQUE_16CFG_386_20260610_132433_CFG002_CONFIG_03_-_B3F_AVG4_ADC16384;386;BLOQUE_16CFG_386_20260610_132433_CFG002_CONFIG_03_-_B3F_AVG4_ADC16384;configurations;RIGHT;CONFIG 03 - B3F_AVG4_ADC16384;1061;26.653051;10380;27903;32.91;2350;2.72144;1.89238;0;0;0;;;;
BLOQUE_16CFG_386_20260610_132433_CFG002_CONFIG_03_-_B3F_AVG4_ADC16384;386;BLOQUE_16CFG_386_20260610_132433_CFG002_CONFIG_03_-_B3F_AVG4_ADC16384;configurations;RIGHT;CONFIG 03 - B3F_AVG4_ADC16384;1062;26.673151;10383;27898;33.40;2368;2.40768;1.92784;0;0;0;;;;
BLOQUE_16CFG_386_20260610_132433_CFG002_CONFIG_03_-_B3F_AVG4_ADC16384;386;BLOQUE_16CFG_386_20260610_132433_CFG002_CONFIG_03_-_B3F_AVG4_ADC16384;configurations;RIGHT;CONFIG 03 - B3F_AVG4_ADC16384;1063;26.703467;10381;27899;33.10;2357;2.34578;1.72168;0;0;0;;;;
BLOQUE_16CFG_386_20260610_132433_CFG002_CONFIG_03_-_B3F_AVG4_ADC16384;386;BLOQUE_16CFG_386_20260610_132433_CFG002_CONFIG_03_-_B3F_AVG4_ADC16384;configurations;RIGHT;CONFIG 03 - B3F_AVG4_ADC16384;1064;26.723483;10380;27893;32.93;2351;2.12379;1.60766;0;0;0;;;;
BLOQUE_16CFG_386_20260610_132433_CFG002_CONFIG_03_-_B3F_AVG4_ADC16384;386;BLOQUE_16CFG_386_20260610_132433_CFG002_CONFIG_03_-_B3F_AVG4_ADC16384;configurations;RIGHT;CONFIG 03 - B3F_AVG4_ADC16384;1065;26.753553;10381;27893;33.26;2363;1.99359;1.42930;0;0;0;;;;
BLOQUE_16CFG_386_20260610_132433_CFG002_CONFIG_03_-_B3F_AVG4_ADC16384;386;BLOQUE_16CFG_386_20260610_132433_CFG002_CONFIG_03_-_B3F_AVG4_ADC16384;configurations;RIGHT;CONFIG 03 - B3F_AVG4_ADC16384;1066;26.774383;10380;27890;32.88;2349;1.96477;1.46935;0;0;0;;;;
BLOQUE_16CFG_386_20260610_132433_CFG002_CONFIG_03_-_B3F_AVG4_ADC16384;386;BLOQUE_16CFG_386_20260610_132433_CFG002_CONFIG_03_-_B3F_AVG4_ADC16384;configurations;RIGHT;CONFIG 03 - B3F_AVG4_ADC16384;1067;26.803844;10380;27896;32.04;2318;1.51120;1.60766;0;0;0;;;;
BLOQUE_16CFG_386_20260610_132433_CFG002_CONFIG_03_-_B3F_AVG4_ADC16384;386;BLOQUE_16CFG_386_20260610_132433_CFG002_CONFIG_03_-_B3F_AVG4_ADC16384;configurations;RIGHT;CONFIG 03 - B3F_AVG4_ADC16384;1068;26.824294;10376;27901;33.18;2360;1.15581;1.84117;0;0;0;;;;
BLOQUE_16CFG_386_20260610_132433_CFG002_CONFIG_03_-_B3F_AVG4_ADC16384;386;BLOQUE_16CFG_386_20260610_132433_CFG002_CONFIG_03_-_B3F_AVG4_ADC16384;configurations;RIGHT;CONFIG 03 - B3F_AVG4_ADC16384;1069;26.854146;10376;27903;32.74;2344;1.05976;2.03004;0;0;0;;;;
BLOQUE_16CFG_386_20260610_132433_CFG002_CONFIG_03_-_B3F_AVG4_ADC16384;386;BLOQUE_16CFG_386_20260610_132433_CFG002_CONFIG_03_-_B3F_AVG4_ADC16384;configurations;RIGHT;CONFIG 03 - B3F_AVG4_ADC16384;1070;26.873896;10379;27906;33.62;2376;1.23052;2.13355;0;0;0;;;;
BLOQUE_16CFG_386_20260610_132433_CFG002_CONFIG_03_-_B3F_AVG4_ADC16384;386;BLOQUE_16CFG_386_20260610_132433_CFG002_CONFIG_03_-_B3F_AVG4_ADC16384;configurations;RIGHT;CONFIG 03 - B3F_AVG4_ADC16384;1071;26.904433;10378;27906;32.09;2320;1.48772;2.20752;0;0;0;;;;
BLOQUE_16CFG_386_20260610_132433_CFG002_CONFIG_03_-_B3F_AVG4_ADC16384;386;BLOQUE_16CFG_386_20260610_132433_CFG002_CONFIG_03_-_B3F_AVG4_ADC16384;configurations;RIGHT;CONFIG 03 - B3F_AVG4_ADC16384;1072;26.924703;10379;27906;33.02;2354;1.40021;2.14231;0;0;1;;;;
BLOQUE_16CFG_386_20260610_132433_CFG002_CONFIG_03_-_B3F_AVG4_ADC16384;386;BLOQUE_16CFG_386_20260610_132433_CFG002_CONFIG_03_-_B3F_AVG4_ADC16384;configurations;RIGHT;CONFIG 03 - B3F_AVG4_ADC16384;1073;26.954782;10378;27901;32.80;2346;1.48345;2.10007;0;0;0;;;;
BLOQUE_16CFG_386_20260610_132433_CFG002_CONFIG_03_-_B3F_AVG4_ADC16384;386;BLOQUE_16CFG_386_20260610_132433_CFG002_CONFIG_03_-_B3F_AVG4_ADC16384;configurations;RIGHT;CONFIG 03 - B3F_AVG4_ADC16384;1074;26.975069;10379;27902;33.07;2356;1.40021;2.06199;0;0;0;;;;
BLOQUE_16CFG_386_20260610_132433_CFG002_CONFIG_03_-_B3F_AVG4_ADC16384;386;BLOQUE_16CFG_386_20260610_132433_CFG002_CONFIG_03_-_B3F_AVG4_ADC16384;configurations;RIGHT;CONFIG 03 - B3F_AVG4_ADC16384;1075;27.005122;10378;27902;32.96;2352;1.84951;2.12108;0;0;0;;;;
BLOQUE_16CFG_386_20260610_132433_CFG002_CONFIG_03_-_B3F_AVG4_ADC16384;386;BLOQUE_16CFG_386_20260610_132433_CFG002_CONFIG_03_-_B3F_AVG4_ADC16384;configurations;RIGHT;CONFIG 03 - B3F_AVG4_ADC16384;1076;27.025294;10383;27902;33.43;2369;1.52401;2.16660;0;0;0;;;;
BLOQUE_16CFG_386_20260610_132433_CFG002_CONFIG_03_-_B3F_AVG4_ADC16384;386;BLOQUE_16CFG_386_20260610_132433_CFG002_CONFIG_03_-_B3F_AVG4_ADC16384;configurations;RIGHT;CONFIG 03 - B3F_AVG4_ADC16384;1077;27.055352;10375;27902;33.18;2360;1.89220;2.16354;0;0;0;;;;
BLOQUE_16CFG_386_20260610_132433_CFG002_CONFIG_03_-_B3F_AVG4_ADC16384;386;BLOQUE_16CFG_386_20260610_132433_CFG002_CONFIG_03_-_B3F_AVG4_ADC16384;configurations;RIGHT;CONFIG 03 - B3F_AVG4_ADC16384;1078;27.076122;10382;27899;33.23;2362;1.56243;2.16025;0;0;0;;;;
BLOQUE_16CFG_386_20260610_132433_CFG002_CONFIG_03_-_B3F_AVG4_ADC16384;386;BLOQUE_16CFG_386_20260610_132433_CFG002_CONFIG_03_-_B3F_AVG4_ADC16384;configurations;RIGHT;CONFIG 03 - B3F_AVG4_ADC16384;1079;27.105736;10379;27899;33.48;2371;2.27641;2.15566;0;0;0;;;;
BLOQUE_16CFG_386_20260610_132433_CFG002_CONFIG_03_-_B3F_AVG4_ADC16384;386;BLOQUE_16CFG_386_20260610_132433_CFG002_CONFIG_03_-_B3F_AVG4_ADC16384;configurations;RIGHT;CONFIG 03 - B3F_AVG4_ADC16384;1080;27.125385;10383;27899;33.13;2358;1.77694;2.18520;0;0;0;;;;
BLOQUE_16CFG_386_20260610_132433_CFG002_CONFIG_03_-_B3F_AVG4_ADC16384;386;BLOQUE_16CFG_386_20260610_132433_CFG002_CONFIG_03_-_B3F_AVG4_ADC16384;configurations;RIGHT;CONFIG 03 - B3F_AVG4_ADC16384;1081;27.156125;10376;27898;32.36;2330;2.05442;2.10620;0;0;0;;;;
BLOQUE_16CFG_386_20260610_132433_CFG002_CONFIG_03_-_B3F_AVG4_ADC16384;386;BLOQUE_16CFG_386_20260610_132433_CFG002_CONFIG_03_-_B3F_AVG4_ADC16384;configurations;RIGHT;CONFIG 03 - B3F_AVG4_ADC16384;1082;27.176392;10382;27892;33.15;2359;1.54215;1.97401;0;0;0;;;;
BLOQUE_16CFG_386_20260610_132433_CFG002_CONFIG_03_-_B3F_AVG4_ADC16384;386;BLOQUE_16CFG_386_20260610_132433_CFG002_CONFIG_03_-_B3F_AVG4_ADC16384;configurations;RIGHT;CONFIG 03 - B3F_AVG4_ADC16384;1083;27.206254;10377;27889;32.45;2333;1.53788;1.74882;0;0;0;;;;
BLOQUE_16CFG_386_20260610_132433_CFG002_CONFIG_03_-_B3F_AVG4_ADC16384;386;BLOQUE_16CFG_386_20260610_132433_CFG002_CONFIG_03_-_B3F_AVG4_ADC16384;configurations;RIGHT;CONFIG 03 - B3F_AVG4_ADC16384;1084;27.226406;10376;27883;32.12;2321;0.91995;1.41682;0;0;0;;;;
BLOQUE_16CFG_386_20260610_132433_CFG002_CONFIG_03_-_B3F_AVG4_ADC16384;386;BLOQUE_16CFG_386_20260610_132433_CFG002_CONFIG_03_-_B3F_AVG4_ADC16384;configurations;RIGHT;CONFIG 03 - B3F_AVG4_ADC16384;1085;27.256739;10375;27871;33.26;2363;0.98719;1.15443;0;0;0;;;;
BLOQUE_16CFG_386_20260610_132433_CFG002_CONFIG_03_-_B3F_AVG4_ADC16384;386;BLOQUE_16CFG_386_20260610_132433_CFG002_CONFIG_03_-_B3F_AVG4_ADC16384;configurations;RIGHT;CONFIG 03 - B3F_AVG4_ADC16384;1086;27.276789;10378;27872;32.50;2335;0.88047;0.87452;0;0;0;;;;
BLOQUE_16CFG_386_20260610_132433_CFG002_CONFIG_03_-_B3F_AVG4_ADC16384;386;BLOQUE_16CFG_386_20260610_132433_CFG002_CONFIG_03_-_B3F_AVG4_ADC16384;configurations;RIGHT;CONFIG 03 - B3F_AVG4_ADC16384;1087;27.306906;10375;27865;33.65;2377;0.50800;0.77253;0;0;0;;;;
BLOQUE_16CFG_386_20260610_132433_CFG002_CONFIG_03_-_B3F_AVG4_ADC16384;386;BLOQUE_16CFG_386_20260610_132433_CFG002_CONFIG_03_-_B3F_AVG4_ADC16384;configurations;RIGHT;CONFIG 03 - B3F_AVG4_ADC16384;1088;27.326865;10371;27863;33.13;2358;-0.12273;0.49460;0;0;0;;;;
BLOQUE_16CFG_386_20260610_132433_CFG002_CONFIG_03_-_B3F_AVG4_ADC16384;386;BLOQUE_16CFG_386_20260610_132433_CFG002_CONFIG_03_-_B3F_AVG4_ADC16384;configurations;RIGHT;CONFIG 03 - B3F_AVG4_ADC16384;1089;27.357335;10371;27854;32.34;2329;-0.49520;0.30814;0;0;0;;;;
BLOQUE_16CFG_386_20260610_132433_CFG002_CONFIG_03_-_B3F_AVG4_ADC16384;386;BLOQUE_16CFG_386_20260610_132433_CFG002_CONFIG_03_-_B3F_AVG4_ADC16384;configurations;RIGHT;CONFIG 03 - B3F_AVG4_ADC16384;1090;27.376969;10371;27852;32.83;2347;-0.34792;0.17530;0;0;0;;;;
BLOQUE_16CFG_386_20260610_132433_CFG002_CONFIG_03_-_B3F_AVG4_ADC16384;386;BLOQUE_16CFG_386_20260610_132433_CFG002_CONFIG_03_-_B3F_AVG4_ADC16384;configurations;RIGHT;CONFIG 03 - B3F_AVG4_ADC16384;1091;27.407439;10373;27853;32.99;2353;-0.37246;0.17201;0;0;0;;;;
BLOQUE_16CFG_386_20260610_132433_CFG002_CONFIG_03_-_B3F_AVG4_ADC16384;386;BLOQUE_16CFG_386_20260610_132433_CFG002_CONFIG_03_-_B3F_AVG4_ADC16384;configurations;RIGHT;CONFIG 03 - B3F_AVG4_ADC16384;1092;27.427617;10371;27851;32.39;2331;-0.39167;0.12102;0;0;0;;;;
BLOQUE_16CFG_386_20260610_132433_CFG002_CONFIG_03_-_B3F_AVG4_ADC16384;386;BLOQUE_16CFG_386_20260610_132433_CFG002_CONFIG_03_-_B3F_AVG4_ADC16384;configurations;RIGHT;CONFIG 03 - B3F_AVG4_ADC16384;1093;27.457827;10371;27846;32.36;2330;-0.74706;-0.01204;0;0;0;;;;
BLOQUE_16CFG_386_20260610_132433_CFG002_CONFIG_03_-_B3F_AVG4_ADC16384;386;BLOQUE_16CFG_386_20260610_132433_CFG002_CONFIG_03_-_B3F_AVG4_ADC16384;configurations;RIGHT;CONFIG 03 - B3F_AVG4_ADC16384;1094;27.478379;10369;27842;32.88;2349;-0.75240;-0.10702;0;0;0;;;;
BLOQUE_16CFG_386_20260610_132433_CFG002_CONFIG_03_-_B3F_AVG4_ADC16384;386;BLOQUE_16CFG_386_20260610_132433_CFG002_CONFIG_03_-_B3F_AVG4_ADC16384;configurations;RIGHT;CONFIG 03 - B3F_AVG4_ADC16384;1095;27.508068;10371;27842;33.48;2371;-0.93063;-0.19631;0;0;0;;;;
BLOQUE_16CFG_386_20260610_132433_CFG002_CONFIG_03_-_B3F_AVG4_ADC16384;386;BLOQUE_16CFG_386_20260610_132433_CFG002_CONFIG_03_-_B3F_AVG4_ADC16384;configurations;RIGHT;CONFIG 03 - B3F_AVG4_ADC16384;1096;27.528159;10369;27837;32.69;2342;-0.50160;-0.15954;0;0;0;;;;
BLOQUE_16CFG_386_20260610_132433_CFG002_CONFIG_03_-_B3F_AVG4_ADC16384;386;BLOQUE_16CFG_386_20260610_132433_CFG002_CONFIG_03_-_B3F_AVG4_ADC16384;configurations;RIGHT;CONFIG 03 - B3F_AVG4_ADC16384;1097;27.558477;10374;27840;32.45;2333;-0.41836;-0.26218;0;0;0;;;;
BLOQUE_16CFG_386_20260610_132433_CFG002_CONFIG_03_-_B3F_AVG4_ADC16384;386;BLOQUE_16CFG_386_20260610_132433_CFG002_CONFIG_03_-_B3F_AVG4_ADC16384;configurations;RIGHT;CONFIG 03 - B3F_AVG4_ADC16384;1098;27.578570;10372;27832;32.96;2352;-0.24119;-0.20484;0;0;0;;;;
BLOQUE_16CFG_386_20260610_132433_CFG002_CONFIG_03_-_B3F_AVG4_ADC16384;386;BLOQUE_16CFG_386_20260610_132433_CFG002_CONFIG_03_-_B3F_AVG4_ADC16384;configurations;RIGHT;CONFIG 03 - B3F_AVG4_ADC16384;1099;27.608665;10371;27836;32.55;2337;-0.40982;-0.39524;0;0;0;;;;
BLOQUE_16CFG_386_20260610_132433_CFG002_CONFIG_03_-_B3F_AVG4_ADC16384;386;BLOQUE_16CFG_386_20260610_132433_CFG002_CONFIG_03_-_B3F_AVG4_ADC16384;configurations;RIGHT;CONFIG 03 - B3F_AVG4_ADC16384;1100;27.629391;10372;27825;32.77;2345;-0.65315;-0.28647;0;0;0;;;;
BLOQUE_16CFG_386_20260610_132433_CFG002_CONFIG_03_-_B3F_AVG4_ADC16384;386;BLOQUE_16CFG_386_20260610_132433_CFG002_CONFIG_03_-_B3F_AVG4_ADC16384;configurations;RIGHT;CONFIG 03 - B3F_AVG4_ADC16384;1101;27.658972;10369;27834;33.07;2356;-0.64354;-0.44579;0;0;0;;;;
BLOQUE_16CFG_386_20260610_132433_CFG002_CONFIG_03_-_B3F_AVG4_ADC16384;386;BLOQUE_16CFG_386_20260610_132433_CFG002_CONFIG_03_-_B3F_AVG4_ADC16384;configurations;RIGHT;CONFIG 03 - B3F_AVG4_ADC16384;1102;27.678979;10371;27823;29.57;2225;-0.88580;-0.33900;0;0;0;;;;
BLOQUE_16CFG_386_20260610_132433_CFG002_CONFIG_03_-_B3F_AVG4_ADC16384;386;BLOQUE_16CFG_386_20260610_132433_CFG002_CONFIG_03_-_B3F_AVG4_ADC16384;configurations;RIGHT;CONFIG 03 - B3F_AVG4_ADC16384;1103;27.709222;10369;27827;33.29;2364;-0.61579;-0.61956;0;0;0;;;;
BLOQUE_16CFG_386_20260610_132433_CFG002_CONFIG_03_-_B3F_AVG4_ADC16384;386;BLOQUE_16CFG_386_20260610_132433_CFG002_CONFIG_03_-_B3F_AVG4_ADC16384;configurations;RIGHT;CONFIG 03 - B3F_AVG4_ADC16384;1104;27.729821;10372;27814;32.88;2349;-1.03095;-0.63488;0;0;0;;;;
BLOQUE_16CFG_386_20260610_132433_CFG002_CONFIG_03_-_B3F_AVG4_ADC16384;386;BLOQUE_16CFG_386_20260610_132433_CFG002_CONFIG_03_-_B3F_AVG4_ADC16384;configurations;RIGHT;CONFIG 03 - B3F_AVG4_ADC16384;1105;27.759666;10366;27818;33.02;2354;-1.10245;-0.91719;0;0;0;;;;
BLOQUE_16CFG_386_20260610_132433_CFG002_CONFIG_03_-_B3F_AVG4_ADC16384;386;BLOQUE_16CFG_386_20260610_132433_CFG002_CONFIG_03_-_B3F_AVG4_ADC16384;configurations;RIGHT;CONFIG 03 - B3F_AVG4_ADC16384;1106;27.780211;10368;27807;32.42;2332;-1.60725;-0.98876;0;0;0;;;;
BLOQUE_16CFG_386_20260610_132433_CFG002_CONFIG_03_-_B3F_AVG4_ADC16384;386;BLOQUE_16CFG_386_20260610_132433_CFG002_CONFIG_03_-_B3F_AVG4_ADC16384;configurations;RIGHT;CONFIG 03 - B3F_AVG4_ADC16384;1107;27.809861;10366;27806;32.77;2345;-1.76627;-1.30784;0;0;0;;;;
BLOQUE_16CFG_386_20260610_132433_CFG002_CONFIG_03_-_B3F_AVG4_ADC16384;386;BLOQUE_16CFG_386_20260610_132433_CFG002_CONFIG_03_-_B3F_AVG4_ADC16384;configurations;RIGHT;CONFIG 03 - B3F_AVG4_ADC16384;1108;27.830161;10364;27796;32.26;2326;-2.36285;-1.46563;0;0;0;;;;
BLOQUE_16CFG_386_20260610_132433_CFG002_CONFIG_03_-_B3F_AVG4_ADC16384;386;BLOQUE_16CFG_386_20260610_132433_CFG002_CONFIG_03_-_B3F_AVG4_ADC16384;configurations;RIGHT;CONFIG 03 - B3F_AVG4_ADC16384;1109;27.860228;10361;27794;33.43;2369;-2.35858;-1.69148;0;0;0;;;;
BLOQUE_16CFG_386_20260610_132433_CFG002_CONFIG_03_-_B3F_AVG4_ADC16384;386;BLOQUE_16CFG_386_20260610_132433_CFG002_CONFIG_03_-_B3F_AVG4_ADC16384;configurations;RIGHT;CONFIG 03 - B3F_AVG4_ADC16384;1110;27.880914;10366;27789;33.07;2356;-2.70116;-1.72015;0;0;0;;;;
BLOQUE_16CFG_386_20260610_132433_CFG002_CONFIG_03_-_B3F_AVG4_ADC16384;386;BLOQUE_16CFG_386_20260610_132433_CFG002_CONFIG_03_-_B3F_AVG4_ADC16384;configurations;RIGHT;CONFIG 03 - B3F_AVG4_ADC16384;1111;27.910516;10360;27790;32.74;2344;-2.78227;-1.85408;0;0;0;;;;
BLOQUE_16CFG_386_20260610_132433_CFG002_CONFIG_03_-_B3F_AVG4_ADC16384;386;BLOQUE_16CFG_386_20260610_132433_CFG002_CONFIG_03_-_B3F_AVG4_ADC16384;configurations;RIGHT;CONFIG 03 - B3F_AVG4_ADC16384;1112;27.930729;10360;27782;32.99;2353;-3.03307;-1.86328;0;0;0;;;;
BLOQUE_16CFG_386_20260610_132433_CFG002_CONFIG_03_-_B3F_AVG4_ADC16384;386;BLOQUE_16CFG_386_20260610_132433_CFG002_CONFIG_03_-_B3F_AVG4_ADC16384;configurations;RIGHT;CONFIG 03 - B3F_AVG4_ADC16384;1113;27.960866;10363;27784;32.93;2351;-2.93916;-2.06856;0;0;0;;;;
BLOQUE_16CFG_386_20260610_132433_CFG002_CONFIG_03_-_B3F_AVG4_ADC16384;386;BLOQUE_16CFG_386_20260610_132433_CFG002_CONFIG_03_-_B3F_AVG4_ADC16384;configurations;RIGHT;CONFIG 03 - B3F_AVG4_ADC16384;1114;27.981022;10361;27774;32.42;2332;-3.10351;-2.22153;0;0;0;;;;
BLOQUE_16CFG_386_20260610_132433_CFG002_CONFIG_03_-_B3F_AVG4_ADC16384;386;BLOQUE_16CFG_386_20260610_132433_CFG002_CONFIG_03_-_B3F_AVG4_ADC16384;configurations;RIGHT;CONFIG 03 - B3F_AVG4_ADC16384;1115;28.011167;10358;27769;32.42;2332;-3.50000;-2.53492;0;0;0;;;;
BLOQUE_16CFG_386_20260610_132433_CFG002_CONFIG_03_-_B3F_AVG4_ADC16384;386;BLOQUE_16CFG_386_20260610_132433_CFG002_CONFIG_03_-_B3F_AVG4_ADC16384;configurations;RIGHT;CONFIG 03 - B3F_AVG4_ADC16384;1116;28.031260;10356;27762;33.40;2368;-3.50000;-2.61765;0;0;0;;;;
BLOQUE_16CFG_386_20260610_132433_CFG002_CONFIG_03_-_B3F_AVG4_ADC16384;386;BLOQUE_16CFG_386_20260610_132433_CFG002_CONFIG_03_-_B3F_AVG4_ADC16384;configurations;RIGHT;CONFIG 03 - B3F_AVG4_ADC16384;1117;28.061513;10360;27765;32.53;2336;-3.50000;-2.64719;0;0;0;;;;
BLOQUE_16CFG_386_20260610_132433_CFG002_CONFIG_03_-_B3F_AVG4_ADC16384;386;BLOQUE_16CFG_386_20260610_132433_CFG002_CONFIG_03_-_B3F_AVG4_ADC16384;configurations;RIGHT;CONFIG 03 - B3F_AVG4_ADC16384;1118;28.081163;10356;27763;33.29;2364;-3.40767;-2.50012;0;0;0;;;;
BLOQUE_16CFG_386_20260610_132433_CFG002_CONFIG_03_-_B3F_AVG4_ADC16384;386;BLOQUE_16CFG_386_20260610_132433_CFG002_CONFIG_03_-_B3F_AVG4_ADC16384;configurations;RIGHT;CONFIG 03 - B3F_AVG4_ADC16384;1119;28.111593;10362;27766;32.64;2340;-3.50000;-2.10554;0;0;0;;;;
BLOQUE_16CFG_386_20260610_132433_CFG002_CONFIG_03_-_B3F_AVG4_ADC16384;386;BLOQUE_16CFG_386_20260610_132433_CFG002_CONFIG_03_-_B3F_AVG4_ADC16384;configurations;RIGHT;CONFIG 03 - B3F_AVG4_ADC16384;1120;28.131820;10357;27783;33.40;2368;-3.20917;-1.74707;0;0;0;;;;
BLOQUE_16CFG_386_20260610_132433_CFG002_CONFIG_03_-_B3F_AVG4_ADC16384;386;BLOQUE_16CFG_386_20260610_132433_CFG002_CONFIG_03_-_B3F_AVG4_ADC16384;configurations;RIGHT;CONFIG 03 - B3F_AVG4_ADC16384;1121;28.162051;10361;27779;32.31;2328;-2.93916;-1.30018;0;0;0;;;;
BLOQUE_16CFG_386_20260610_132433_CFG002_CONFIG_03_-_B3F_AVG4_ADC16384;386;BLOQUE_16CFG_386_20260610_132433_CFG002_CONFIG_03_-_B3F_AVG4_ADC16384;configurations;RIGHT;CONFIG 03 - B3F_AVG4_ADC16384;1122;28.182104;10365;27787;33.62;2376;-1.80149;-1.08527;0;0;0;;;;
BLOQUE_16CFG_386_20260610_132433_CFG002_CONFIG_03_-_B3F_AVG4_ADC16384;386;BLOQUE_16CFG_386_20260610_132433_CFG002_CONFIG_03_-_B3F_AVG4_ADC16384;configurations;RIGHT;CONFIG 03 - B3F_AVG4_ADC16384;1123;28.212342;10370;27791;33.18;2360;-0.84311;-0.51801;0;0;0;;;;
BLOQUE_16CFG_386_20260610_132433_CFG002_CONFIG_03_-_B3F_AVG4_ADC16384;386;BLOQUE_16CFG_386_20260610_132433_CFG002_CONFIG_03_-_B3F_AVG4_ADC16384;configurations;RIGHT;CONFIG 03 - B3F_AVG4_ADC16384;1124;28.232990;10372;27807;32.99;2353;0.37460;-0.20222;0;0;0;;;;
BLOQUE_16CFG_386_20260610_132433_CFG002_CONFIG_03_-_B3F_AVG4_ADC16384;386;BLOQUE_16CFG_386_20260610_132433_CFG002_CONFIG_03_-_B3F_AVG4_ADC16384;configurations;RIGHT;CONFIG 03 - B3F_AVG4_ADC16384;1125;28.262567;10379;27801;33.48;2371;0.89327;0.26853;0;0;0;;;;
BLOQUE_16CFG_386_20260610_132433_CFG002_CONFIG_03_-_B3F_AVG4_ADC16384;386;BLOQUE_16CFG_386_20260610_132433_CFG002_CONFIG_03_-_B3F_AVG4_ADC16384;configurations;RIGHT;CONFIG 03 - B3F_AVG4_ADC16384;1126;28.282976;10376;27814;33.07;2356;1.58591;0.48738;0;0;0;;;;
BLOQUE_16CFG_386_20260610_132433_CFG002_CONFIG_03_-_B3F_AVG4_ADC16384;386;BLOQUE_16CFG_386_20260610_132433_CFG002_CONFIG_03_-_B3F_AVG4_ADC16384;configurations;RIGHT;CONFIG 03 - B3F_AVG4_ADC16384;1127;28.312994;10380;27816;32.91;2350;1.84524;0.73774;0;0;0;;;;
BLOQUE_16CFG_386_20260610_132433_CFG002_CONFIG_03_-_B3F_AVG4_ADC16384;386;BLOQUE_16CFG_386_20260610_132433_CFG002_CONFIG_03_-_B3F_AVG4_ADC16384;configurations;RIGHT;CONFIG 03 - B3F_AVG4_ADC16384;1128;28.332820;10382;27812;33.10;2357;2.10031;0.79136;0;0;0;;;;
BLOQUE_16CFG_386_20260610_132433_CFG002_CONFIG_03_-_B3F_AVG4_ADC16384;386;BLOQUE_16CFG_386_20260610_132433_CFG002_CONFIG_03_-_B3F_AVG4_ADC16384;configurations;RIGHT;CONFIG 03 - B3F_AVG4_ADC16384;1129;28.363281;10379;27814;32.96;2352;2.08857;0.87649;0;0;0;;;;
BLOQUE_16CFG_386_20260610_132433_CFG002_CONFIG_03_-_B3F_AVG4_ADC16384;386;BLOQUE_16CFG_386_20260610_132433_CFG002_CONFIG_03_-_B3F_AVG4_ADC16384;configurations;RIGHT;CONFIG 03 - B3F_AVG4_ADC16384;1130;28.383085;10380;27818;32.96;2352;2.50479;0.92332;0;0;0;;;;
BLOQUE_16CFG_386_20260610_132433_CFG002_CONFIG_03_-_B3F_AVG4_ADC16384;386;BLOQUE_16CFG_386_20260610_132433_CFG002_CONFIG_03_-_B3F_AVG4_ADC16384;configurations;RIGHT;CONFIG 03 - B3F_AVG4_ADC16384;1131;28.413527;10387;27812;32.23;2325;2.49092;0.77297;0;0;1;;;;
BLOQUE_16CFG_386_20260610_132433_CFG002_CONFIG_03_-_B3F_AVG4_ADC16384;386;BLOQUE_16CFG_386_20260610_132433_CFG002_CONFIG_03_-_B3F_AVG4_ADC16384;configurations;RIGHT;CONFIG 03 - B3F_AVG4_ADC16384;1132;28.433666;10379;27803;33.02;2354;2.47705;0.39152;0;0;0;;;;
BLOQUE_16CFG_386_20260610_132433_CFG002_CONFIG_03_-_B3F_AVG4_ADC16384;386;BLOQUE_16CFG_386_20260610_132433_CFG002_CONFIG_03_-_B3F_AVG4_ADC16384;configurations;RIGHT;CONFIG 03 - B3F_AVG4_ADC16384;1133;28.463732;10380;27794;32.58;2338;1.59871;0.16829;0;0;0;;;;
BLOQUE_16CFG_386_20260610_132433_CFG002_CONFIG_03_-_B3F_AVG4_ADC16384;386;BLOQUE_16CFG_386_20260610_132433_CFG002_CONFIG_03_-_B3F_AVG4_ADC16384;configurations;RIGHT;CONFIG 03 - B3F_AVG4_ADC16384;1134;28.483944;10377;27797;33.21;2361;1.40768;-0.03961;0;0;0;;;;
BLOQUE_16CFG_386_20260610_132433_CFG002_CONFIG_03_-_B3F_AVG4_ADC16384;386;BLOQUE_16CFG_386_20260610_132433_CFG002_CONFIG_03_-_B3F_AVG4_ADC16384;configurations;RIGHT;CONFIG 03 - B3F_AVG4_ADC16384;1135;28.514052;10377;27789;32.91;2350;1.04375;-0.12540;0;0;0;;;;
BLOQUE_16CFG_386_20260610_132433_CFG002_CONFIG_03_-_B3F_AVG4_ADC16384;386;BLOQUE_16CFG_386_20260610_132433_CFG002_CONFIG_03_-_B3F_AVG4_ADC16384;configurations;RIGHT;CONFIG 03 - B3F_AVG4_ADC16384;1136;28.534412;10376;27787;33.51;2372;1.10992;-0.24861;0;0;0;;;;
BLOQUE_16CFG_386_20260610_132433_CFG002_CONFIG_03_-_B3F_AVG4_ADC16384;386;BLOQUE_16CFG_386_20260610_132433_CFG002_CONFIG_03_-_B3F_AVG4_ADC16384;configurations;RIGHT;CONFIG 03 - B3F_AVG4_ADC16384;1137;28.564415;10378;27788;32.99;2353;1.00853;-0.15954;0;0;0;;;;
BLOQUE_16CFG_386_20260610_132433_CFG002_CONFIG_03_-_B3F_AVG4_ADC16384;386;BLOQUE_16CFG_386_20260610_132433_CFG002_CONFIG_03_-_B3F_AVG4_ADC16384;configurations;RIGHT;CONFIG 03 - B3F_AVG4_ADC16384;1138;28.584418;10376;27792;33.40;2368;0.99466;-0.19674;0;0;0;;;;
BLOQUE_16CFG_386_20260610_132433_CFG002_CONFIG_03_-_B3F_AVG4_ADC16384;386;BLOQUE_16CFG_386_20260610_132433_CFG002_CONFIG_03_-_B3F_AVG4_ADC16384;configurations;RIGHT;CONFIG 03 - B3F_AVG4_ADC16384;1139;28.614598;10376;27783;32.45;2333;0.98292;-0.03917;0;0;0;;;;
BLOQUE_16CFG_386_20260610_132433_CFG002_CONFIG_03_-_B3F_AVG4_ADC16384;386;BLOQUE_16CFG_386_20260610_132433_CFG002_CONFIG_03_-_B3F_AVG4_ADC16384;configurations;RIGHT;CONFIG 03 - B3F_AVG4_ADC16384;1140;28.634756;10378;27795;31.74;2307;0.70971;0.00875;0;0;0;;;;
BLOQUE_16CFG_386_20260610_132433_CFG002_CONFIG_03_-_B3F_AVG4_ADC16384;386;BLOQUE_16CFG_386_20260610_132433_CFG002_CONFIG_03_-_B3F_AVG4_ADC16384;configurations;RIGHT;CONFIG 03 - B3F_AVG4_ADC16384;1141;28.664978;10373;27793;32.61;2339;1.21131;0.19893;0;0;0;;;;
BLOQUE_16CFG_386_20260610_132433_CFG002_CONFIG_03_-_B3F_AVG4_ADC16384;386;BLOQUE_16CFG_386_20260610_132433_CFG002_CONFIG_03_-_B3F_AVG4_ADC16384;configurations;RIGHT;CONFIG 03 - B3F_AVG4_ADC16384;1142;28.685095;10382;27792;33.45;2370;1.02134;0.04946;0;0;0;;;;
BLOQUE_16CFG_386_20260610_132433_CFG002_CONFIG_03_-_B3F_AVG4_ADC16384;386;BLOQUE_16CFG_386_20260610_132433_CFG002_CONFIG_03_-_B3F_AVG4_ADC16384;configurations;RIGHT;CONFIG 03 - B3F_AVG4_ADC16384;1143;28.715343;10376;27785;32.39;2331;1.26787;-0.07331;0;0;0;;;;
