session_id;id;base_name;modo;condiciones_medida;config_label;sample_index;tiempo_s;red_raw;ir_raw;temp_c;temp_raw;cfg_red;cfg_ir;cfg_avg;cfg_rate;cfg_width;cfg_adc;cfg_skip;cfg_debug;cfg_confirmacion;system_time
BLOQUE_16CFG_SIN_CROTAL_20260602_130033_CFG001_CONFIG_01_-_B1F_AVG1_ADC8192;SIN_CROTAL;BLOQUE_16CFG_SIN_CROTAL_20260602_130033_CFG001_CONFIG_01_-_B1F_AVG1_ADC8192;configurations;toma con tabla personalizada de configuraciones;CONFIG 01 - B1F_AVG1_ADC8192;1;0.000000;5581;1950;25.01;2048;31;31;1;100;411;8192;50;0;confirmada;2026-06-02T13:01:19.696
BLOQUE_16CFG_SIN_CROTAL_20260602_130033_CFG001_CONFIG_01_-_B1F_AVG1_ADC8192;SIN_CROTAL;BLOQUE_16CFG_SIN_CROTAL_20260602_130033_CFG001_CONFIG_01_-_B1F_AVG1_ADC8192;configurations;toma con tabla personalizada de configuraciones;CONFIG 01 - B1F_AVG1_ADC8192;2;0.020454;5579;1957;25.04;2049;31;31;1;100;411;8192;50;0;confirmada;2026-06-02T13:01:19.696
BLOQUE_16CFG_SIN_CROTAL_20260602_130033_CFG001_CONFIG_01_-_B1F_AVG1_ADC8192;SIN_CROTAL;BLOQUE_16CFG_SIN_CROTAL_20260602_130033_CFG001_CONFIG_01_-_B1F_AVG1_ADC8192;configurations;toma con tabla personalizada de configuraciones;CONFIG 01 - B1F_AVG1_ADC8192;3;0.049951;5580;1954;24.73;2037;31;31;1;100;411;8192;50;0;confirmada;2026-06-02T13:01:19.696
BLOQUE_16CFG_SIN_CROTAL_20260602_130033_CFG001_CONFIG_01_-_B1F_AVG1_ADC8192;SIN_CROTAL;BLOQUE_16CFG_SIN_CROTAL_20260602_130033_CFG001_CONFIG_01_-_B1F_AVG1_ADC8192;configurations;toma con tabla personalizada de configuraciones;CONFIG 01 - B1F_AVG1_ADC8192;4;0.070059;5588;1951;25.29;2059;31;31;1;100;411;8192;50;0;confirmada;2026-06-02T13:01:19.696
BLOQUE_16CFG_SIN_CROTAL_20260602_130033_CFG001_CONFIG_01_-_B1F_AVG1_ADC8192;SIN_CROTAL;BLOQUE_16CFG_SIN_CROTAL_20260602_130033_CFG001_CONFIG_01_-_B1F_AVG1_ADC8192;configurations;toma con tabla personalizada de configuraciones;CONFIG 01 - B1F_AVG1_ADC8192;5;0.100125;5582;1952;24.13;2013;31;31;1;100;411;8192;50;0;confirmada;2026-06-02T13:01:19.696
BLOQUE_16CFG_SIN_CROTAL_20260602_130033_CFG001_CONFIG_01_-_B1F_AVG1_ADC8192;SIN_CROTAL;BLOQUE_16CFG_SIN_CROTAL_20260602_130033_CFG001_CONFIG_01_-_B1F_AVG1_ADC8192;configurations;toma con tabla personalizada de configuraciones;CONFIG 01 - B1F_AVG1_ADC8192;6;0.120057;5585;1949;25.44;2065;31;31;1;100;411;8192;50;0;confirmada;2026-06-02T13:01:19.696
BLOQUE_16CFG_SIN_CROTAL_20260602_130033_CFG001_CONFIG_01_-_B1F_AVG1_ADC8192;SIN_CROTAL;BLOQUE_16CFG_SIN_CROTAL_20260602_130033_CFG001_CONFIG_01_-_B1F_AVG1_ADC8192;configurations;toma con tabla personalizada de configuraciones;CONFIG 01 - B1F_AVG1_ADC8192;7;0.150232;5589;1953;25.19;2055;31;31;1;100;411;8192;50;0;confirmada;2026-06-02T13:01:19.696
BLOQUE_16CFG_SIN_CROTAL_20260602_130033_CFG001_CONFIG_01_-_B1F_AVG1_ADC8192;SIN_CROTAL;BLOQUE_16CFG_SIN_CROTAL_20260602_130033_CFG001_CONFIG_01_-_B1F_AVG1_ADC8192;configurations;toma con tabla personalizada de configuraciones;CONFIG 01 - B1F_AVG1_ADC8192;8;0.170233;5585;1958;25.57;2070;31;31;1;100;411;8192;50;0;confirmada;2026-06-02T13:01:19.696
BLOQUE_16CFG_SIN_CROTAL_20260602_130033_CFG001_CONFIG_01_-_B1F_AVG1_ADC8192;SIN_CROTAL;BLOQUE_16CFG_SIN_CROTAL_20260602_130033_CFG001_CONFIG_01_-_B1F_AVG1_ADC8192;configurations;toma con tabla personalizada de configuraciones;CONFIG 01 - B1F_AVG1_ADC8192;9;0.200455;5577;1956;25.16;2054;31;31;1;100;411;8192;50;0;confirmada;2026-06-02T13:01:19.696
BLOQUE_16CFG_SIN_CROTAL_20260602_130033_CFG001_CONFIG_01_-_B1F_AVG1_ADC8192;SIN_CROTAL;BLOQUE_16CFG_SIN_CROTAL_20260602_130033_CFG001_CONFIG_01_-_B1F_AVG1_ADC8192;configurations;toma con tabla personalizada de configuraciones;CONFIG 01 - B1F_AVG1_ADC8192;10;0.220618;5584;1952;25.32;2060;31;31;1;100;411;8192;50;0;confirmada;2026-06-02T13:01:19.696
BLOQUE_16CFG_SIN_CROTAL_20260602_130033_CFG001_CONFIG_01_-_B1F_AVG1_ADC8192;SIN_CROTAL;BLOQUE_16CFG_SIN_CROTAL_20260602_130033_CFG001_CONFIG_01_-_B1F_AVG1_ADC8192;configurations;toma con tabla personalizada de configuraciones;CONFIG 01 - B1F_AVG1_ADC8192;11;0.250488;5590;1960;25.11;2052;31;31;1;100;411;8192;50;0;confirmada;2026-06-02T13:01:19.696
BLOQUE_16CFG_SIN_CROTAL_20260602_130033_CFG001_CONFIG_01_-_B1F_AVG1_ADC8192;SIN_CROTAL;BLOQUE_16CFG_SIN_CROTAL_20260602_130033_CFG001_CONFIG_01_-_B1F_AVG1_ADC8192;configurations;toma con tabla personalizada de configuraciones;CONFIG 01 - B1F_AVG1_ADC8192;12;0.270503;5572;1949;24.71;2036;31;31;1;100;411;8192;50;0;confirmada;2026-06-02T13:01:19.696
BLOQUE_16CFG_SIN_CROTAL_20260602_130033_CFG001_CONFIG_01_-_B1F_AVG1_ADC8192;SIN_CROTAL;BLOQUE_16CFG_SIN_CROTAL_20260602_130033_CFG001_CONFIG_01_-_B1F_AVG1_ADC8192;configurations;toma con tabla personalizada de configuraciones;CONFIG 01 - B1F_AVG1_ADC8192;13;0.300569;5572;1942;24.16;2014;31;31;1;100;411;8192;50;0;confirmada;2026-06-02T13:01:19.696
BLOQUE_16CFG_SIN_CROTAL_20260602_130033_CFG001_CONFIG_01_-_B1F_AVG1_ADC8192;SIN_CROTAL;BLOQUE_16CFG_SIN_CROTAL_20260602_130033_CFG001_CONFIG_01_-_B1F_AVG1_ADC8192;configurations;toma con tabla personalizada de configuraciones;CONFIG 01 - B1F_AVG1_ADC8192;14;0.321188;5599;1952;24.81;2040;31;31;1;100;411;8192;50;0;confirmada;2026-06-02T13:01:19.696
BLOQUE_16CFG_SIN_CROTAL_20260602_130033_CFG001_CONFIG_01_-_B1F_AVG1_ADC8192;SIN_CROTAL;BLOQUE_16CFG_SIN_CROTAL_20260602_130033_CFG001_CONFIG_01_-_B1F_AVG1_ADC8192;configurations;toma con tabla personalizada de configuraciones;CONFIG 01 - B1F_AVG1_ADC8192;15;0.350881;5583;1946;24.31;2020;31;31;1;100;411;8192;50;0;confirmada;2026-06-02T13:01:19.696
BLOQUE_16CFG_SIN_CROTAL_20260602_130033_CFG001_CONFIG_01_-_B1F_AVG1_ADC8192;SIN_CROTAL;BLOQUE_16CFG_SIN_CROTAL_20260602_130033_CFG001_CONFIG_01_-_B1F_AVG1_ADC8192;configurations;toma con tabla personalizada de configuraciones;CONFIG 01 - B1F_AVG1_ADC8192;16;0.371049;5591;1950;24.48;2027;31;31;1;100;411;8192;50;0;confirmada;2026-06-02T13:01:19.696
BLOQUE_16CFG_SIN_CROTAL_20260602_130033_CFG001_CONFIG_01_-_B1F_AVG1_ADC8192;SIN_CROTAL;BLOQUE_16CFG_SIN_CROTAL_20260602_130033_CFG001_CONFIG_01_-_B1F_AVG1_ADC8192;configurations;toma con tabla personalizada de configuraciones;CONFIG 01 - B1F_AVG1_ADC8192;17;0.400968;5575;1952;24.89;2043;31;31;1;100;411;8192;50;0;confirmada;2026-06-02T13:01:19.696
BLOQUE_16CFG_SIN_CROTAL_20260602_130033_CFG001_CONFIG_01_-_B1F_AVG1_ADC8192;SIN_CROTAL;BLOQUE_16CFG_SIN_CROTAL_20260602_130033_CFG001_CONFIG_01_-_B1F_AVG1_ADC8192;configurations;toma con tabla personalizada de configuraciones;CONFIG 01 - B1F_AVG1_ADC8192;18;0.420318;5579;1947;25.42;2064;31;31;1;100;411;8192;50;0;confirmada;2026-06-02T13:01:19.696
BLOQUE_16CFG_SIN_CROTAL_20260602_130033_CFG001_CONFIG_01_-_B1F_AVG1_ADC8192;SIN_CROTAL;BLOQUE_16CFG_SIN_CROTAL_20260602_130033_CFG001_CONFIG_01_-_B1F_AVG1_ADC8192;configurations;toma con tabla personalizada de configuraciones;CONFIG 01 - B1F_AVG1_ADC8192;19;0.450938;5586;1956;25.09;2051;31;31;1;100;411;8192;50;0;confirmada;2026-06-02T13:01:19.696
BLOQUE_16CFG_SIN_CROTAL_20260602_130033_CFG001_CONFIG_01_-_B1F_AVG1_ADC8192;SIN_CROTAL;BLOQUE_16CFG_SIN_CROTAL_20260602_130033_CFG001_CONFIG_01_-_B1F_AVG1_ADC8192;configurations;toma con tabla personalizada de configuraciones;CONFIG 01 - B1F_AVG1_ADC8192;20;0.471000;5584;1953;25.34;2061;31;31;1;100;411;8192;50;0;confirmada;2026-06-02T13:01:19.696
BLOQUE_16CFG_SIN_CROTAL_20260602_130033_CFG001_CONFIG_01_-_B1F_AVG1_ADC8192;SIN_CROTAL;BLOQUE_16CFG_SIN_CROTAL_20260602_130033_CFG001_CONFIG_01_-_B1F_AVG1_ADC8192;configurations;toma con tabla personalizada de configuraciones;CONFIG 01 - B1F_AVG1_ADC8192;21;0.501102;5587;1959;24.76;2038;31;31;1;100;411;8192;50;0;confirmada;2026-06-02T13:01:19.696
BLOQUE_16CFG_SIN_CROTAL_20260602_130033_CFG001_CONFIG_01_-_B1F_AVG1_ADC8192;SIN_CROTAL;BLOQUE_16CFG_SIN_CROTAL_20260602_130033_CFG001_CONFIG_01_-_B1F_AVG1_ADC8192;configurations;toma con tabla personalizada de configuraciones;CONFIG 01 - B1F_AVG1_ADC8192;22;0.521224;5584;1957;24.84;2041;31;31;1;100;411;8192;50;0;confirmada;2026-06-02T13:01:19.696
BLOQUE_16CFG_SIN_CROTAL_20260602_130033_CFG001_CONFIG_01_-_B1F_AVG1_ADC8192;SIN_CROTAL;BLOQUE_16CFG_SIN_CROTAL_20260602_130033_CFG001_CONFIG_01_-_B1F_AVG1_ADC8192;configurations;toma con tabla personalizada de configuraciones;CONFIG 01 - B1F_AVG1_ADC8192;23;0.551160;5579;1949;24.61;2032;31;31;1;100;411;8192;50;0;confirmada;2026-06-02T13:01:19.696
BLOQUE_16CFG_SIN_CROTAL_20260602_130033_CFG001_CONFIG_01_-_B1F_AVG1_ADC8192;SIN_CROTAL;BLOQUE_16CFG_SIN_CROTAL_20260602_130033_CFG001_CONFIG_01_-_B1F_AVG1_ADC8192;configurations;toma con tabla personalizada de configuraciones;CONFIG 01 - B1F_AVG1_ADC8192;24;0.571679;5579;1953;25.06;2050;31;31;1;100;411;8192;50;0;confirmada;2026-06-02T13:01:19.696
BLOQUE_16CFG_SIN_CROTAL_20260602_130033_CFG001_CONFIG_01_-_B1F_AVG1_ADC8192;SIN_CROTAL;BLOQUE_16CFG_SIN_CROTAL_20260602_130033_CFG001_CONFIG_01_-_B1F_AVG1_ADC8192;configurations;toma con tabla personalizada de configuraciones;CONFIG 01 - B1F_AVG1_ADC8192;25;0.601362;5591;1949;25.06;2050;31;31;1;100;411;8192;50;0;confirmada;2026-06-02T13:01:19.696
BLOQUE_16CFG_SIN_CROTAL_20260602_130033_CFG001_CONFIG_01_-_B1F_AVG1_ADC8192;SIN_CROTAL;BLOQUE_16CFG_SIN_CROTAL_20260602_130033_CFG001_CONFIG_01_-_B1F_AVG1_ADC8192;configurations;toma con tabla personalizada de configuraciones;CONFIG 01 - B1F_AVG1_ADC8192;26;0.621841;5589;1944;24.89;2043;31;31;1;100;411;8192;50;0;confirmada;2026-06-02T13:01:19.696
BLOQUE_16CFG_SIN_CROTAL_20260602_130033_CFG001_CONFIG_01_-_B1F_AVG1_ADC8192;SIN_CROTAL;BLOQUE_16CFG_SIN_CROTAL_20260602_130033_CFG001_CONFIG_01_-_B1F_AVG1_ADC8192;configurations;toma con tabla personalizada de configuraciones;CONFIG 01 - B1F_AVG1_ADC8192;27;0.651449;5587;1962;24.33;2021;31;31;1;100;411;8192;50;0;confirmada;2026-06-02T13:01:19.696
BLOQUE_16CFG_SIN_CROTAL_20260602_130033_CFG001_CONFIG_01_-_B1F_AVG1_ADC8192;SIN_CROTAL;BLOQUE_16CFG_SIN_CROTAL_20260602_130033_CFG001_CONFIG_01_-_B1F_AVG1_ADC8192;configurations;toma con tabla personalizada de configuraciones;CONFIG 01 - B1F_AVG1_ADC8192;28;0.671981;5599;1948;24.18;2015;31;31;1;100;411;8192;50;0;confirmada;2026-06-02T13:01:19.696
BLOQUE_16CFG_SIN_CROTAL_20260602_130033_CFG001_CONFIG_01_-_B1F_AVG1_ADC8192;SIN_CROTAL;BLOQUE_16CFG_SIN_CROTAL_20260602_130033_CFG001_CONFIG_01_-_B1F_AVG1_ADC8192;configurations;toma con tabla personalizada de configuraciones;CONFIG 01 - B1F_AVG1_ADC8192;29;0.701532;5590;1957;24.56;2030;31;31;1;100;411;8192;50;0;confirmada;2026-06-02T13:01:19.696
BLOQUE_16CFG_SIN_CROTAL_20260602_130033_CFG001_CONFIG_01_-_B1F_AVG1_ADC8192;SIN_CROTAL;BLOQUE_16CFG_SIN_CROTAL_20260602_130033_CFG001_CONFIG_01_-_B1F_AVG1_ADC8192;configurations;toma con tabla personalizada de configuraciones;CONFIG 01 - B1F_AVG1_ADC8192;30;0.722165;5587;1953;25.52;2068;31;31;1;100;411;8192;50;0;confirmada;2026-06-02T13:01:19.696
BLOQUE_16CFG_SIN_CROTAL_20260602_130033_CFG001_CONFIG_01_-_B1F_AVG1_ADC8192;SIN_CROTAL;BLOQUE_16CFG_SIN_CROTAL_20260602_130033_CFG001_CONFIG_01_-_B1F_AVG1_ADC8192;configurations;toma con tabla personalizada de configuraciones;CONFIG 01 - B1F_AVG1_ADC8192;31;0.751702;5590;1954;25.01;2048;31;31;1;100;411;8192;50;0;confirmada;2026-06-02T13:01:19.696
BLOQUE_16CFG_SIN_CROTAL_20260602_130033_CFG001_CONFIG_01_-_B1F_AVG1_ADC8192;SIN_CROTAL;BLOQUE_16CFG_SIN_CROTAL_20260602_130033_CFG001_CONFIG_01_-_B1F_AVG1_ADC8192;configurations;toma con tabla personalizada de configuraciones;CONFIG 01 - B1F_AVG1_ADC8192;32;0.771857;5578;1954;25.04;2049;31;31;1;100;411;8192;50;0;confirmada;2026-06-02T13:01:19.696
BLOQUE_16CFG_SIN_CROTAL_20260602_130033_CFG001_CONFIG_01_-_B1F_AVG1_ADC8192;SIN_CROTAL;BLOQUE_16CFG_SIN_CROTAL_20260602_130033_CFG001_CONFIG_01_-_B1F_AVG1_ADC8192;configurations;toma con tabla personalizada de configuraciones;CONFIG 01 - B1F_AVG1_ADC8192;33;0.801813;5580;1960;25.14;2053;31;31;1;100;411;8192;50;0;confirmada;2026-06-02T13:01:19.696
BLOQUE_16CFG_SIN_CROTAL_20260602_130033_CFG001_CONFIG_01_-_B1F_AVG1_ADC8192;SIN_CROTAL;BLOQUE_16CFG_SIN_CROTAL_20260602_130033_CFG001_CONFIG_01_-_B1F_AVG1_ADC8192;configurations;toma con tabla personalizada de configuraciones;CONFIG 01 - B1F_AVG1_ADC8192;34;0.821914;5591;1955;25.24;2057;31;31;1;100;411;8192;50;0;confirmada;2026-06-02T13:01:19.696
BLOQUE_16CFG_SIN_CROTAL_20260602_130033_CFG001_CONFIG_01_-_B1F_AVG1_ADC8192;SIN_CROTAL;BLOQUE_16CFG_SIN_CROTAL_20260602_130033_CFG001_CONFIG_01_-_B1F_AVG1_ADC8192;configurations;toma con tabla personalizada de configuraciones;CONFIG 01 - B1F_AVG1_ADC8192;35;0.852063;5585;1957;24.23;2017;31;31;1;100;411;8192;50;0;confirmada;2026-06-02T13:01:19.696
BLOQUE_16CFG_SIN_CROTAL_20260602_130033_CFG001_CONFIG_01_-_B1F_AVG1_ADC8192;SIN_CROTAL;BLOQUE_16CFG_SIN_CROTAL_20260602_130033_CFG001_CONFIG_01_-_B1F_AVG1_ADC8192;configurations;toma con tabla personalizada de configuraciones;CONFIG 01 - B1F_AVG1_ADC8192;36;0.872163;5585;1958;24.33;2021;31;31;1;100;411;8192;50;0;confirmada;2026-06-02T13:01:19.696
BLOQUE_16CFG_SIN_CROTAL_20260602_130033_CFG001_CONFIG_01_-_B1F_AVG1_ADC8192;SIN_CROTAL;BLOQUE_16CFG_SIN_CROTAL_20260602_130033_CFG001_CONFIG_01_-_B1F_AVG1_ADC8192;configurations;toma con tabla personalizada de configuraciones;CONFIG 01 - B1F_AVG1_ADC8192;37;0.902095;5584;1956;25.29;2059;31;31;1;100;411;8192;50;0;confirmada;2026-06-02T13:01:19.696
BLOQUE_16CFG_SIN_CROTAL_20260602_130033_CFG001_CONFIG_01_-_B1F_AVG1_ADC8192;SIN_CROTAL;BLOQUE_16CFG_SIN_CROTAL_20260602_130033_CFG001_CONFIG_01_-_B1F_AVG1_ADC8192;configurations;toma con tabla personalizada de configuraciones;CONFIG 01 - B1F_AVG1_ADC8192;38;0.922156;5583;1948;24.96;2046;31;31;1;100;411;8192;50;0;confirmada;2026-06-02T13:01:19.696
BLOQUE_16CFG_SIN_CROTAL_20260602_130033_CFG001_CONFIG_01_-_B1F_AVG1_ADC8192;SIN_CROTAL;BLOQUE_16CFG_SIN_CROTAL_20260602_130033_CFG001_CONFIG_01_-_B1F_AVG1_ADC8192;configurations;toma con tabla personalizada de configuraciones;CONFIG 01 - B1F_AVG1_ADC8192;39;0.952133;5588;1963;24.91;2044;31;31;1;100;411;8192;50;0;confirmada;2026-06-02T13:01:19.696
BLOQUE_16CFG_SIN_CROTAL_20260602_130033_CFG001_CONFIG_01_-_B1F_AVG1_ADC8192;SIN_CROTAL;BLOQUE_16CFG_SIN_CROTAL_20260602_130033_CFG001_CONFIG_01_-_B1F_AVG1_ADC8192;configurations;toma con tabla personalizada de configuraciones;CONFIG 01 - B1F_AVG1_ADC8192;40;0.972641;5585;1938;25.09;2051;31;31;1;100;411;8192;50;0;confirmada;2026-06-02T13:01:19.696
BLOQUE_16CFG_SIN_CROTAL_20260602_130033_CFG001_CONFIG_01_-_B1F_AVG1_ADC8192;SIN_CROTAL;BLOQUE_16CFG_SIN_CROTAL_20260602_130033_CFG001_CONFIG_01_-_B1F_AVG1_ADC8192;configurations;toma con tabla personalizada de configuraciones;CONFIG 01 - B1F_AVG1_ADC8192;41;1.002278;5587;1951;24.11;2012;31;31;1;100;411;8192;50;0;confirmada;2026-06-02T13:01:19.696
BLOQUE_16CFG_SIN_CROTAL_20260602_130033_CFG001_CONFIG_01_-_B1F_AVG1_ADC8192;SIN_CROTAL;BLOQUE_16CFG_SIN_CROTAL_20260602_130033_CFG001_CONFIG_01_-_B1F_AVG1_ADC8192;configurations;toma con tabla personalizada de configuraciones;CONFIG 01 - B1F_AVG1_ADC8192;42;1.021916;5574;1941;25.06;2050;31;31;1;100;411;8192;50;0;confirmada;2026-06-02T13:01:19.696
BLOQUE_16CFG_SIN_CROTAL_20260602_130033_CFG001_CONFIG_01_-_B1F_AVG1_ADC8192;SIN_CROTAL;BLOQUE_16CFG_SIN_CROTAL_20260602_130033_CFG001_CONFIG_01_-_B1F_AVG1_ADC8192;configurations;toma con tabla personalizada de configuraciones;CONFIG 01 - B1F_AVG1_ADC8192;43;1.052492;5584;1958;25.01;2048;31;31;1;100;411;8192;50;0;confirmada;2026-06-02T13:01:19.696
BLOQUE_16CFG_SIN_CROTAL_20260602_130033_CFG001_CONFIG_01_-_B1F_AVG1_ADC8192;SIN_CROTAL;BLOQUE_16CFG_SIN_CROTAL_20260602_130033_CFG001_CONFIG_01_-_B1F_AVG1_ADC8192;configurations;toma con tabla personalizada de configuraciones;CONFIG 01 - B1F_AVG1_ADC8192;44;1.073074;5589;1937;24.36;2022;31;31;1;100;411;8192;50;0;confirmada;2026-06-02T13:01:19.696
BLOQUE_16CFG_SIN_CROTAL_20260602_130033_CFG001_CONFIG_01_-_B1F_AVG1_ADC8192;SIN_CROTAL;BLOQUE_16CFG_SIN_CROTAL_20260602_130033_CFG001_CONFIG_01_-_B1F_AVG1_ADC8192;configurations;toma con tabla personalizada de configuraciones;CONFIG 01 - B1F_AVG1_ADC8192;45;1.102691;5592;1957;25.04;2049;31;31;1;100;411;8192;50;0;confirmada;2026-06-02T13:01:19.696
BLOQUE_16CFG_SIN_CROTAL_20260602_130033_CFG001_CONFIG_01_-_B1F_AVG1_ADC8192;SIN_CROTAL;BLOQUE_16CFG_SIN_CROTAL_20260602_130033_CFG001_CONFIG_01_-_B1F_AVG1_ADC8192;configurations;toma con tabla personalizada de configuraciones;CONFIG 01 - B1F_AVG1_ADC8192;46;1.122558;5575;1965;24.84;2041;31;31;1;100;411;8192;50;0;confirmada;2026-06-02T13:01:19.696
BLOQUE_16CFG_SIN_CROTAL_20260602_130033_CFG001_CONFIG_01_-_B1F_AVG1_ADC8192;SIN_CROTAL;BLOQUE_16CFG_SIN_CROTAL_20260602_130033_CFG001_CONFIG_01_-_B1F_AVG1_ADC8192;configurations;toma con tabla personalizada de configuraciones;CONFIG 01 - B1F_AVG1_ADC8192;47;1.152797;5580;1961;25.16;2054;31;31;1;100;411;8192;50;0;confirmada;2026-06-02T13:01:19.696
BLOQUE_16CFG_SIN_CROTAL_20260602_130033_CFG001_CONFIG_01_-_B1F_AVG1_ADC8192;SIN_CROTAL;BLOQUE_16CFG_SIN_CROTAL_20260602_130033_CFG001_CONFIG_01_-_B1F_AVG1_ADC8192;configurations;toma con tabla personalizada de configuraciones;CONFIG 01 - B1F_AVG1_ADC8192;48;1.172911;5580;1947;24.99;2047;31;31;1;100;411;8192;50;0;confirmada;2026-06-02T13:01:19.696
BLOQUE_16CFG_SIN_CROTAL_20260602_130033_CFG001_CONFIG_01_-_B1F_AVG1_ADC8192;SIN_CROTAL;BLOQUE_16CFG_SIN_CROTAL_20260602_130033_CFG001_CONFIG_01_-_B1F_AVG1_ADC8192;configurations;toma con tabla personalizada de configuraciones;CONFIG 01 - B1F_AVG1_ADC8192;49;1.202877;5585;1954;24.81;2040;31;31;1;100;411;8192;50;0;confirmada;2026-06-02T13:01:19.696
BLOQUE_16CFG_SIN_CROTAL_20260602_130033_CFG001_CONFIG_01_-_B1F_AVG1_ADC8192;SIN_CROTAL;BLOQUE_16CFG_SIN_CROTAL_20260602_130033_CFG001_CONFIG_01_-_B1F_AVG1_ADC8192;configurations;toma con tabla personalizada de configuraciones;CONFIG 01 - B1F_AVG1_ADC8192;50;1.222855;5587;1959;24.38;2023;31;31;1;100;411;8192;50;0;confirmada;2026-06-02T13:01:19.696
BLOQUE_16CFG_SIN_CROTAL_20260602_130033_CFG001_CONFIG_01_-_B1F_AVG1_ADC8192;SIN_CROTAL;BLOQUE_16CFG_SIN_CROTAL_20260602_130033_CFG001_CONFIG_01_-_B1F_AVG1_ADC8192;configurations;toma con tabla personalizada de configuraciones;CONFIG 01 - B1F_AVG1_ADC8192;51;1.252909;5588;1960;25.34;2061;31;31;1;100;411;8192;50;0;confirmada;2026-06-02T13:01:19.696
BLOQUE_16CFG_SIN_CROTAL_20260602_130033_CFG001_CONFIG_01_-_B1F_AVG1_ADC8192;SIN_CROTAL;BLOQUE_16CFG_SIN_CROTAL_20260602_130033_CFG001_CONFIG_01_-_B1F_AVG1_ADC8192;configurations;toma con tabla personalizada de configuraciones;CONFIG 01 - B1F_AVG1_ADC8192;52;1.272433;5580;1954;24.21;2016;31;31;1;100;411;8192;50;0;confirmada;2026-06-02T13:01:19.696
BLOQUE_16CFG_SIN_CROTAL_20260602_130033_CFG001_CONFIG_01_-_B1F_AVG1_ADC8192;SIN_CROTAL;BLOQUE_16CFG_SIN_CROTAL_20260602_130033_CFG001_CONFIG_01_-_B1F_AVG1_ADC8192;configurations;toma con tabla personalizada de configuraciones;CONFIG 01 - B1F_AVG1_ADC8192;53;1.303107;5586;1960;24.71;2036;31;31;1;100;411;8192;50;0;confirmada;2026-06-02T13:01:19.696
BLOQUE_16CFG_SIN_CROTAL_20260602_130033_CFG001_CONFIG_01_-_B1F_AVG1_ADC8192;SIN_CROTAL;BLOQUE_16CFG_SIN_CROTAL_20260602_130033_CFG001_CONFIG_01_-_B1F_AVG1_ADC8192;configurations;toma con tabla personalizada de configuraciones;CONFIG 01 - B1F_AVG1_ADC8192;54;1.323603;5593;1948;25.06;2050;31;31;1;100;411;8192;50;0;confirmada;2026-06-02T13:01:19.696
BLOQUE_16CFG_SIN_CROTAL_20260602_130033_CFG001_CONFIG_01_-_B1F_AVG1_ADC8192;SIN_CROTAL;BLOQUE_16CFG_SIN_CROTAL_20260602_130033_CFG001_CONFIG_01_-_B1F_AVG1_ADC8192;configurations;toma con tabla personalizada de configuraciones;CONFIG 01 - B1F_AVG1_ADC8192;55;1.353192;5586;1963;24.96;2046;31;31;1;100;411;8192;50;0;confirmada;2026-06-02T13:01:19.696
BLOQUE_16CFG_SIN_CROTAL_20260602_130033_CFG001_CONFIG_01_-_B1F_AVG1_ADC8192;SIN_CROTAL;BLOQUE_16CFG_SIN_CROTAL_20260602_130033_CFG001_CONFIG_01_-_B1F_AVG1_ADC8192;configurations;toma con tabla personalizada de configuraciones;CONFIG 01 - B1F_AVG1_ADC8192;56;1.373312;5589;1952;24.81;2040;31;31;1;100;411;8192;50;0;confirmada;2026-06-02T13:01:19.696
BLOQUE_16CFG_SIN_CROTAL_20260602_130033_CFG001_CONFIG_01_-_B1F_AVG1_ADC8192;SIN_CROTAL;BLOQUE_16CFG_SIN_CROTAL_20260602_130033_CFG001_CONFIG_01_-_B1F_AVG1_ADC8192;configurations;toma con tabla personalizada de configuraciones;CONFIG 01 - B1F_AVG1_ADC8192;57;1.403313;5579;1958;24.18;2015;31;31;1;100;411;8192;50;0;confirmada;2026-06-02T13:01:19.696
BLOQUE_16CFG_SIN_CROTAL_20260602_130033_CFG001_CONFIG_01_-_B1F_AVG1_ADC8192;SIN_CROTAL;BLOQUE_16CFG_SIN_CROTAL_20260602_130033_CFG001_CONFIG_01_-_B1F_AVG1_ADC8192;configurations;toma con tabla personalizada de configuraciones;CONFIG 01 - B1F_AVG1_ADC8192;58;1.423478;5591;1958;24.76;2038;31;31;1;100;411;8192;50;0;confirmada;2026-06-02T13:01:19.697
BLOQUE_16CFG_SIN_CROTAL_20260602_130033_CFG001_CONFIG_01_-_B1F_AVG1_ADC8192;SIN_CROTAL;BLOQUE_16CFG_SIN_CROTAL_20260602_130033_CFG001_CONFIG_01_-_B1F_AVG1_ADC8192;configurations;toma con tabla personalizada de configuraciones;CONFIG 01 - B1F_AVG1_ADC8192;59;1.453565;5591;1958;25.29;2059;31;31;1;100;411;8192;50;0;confirmada;2026-06-02T13:01:19.697
BLOQUE_16CFG_SIN_CROTAL_20260602_130033_CFG001_CONFIG_01_-_B1F_AVG1_ADC8192;SIN_CROTAL;BLOQUE_16CFG_SIN_CROTAL_20260602_130033_CFG001_CONFIG_01_-_B1F_AVG1_ADC8192;configurations;toma con tabla personalizada de configuraciones;CONFIG 01 - B1F_AVG1_ADC8192;60;1.473271;5588;1955;25.14;2053;31;31;1;100;411;8192;50;0;confirmada;2026-06-02T13:01:19.697
BLOQUE_16CFG_SIN_CROTAL_20260602_130033_CFG001_CONFIG_01_-_B1F_AVG1_ADC8192;SIN_CROTAL;BLOQUE_16CFG_SIN_CROTAL_20260602_130033_CFG001_CONFIG_01_-_B1F_AVG1_ADC8192;configurations;toma con tabla personalizada de configuraciones;CONFIG 01 - B1F_AVG1_ADC8192;61;1.503535;5585;1955;25.06;2050;31;31;1;100;411;8192;50;0;confirmada;2026-06-02T13:01:19.697
BLOQUE_16CFG_SIN_CROTAL_20260602_130033_CFG001_CONFIG_01_-_B1F_AVG1_ADC8192;SIN_CROTAL;BLOQUE_16CFG_SIN_CROTAL_20260602_130033_CFG001_CONFIG_01_-_B1F_AVG1_ADC8192;configurations;toma con tabla personalizada de configuraciones;CONFIG 01 - B1F_AVG1_ADC8192;62;1.523511;5585;1949;25.52;2068;31;31;1;100;411;8192;50;0;confirmada;2026-06-02T13:01:19.697
BLOQUE_16CFG_SIN_CROTAL_20260602_130033_CFG001_CONFIG_01_-_B1F_AVG1_ADC8192;SIN_CROTAL;BLOQUE_16CFG_SIN_CROTAL_20260602_130033_CFG001_CONFIG_01_-_B1F_AVG1_ADC8192;configurations;toma con tabla personalizada de configuraciones;CONFIG 01 - B1F_AVG1_ADC8192;63;1.553790;5583;1961;24.94;2045;31;31;1;100;411;8192;50;0;confirmada;2026-06-02T13:01:19.697
BLOQUE_16CFG_SIN_CROTAL_20260602_130033_CFG001_CONFIG_01_-_B1F_AVG1_ADC8192;SIN_CROTAL;BLOQUE_16CFG_SIN_CROTAL_20260602_130033_CFG001_CONFIG_01_-_B1F_AVG1_ADC8192;configurations;toma con tabla personalizada de configuraciones;CONFIG 01 - B1F_AVG1_ADC8192;64;1.573418;5581;1948;24.94;2045;31;31;1;100;411;8192;50;0;confirmada;2026-06-02T13:01:19.697
BLOQUE_16CFG_SIN_CROTAL_20260602_130033_CFG001_CONFIG_01_-_B1F_AVG1_ADC8192;SIN_CROTAL;BLOQUE_16CFG_SIN_CROTAL_20260602_130033_CFG001_CONFIG_01_-_B1F_AVG1_ADC8192;configurations;toma con tabla personalizada de configuraciones;CONFIG 01 - B1F_AVG1_ADC8192;65;1.603955;5598;1955;24.84;2041;31;31;1;100;411;8192;50;0;confirmada;2026-06-02T13:01:19.697
BLOQUE_16CFG_SIN_CROTAL_20260602_130033_CFG001_CONFIG_01_-_B1F_AVG1_ADC8192;SIN_CROTAL;BLOQUE_16CFG_SIN_CROTAL_20260602_130033_CFG001_CONFIG_01_-_B1F_AVG1_ADC8192;configurations;toma con tabla personalizada de configuraciones;CONFIG 01 - B1F_AVG1_ADC8192;66;1.624135;5589;1949;24.86;2042;31;31;1;100;411;8192;50;0;confirmada;2026-06-02T13:01:19.697
BLOQUE_16CFG_SIN_CROTAL_20260602_130033_CFG001_CONFIG_01_-_B1F_AVG1_ADC8192;SIN_CROTAL;BLOQUE_16CFG_SIN_CROTAL_20260602_130033_CFG001_CONFIG_01_-_B1F_AVG1_ADC8192;configurations;toma con tabla personalizada de configuraciones;CONFIG 01 - B1F_AVG1_ADC8192;67;1.654000;5592;1957;25.42;2064;31;31;1;100;411;8192;50;0;confirmada;2026-06-02T13:01:19.697
BLOQUE_16CFG_SIN_CROTAL_20260602_130033_CFG001_CONFIG_01_-_B1F_AVG1_ADC8192;SIN_CROTAL;BLOQUE_16CFG_SIN_CROTAL_20260602_130033_CFG001_CONFIG_01_-_B1F_AVG1_ADC8192;configurations;toma con tabla personalizada de configuraciones;CONFIG 01 - B1F_AVG1_ADC8192;68;1.674283;5583;1940;24.73;2037;31;31;1;100;411;8192;50;0;confirmada;2026-06-02T13:01:19.697
BLOQUE_16CFG_SIN_CROTAL_20260602_130033_CFG001_CONFIG_01_-_B1F_AVG1_ADC8192;SIN_CROTAL;BLOQUE_16CFG_SIN_CROTAL_20260602_130033_CFG001_CONFIG_01_-_B1F_AVG1_ADC8192;configurations;toma con tabla personalizada de configuraciones;CONFIG 01 - B1F_AVG1_ADC8192;69;1.704189;5586;1953;24.63;2033;31;31;1;100;411;8192;50;0;confirmada;2026-06-02T13:01:19.697
BLOQUE_16CFG_SIN_CROTAL_20260602_130033_CFG001_CONFIG_01_-_B1F_AVG1_ADC8192;SIN_CROTAL;BLOQUE_16CFG_SIN_CROTAL_20260602_130033_CFG001_CONFIG_01_-_B1F_AVG1_ADC8192;configurations;toma con tabla personalizada de configuraciones;CONFIG 01 - B1F_AVG1_ADC8192;70;1.724303;5592;1954;24.96;2046;31;31;1;100;411;8192;50;0;confirmada;2026-06-02T13:01:19.697
BLOQUE_16CFG_SIN_CROTAL_20260602_130033_CFG001_CONFIG_01_-_B1F_AVG1_ADC8192;SIN_CROTAL;BLOQUE_16CFG_SIN_CROTAL_20260602_130033_CFG001_CONFIG_01_-_B1F_AVG1_ADC8192;configurations;toma con tabla personalizada de configuraciones;CONFIG 01 - B1F_AVG1_ADC8192;71;1.754263;5594;1954;24.71;2036;31;31;1;100;411;8192;50;0;confirmada;2026-06-02T13:01:19.697
BLOQUE_16CFG_SIN_CROTAL_20260602_130033_CFG001_CONFIG_01_-_B1F_AVG1_ADC8192;SIN_CROTAL;BLOQUE_16CFG_SIN_CROTAL_20260602_130033_CFG001_CONFIG_01_-_B1F_AVG1_ADC8192;configurations;toma con tabla personalizada de configuraciones;CONFIG 01 - B1F_AVG1_ADC8192;72;1.774616;5590;1948;25.06;2050;31;31;1;100;411;8192;50;0;confirmada;2026-06-02T13:01:19.697
BLOQUE_16CFG_SIN_CROTAL_20260602_130033_CFG001_CONFIG_01_-_B1F_AVG1_ADC8192;SIN_CROTAL;BLOQUE_16CFG_SIN_CROTAL_20260602_130033_CFG001_CONFIG_01_-_B1F_AVG1_ADC8192;configurations;toma con tabla personalizada de configuraciones;CONFIG 01 - B1F_AVG1_ADC8192;73;1.804436;5573;1952;24.94;2045;31;31;1;100;411;8192;50;0;confirmada;2026-06-02T13:01:19.697
BLOQUE_16CFG_SIN_CROTAL_20260602_130033_CFG001_CONFIG_01_-_B1F_AVG1_ADC8192;SIN_CROTAL;BLOQUE_16CFG_SIN_CROTAL_20260602_130033_CFG001_CONFIG_01_-_B1F_AVG1_ADC8192;configurations;toma con tabla personalizada de configuraciones;CONFIG 01 - B1F_AVG1_ADC8192;74;1.824012;5587;1947;24.89;2043;31;31;1;100;411;8192;50;0;confirmada;2026-06-02T13:01:19.697
BLOQUE_16CFG_SIN_CROTAL_20260602_130033_CFG001_CONFIG_01_-_B1F_AVG1_ADC8192;SIN_CROTAL;BLOQUE_16CFG_SIN_CROTAL_20260602_130033_CFG001_CONFIG_01_-_B1F_AVG1_ADC8192;configurations;toma con tabla personalizada de configuraciones;CONFIG 01 - B1F_AVG1_ADC8192;75;1.854361;5592;1959;25.06;2050;31;31;1;100;411;8192;50;0;confirmada;2026-06-02T13:01:19.697
BLOQUE_16CFG_SIN_CROTAL_20260602_130033_CFG001_CONFIG_01_-_B1F_AVG1_ADC8192;SIN_CROTAL;BLOQUE_16CFG_SIN_CROTAL_20260602_130033_CFG001_CONFIG_01_-_B1F_AVG1_ADC8192;configurations;toma con tabla personalizada de configuraciones;CONFIG 01 - B1F_AVG1_ADC8192;76;1.874478;5580;1955;25.04;2049;31;31;1;100;411;8192;50;0;confirmada;2026-06-02T13:01:19.697
BLOQUE_16CFG_SIN_CROTAL_20260602_130033_CFG001_CONFIG_01_-_B1F_AVG1_ADC8192;SIN_CROTAL;BLOQUE_16CFG_SIN_CROTAL_20260602_130033_CFG001_CONFIG_01_-_B1F_AVG1_ADC8192;configurations;toma con tabla personalizada de configuraciones;CONFIG 01 - B1F_AVG1_ADC8192;77;1.904636;5583;1955;24.79;2039;31;31;1;100;411;8192;50;0;confirmada;2026-06-02T13:01:19.697
BLOQUE_16CFG_SIN_CROTAL_20260602_130033_CFG001_CONFIG_01_-_B1F_AVG1_ADC8192;SIN_CROTAL;BLOQUE_16CFG_SIN_CROTAL_20260602_130033_CFG001_CONFIG_01_-_B1F_AVG1_ADC8192;configurations;toma con tabla personalizada de configuraciones;CONFIG 01 - B1F_AVG1_ADC8192;78;1.924590;5586;1951;24.51;2028;31;31;1;100;411;8192;50;0;confirmada;2026-06-02T13:01:19.697
BLOQUE_16CFG_SIN_CROTAL_20260602_130033_CFG001_CONFIG_01_-_B1F_AVG1_ADC8192;SIN_CROTAL;BLOQUE_16CFG_SIN_CROTAL_20260602_130033_CFG001_CONFIG_01_-_B1F_AVG1_ADC8192;configurations;toma con tabla personalizada de configuraciones;CONFIG 01 - B1F_AVG1_ADC8192;79;1.954593;5579;1950;24.43;2025;31;31;1;100;411;8192;50;0;confirmada;2026-06-02T13:01:19.697
BLOQUE_16CFG_SIN_CROTAL_20260602_130033_CFG001_CONFIG_01_-_B1F_AVG1_ADC8192;SIN_CROTAL;BLOQUE_16CFG_SIN_CROTAL_20260602_130033_CFG001_CONFIG_01_-_B1F_AVG1_ADC8192;configurations;toma con tabla personalizada de configuraciones;CONFIG 01 - B1F_AVG1_ADC8192;80;1.974593;5590;1957;25.09;2051;31;31;1;100;411;8192;50;0;confirmada;2026-06-02T13:01:19.697
BLOQUE_16CFG_SIN_CROTAL_20260602_130033_CFG001_CONFIG_01_-_B1F_AVG1_ADC8192;SIN_CROTAL;BLOQUE_16CFG_SIN_CROTAL_20260602_130033_CFG001_CONFIG_01_-_B1F_AVG1_ADC8192;configurations;toma con tabla personalizada de configuraciones;CONFIG 01 - B1F_AVG1_ADC8192;81;2.004916;5585;1948;25.22;2056;31;31;1;100;411;8192;50;0;confirmada;2026-06-02T13:01:19.697
BLOQUE_16CFG_SIN_CROTAL_20260602_130033_CFG001_CONFIG_01_-_B1F_AVG1_ADC8192;SIN_CROTAL;BLOQUE_16CFG_SIN_CROTAL_20260602_130033_CFG001_CONFIG_01_-_B1F_AVG1_ADC8192;configurations;toma con tabla personalizada de configuraciones;CONFIG 01 - B1F_AVG1_ADC8192;82;2.024951;5585;1961;25.37;2062;31;31;1;100;411;8192;50;0;confirmada;2026-06-02T13:01:19.697
BLOQUE_16CFG_SIN_CROTAL_20260602_130033_CFG001_CONFIG_01_-_B1F_AVG1_ADC8192;SIN_CROTAL;BLOQUE_16CFG_SIN_CROTAL_20260602_130033_CFG001_CONFIG_01_-_B1F_AVG1_ADC8192;configurations;toma con tabla personalizada de configuraciones;CONFIG 01 - B1F_AVG1_ADC8192;83;2.054949;5589;1967;25.19;2055;31;31;1;100;411;8192;50;0;confirmada;2026-06-02T13:01:19.697
BLOQUE_16CFG_SIN_CROTAL_20260602_130033_CFG001_CONFIG_01_-_B1F_AVG1_ADC8192;SIN_CROTAL;BLOQUE_16CFG_SIN_CROTAL_20260602_130033_CFG001_CONFIG_01_-_B1F_AVG1_ADC8192;configurations;toma con tabla personalizada de configuraciones;CONFIG 01 - B1F_AVG1_ADC8192;84;2.074862;5584;1955;25.44;2065;31;31;1;100;411;8192;50;0;confirmada;2026-06-02T13:01:19.697
BLOQUE_16CFG_SIN_CROTAL_20260602_130033_CFG001_CONFIG_01_-_B1F_AVG1_ADC8192;SIN_CROTAL;BLOQUE_16CFG_SIN_CROTAL_20260602_130033_CFG001_CONFIG_01_-_B1F_AVG1_ADC8192;configurations;toma con tabla personalizada de configuraciones;CONFIG 01 - B1F_AVG1_ADC8192;85;2.105089;5584;1955;25.29;2059;31;31;1;100;411;8192;50;0;confirmada;2026-06-02T13:01:19.697
BLOQUE_16CFG_SIN_CROTAL_20260602_130033_CFG001_CONFIG_01_-_B1F_AVG1_ADC8192;SIN_CROTAL;BLOQUE_16CFG_SIN_CROTAL_20260602_130033_CFG001_CONFIG_01_-_B1F_AVG1_ADC8192;configurations;toma con tabla personalizada de configuraciones;CONFIG 01 - B1F_AVG1_ADC8192;86;2.125315;5585;1949;24.81;2040;31;31;1;100;411;8192;50;0;confirmada;2026-06-02T13:01:19.697
BLOQUE_16CFG_SIN_CROTAL_20260602_130033_CFG001_CONFIG_01_-_B1F_AVG1_ADC8192;SIN_CROTAL;BLOQUE_16CFG_SIN_CROTAL_20260602_130033_CFG001_CONFIG_01_-_B1F_AVG1_ADC8192;configurations;toma con tabla personalizada de configuraciones;CONFIG 01 - B1F_AVG1_ADC8192;87;2.155131;5590;1963;25.19;2055;31;31;1;100;411;8192;50;0;confirmada;2026-06-02T13:01:19.697
BLOQUE_16CFG_SIN_CROTAL_20260602_130033_CFG001_CONFIG_01_-_B1F_AVG1_ADC8192;SIN_CROTAL;BLOQUE_16CFG_SIN_CROTAL_20260602_130033_CFG001_CONFIG_01_-_B1F_AVG1_ADC8192;configurations;toma con tabla personalizada de configuraciones;CONFIG 01 - B1F_AVG1_ADC8192;88;2.175246;5591;1959;25.24;2057;31;31;1;100;411;8192;50;0;confirmada;2026-06-02T13:01:19.697
BLOQUE_16CFG_SIN_CROTAL_20260602_130033_CFG001_CONFIG_01_-_B1F_AVG1_ADC8192;SIN_CROTAL;BLOQUE_16CFG_SIN_CROTAL_20260602_130033_CFG001_CONFIG_01_-_B1F_AVG1_ADC8192;configurations;toma con tabla personalizada de configuraciones;CONFIG 01 - B1F_AVG1_ADC8192;89;2.205236;5591;1958;25.04;2049;31;31;1;100;411;8192;50;0;confirmada;2026-06-02T13:01:19.697
BLOQUE_16CFG_SIN_CROTAL_20260602_130033_CFG001_CONFIG_01_-_B1F_AVG1_ADC8192;SIN_CROTAL;BLOQUE_16CFG_SIN_CROTAL_20260602_130033_CFG001_CONFIG_01_-_B1F_AVG1_ADC8192;configurations;toma con tabla personalizada de configuraciones;CONFIG 01 - B1F_AVG1_ADC8192;90;2.225551;5594;1947;25.04;2049;31;31;1;100;411;8192;50;0;confirmada;2026-06-02T13:01:19.697
BLOQUE_16CFG_SIN_CROTAL_20260602_130033_CFG001_CONFIG_01_-_B1F_AVG1_ADC8192;SIN_CROTAL;BLOQUE_16CFG_SIN_CROTAL_20260602_130033_CFG001_CONFIG_01_-_B1F_AVG1_ADC8192;configurations;toma con tabla personalizada de configuraciones;CONFIG 01 - B1F_AVG1_ADC8192;91;2.255512;5585;1952;25.47;2066;31;31;1;100;411;8192;50;0;confirmada;2026-06-02T13:01:19.697
BLOQUE_16CFG_SIN_CROTAL_20260602_130033_CFG001_CONFIG_01_-_B1F_AVG1_ADC8192;SIN_CROTAL;BLOQUE_16CFG_SIN_CROTAL_20260602_130033_CFG001_CONFIG_01_-_B1F_AVG1_ADC8192;configurations;toma con tabla personalizada de configuraciones;CONFIG 01 - B1F_AVG1_ADC8192;92;2.275471;5582;1954;24.48;2027;31;31;1;100;411;8192;50;0;confirmada;2026-06-02T13:01:19.697
BLOQUE_16CFG_SIN_CROTAL_20260602_130033_CFG001_CONFIG_01_-_B1F_AVG1_ADC8192;SIN_CROTAL;BLOQUE_16CFG_SIN_CROTAL_20260602_130033_CFG001_CONFIG_01_-_B1F_AVG1_ADC8192;configurations;toma con tabla personalizada de configuraciones;CONFIG 01 - B1F_AVG1_ADC8192;93;2.305510;5585;1952;25.22;2056;31;31;1;100;411;8192;50;0;confirmada;2026-06-02T13:01:19.697
BLOQUE_16CFG_SIN_CROTAL_20260602_130033_CFG001_CONFIG_01_-_B1F_AVG1_ADC8192;SIN_CROTAL;BLOQUE_16CFG_SIN_CROTAL_20260602_130033_CFG001_CONFIG_01_-_B1F_AVG1_ADC8192;configurations;toma con tabla personalizada de configuraciones;CONFIG 01 - B1F_AVG1_ADC8192;94;2.325649;5589;1954;24.94;2045;31;31;1;100;411;8192;50;0;confirmada;2026-06-02T13:01:19.697
BLOQUE_16CFG_SIN_CROTAL_20260602_130033_CFG001_CONFIG_01_-_B1F_AVG1_ADC8192;SIN_CROTAL;BLOQUE_16CFG_SIN_CROTAL_20260602_130033_CFG001_CONFIG_01_-_B1F_AVG1_ADC8192;configurations;toma con tabla personalizada de configuraciones;CONFIG 01 - B1F_AVG1_ADC8192;95;2.355619;5584;1959;26.26;2097;31;31;1;100;411;8192;50;0;confirmada;2026-06-02T13:01:19.697
BLOQUE_16CFG_SIN_CROTAL_20260602_130033_CFG001_CONFIG_01_-_B1F_AVG1_ADC8192;SIN_CROTAL;BLOQUE_16CFG_SIN_CROTAL_20260602_130033_CFG001_CONFIG_01_-_B1F_AVG1_ADC8192;configurations;toma con tabla personalizada de configuraciones;CONFIG 01 - B1F_AVG1_ADC8192;96;2.376249;5588;1951;25.11;2052;31;31;1;100;411;8192;50;0;confirmada;2026-06-02T13:01:19.697
BLOQUE_16CFG_SIN_CROTAL_20260602_130033_CFG001_CONFIG_01_-_B1F_AVG1_ADC8192;SIN_CROTAL;BLOQUE_16CFG_SIN_CROTAL_20260602_130033_CFG001_CONFIG_01_-_B1F_AVG1_ADC8192;configurations;toma con tabla personalizada de configuraciones;CONFIG 01 - B1F_AVG1_ADC8192;97;2.405904;5592;1957;25.22;2056;31;31;1;100;411;8192;50;0;confirmada;2026-06-02T13:01:19.697
BLOQUE_16CFG_SIN_CROTAL_20260602_130033_CFG001_CONFIG_01_-_B1F_AVG1_ADC8192;SIN_CROTAL;BLOQUE_16CFG_SIN_CROTAL_20260602_130033_CFG001_CONFIG_01_-_B1F_AVG1_ADC8192;configurations;toma con tabla personalizada de configuraciones;CONFIG 01 - B1F_AVG1_ADC8192;98;2.425784;5589;1963;25.11;2052;31;31;1;100;411;8192;50;0;confirmada;2026-06-02T13:01:19.697
BLOQUE_16CFG_SIN_CROTAL_20260602_130033_CFG001_CONFIG_01_-_B1F_AVG1_ADC8192;SIN_CROTAL;BLOQUE_16CFG_SIN_CROTAL_20260602_130033_CFG001_CONFIG_01_-_B1F_AVG1_ADC8192;configurations;toma con tabla personalizada de configuraciones;CONFIG 01 - B1F_AVG1_ADC8192;99;2.455911;5594;1963;24.43;2025;31;31;1;100;411;8192;50;0;confirmada;2026-06-02T13:01:19.697
BLOQUE_16CFG_SIN_CROTAL_20260602_130033_CFG001_CONFIG_01_-_B1F_AVG1_ADC8192;SIN_CROTAL;BLOQUE_16CFG_SIN_CROTAL_20260602_130033_CFG001_CONFIG_01_-_B1F_AVG1_ADC8192;configurations;toma con tabla personalizada de configuraciones;CONFIG 01 - B1F_AVG1_ADC8192;100;2.475992;5591;1950;25.19;2055;31;31;1;100;411;8192;50;0;confirmada;2026-06-02T13:01:19.697
BLOQUE_16CFG_SIN_CROTAL_20260602_130033_CFG001_CONFIG_01_-_B1F_AVG1_ADC8192;SIN_CROTAL;BLOQUE_16CFG_SIN_CROTAL_20260602_130033_CFG001_CONFIG_01_-_B1F_AVG1_ADC8192;configurations;toma con tabla personalizada de configuraciones;CONFIG 01 - B1F_AVG1_ADC8192;101;2.506047;5587;1962;25.32;2060;31;31;1;100;411;8192;50;0;confirmada;2026-06-02T13:01:19.697
BLOQUE_16CFG_SIN_CROTAL_20260602_130033_CFG001_CONFIG_01_-_B1F_AVG1_ADC8192;SIN_CROTAL;BLOQUE_16CFG_SIN_CROTAL_20260602_130033_CFG001_CONFIG_01_-_B1F_AVG1_ADC8192;configurations;toma con tabla personalizada de configuraciones;CONFIG 01 - B1F_AVG1_ADC8192;102;2.525535;5588;1956;25.52;2068;31;31;1;100;411;8192;50;0;confirmada;2026-06-02T13:01:19.697
BLOQUE_16CFG_SIN_CROTAL_20260602_130033_CFG001_CONFIG_01_-_B1F_AVG1_ADC8192;SIN_CROTAL;BLOQUE_16CFG_SIN_CROTAL_20260602_130033_CFG001_CONFIG_01_-_B1F_AVG1_ADC8192;configurations;toma con tabla personalizada de configuraciones;CONFIG 01 - B1F_AVG1_ADC8192;103;2.556157;5584;1954;24.81;2040;31;31;1;100;411;8192;50;0;confirmada;2026-06-02T13:01:19.697
BLOQUE_16CFG_SIN_CROTAL_20260602_130033_CFG001_CONFIG_01_-_B1F_AVG1_ADC8192;SIN_CROTAL;BLOQUE_16CFG_SIN_CROTAL_20260602_130033_CFG001_CONFIG_01_-_B1F_AVG1_ADC8192;configurations;toma con tabla personalizada de configuraciones;CONFIG 01 - B1F_AVG1_ADC8192;104;2.576530;5585;1950;24.84;2041;31;31;1;100;411;8192;50;0;confirmada;2026-06-02T13:01:19.697
BLOQUE_16CFG_SIN_CROTAL_20260602_130033_CFG001_CONFIG_01_-_B1F_AVG1_ADC8192;SIN_CROTAL;BLOQUE_16CFG_SIN_CROTAL_20260602_130033_CFG001_CONFIG_01_-_B1F_AVG1_ADC8192;configurations;toma con tabla personalizada de configuraciones;CONFIG 01 - B1F_AVG1_ADC8192;105;2.606366;5586;1960;24.86;2042;31;31;1;100;411;8192;50;0;confirmada;2026-06-02T13:01:19.697
BLOQUE_16CFG_SIN_CROTAL_20260602_130033_CFG001_CONFIG_01_-_B1F_AVG1_ADC8192;SIN_CROTAL;BLOQUE_16CFG_SIN_CROTAL_20260602_130033_CFG001_CONFIG_01_-_B1F_AVG1_ADC8192;configurations;toma con tabla personalizada de configuraciones;CONFIG 01 - B1F_AVG1_ADC8192;106;2.626581;5596;1945;25.22;2056;31;31;1;100;411;8192;50;0;confirmada;2026-06-02T13:01:19.697
BLOQUE_16CFG_SIN_CROTAL_20260602_130033_CFG001_CONFIG_01_-_B1F_AVG1_ADC8192;SIN_CROTAL;BLOQUE_16CFG_SIN_CROTAL_20260602_130033_CFG001_CONFIG_01_-_B1F_AVG1_ADC8192;configurations;toma con tabla personalizada de configuraciones;CONFIG 01 - B1F_AVG1_ADC8192;107;2.656335;5591;1965;25.24;2057;31;31;1;100;411;8192;50;0;confirmada;2026-06-02T13:01:19.697
BLOQUE_16CFG_SIN_CROTAL_20260602_130033_CFG001_CONFIG_01_-_B1F_AVG1_ADC8192;SIN_CROTAL;BLOQUE_16CFG_SIN_CROTAL_20260602_130033_CFG001_CONFIG_01_-_B1F_AVG1_ADC8192;configurations;toma con tabla personalizada de configuraciones;CONFIG 01 - B1F_AVG1_ADC8192;108;2.676523;5598;1955;24.91;2044;31;31;1;100;411;8192;50;0;confirmada;2026-06-02T13:01:19.697
BLOQUE_16CFG_SIN_CROTAL_20260602_130033_CFG001_CONFIG_01_-_B1F_AVG1_ADC8192;SIN_CROTAL;BLOQUE_16CFG_SIN_CROTAL_20260602_130033_CFG001_CONFIG_01_-_B1F_AVG1_ADC8192;configurations;toma con tabla personalizada de configuraciones;CONFIG 01 - B1F_AVG1_ADC8192;109;2.706604;5583;1955;25.04;2049;31;31;1;100;411;8192;50;0;confirmada;2026-06-02T13:01:19.697
BLOQUE_16CFG_SIN_CROTAL_20260602_130033_CFG001_CONFIG_01_-_B1F_AVG1_ADC8192;SIN_CROTAL;BLOQUE_16CFG_SIN_CROTAL_20260602_130033_CFG001_CONFIG_01_-_B1F_AVG1_ADC8192;configurations;toma con tabla personalizada de configuraciones;CONFIG 01 - B1F_AVG1_ADC8192;110;2.727096;5594;1950;24.13;2013;31;31;1;100;411;8192;50;0;confirmada;2026-06-02T13:01:19.697
BLOQUE_16CFG_SIN_CROTAL_20260602_130033_CFG001_CONFIG_01_-_B1F_AVG1_ADC8192;SIN_CROTAL;BLOQUE_16CFG_SIN_CROTAL_20260602_130033_CFG001_CONFIG_01_-_B1F_AVG1_ADC8192;configurations;toma con tabla personalizada de configuraciones;CONFIG 01 - B1F_AVG1_ADC8192;111;2.756604;5583;1951;25.37;2062;31;31;1;100;411;8192;50;0;confirmada;2026-06-02T13:01:19.697
BLOQUE_16CFG_SIN_CROTAL_20260602_130033_CFG001_CONFIG_01_-_B1F_AVG1_ADC8192;SIN_CROTAL;BLOQUE_16CFG_SIN_CROTAL_20260602_130033_CFG001_CONFIG_01_-_B1F_AVG1_ADC8192;configurations;toma con tabla personalizada de configuraciones;CONFIG 01 - B1F_AVG1_ADC8192;112;2.776174;5587;1949;24.58;2031;31;31;1;100;411;8192;50;0;confirmada;2026-06-02T13:01:19.697
BLOQUE_16CFG_SIN_CROTAL_20260602_130033_CFG001_CONFIG_01_-_B1F_AVG1_ADC8192;SIN_CROTAL;BLOQUE_16CFG_SIN_CROTAL_20260602_130033_CFG001_CONFIG_01_-_B1F_AVG1_ADC8192;configurations;toma con tabla personalizada de configuraciones;CONFIG 01 - B1F_AVG1_ADC8192;113;2.806743;5587;1961;25.44;2065;31;31;1;100;411;8192;50;0;confirmada;2026-06-02T13:01:19.697
BLOQUE_16CFG_SIN_CROTAL_20260602_130033_CFG001_CONFIG_01_-_B1F_AVG1_ADC8192;SIN_CROTAL;BLOQUE_16CFG_SIN_CROTAL_20260602_130033_CFG001_CONFIG_01_-_B1F_AVG1_ADC8192;configurations;toma con tabla personalizada de configuraciones;CONFIG 01 - B1F_AVG1_ADC8192;114;2.826673;5584;1953;25.04;2049;31;31;1;100;411;8192;50;0;confirmada;2026-06-02T13:01:19.697
BLOQUE_16CFG_SIN_CROTAL_20260602_130033_CFG001_CONFIG_01_-_B1F_AVG1_ADC8192;SIN_CROTAL;BLOQUE_16CFG_SIN_CROTAL_20260602_130033_CFG001_CONFIG_01_-_B1F_AVG1_ADC8192;configurations;toma con tabla personalizada de configuraciones;CONFIG 01 - B1F_AVG1_ADC8192;115;2.856996;5587;1962;24.84;2041;31;31;1;100;411;8192;50;0;confirmada;2026-06-02T13:01:19.697
BLOQUE_16CFG_SIN_CROTAL_20260602_130033_CFG001_CONFIG_01_-_B1F_AVG1_ADC8192;SIN_CROTAL;BLOQUE_16CFG_SIN_CROTAL_20260602_130033_CFG001_CONFIG_01_-_B1F_AVG1_ADC8192;configurations;toma con tabla personalizada de configuraciones;CONFIG 01 - B1F_AVG1_ADC8192;116;2.877007;5589;1959;24.31;2020;31;31;1;100;411;8192;50;0;confirmada;2026-06-02T13:01:19.697
BLOQUE_16CFG_SIN_CROTAL_20260602_130033_CFG001_CONFIG_01_-_B1F_AVG1_ADC8192;SIN_CROTAL;BLOQUE_16CFG_SIN_CROTAL_20260602_130033_CFG001_CONFIG_01_-_B1F_AVG1_ADC8192;configurations;toma con tabla personalizada de configuraciones;CONFIG 01 - B1F_AVG1_ADC8192;117;2.907101;5582;1950;25.11;2052;31;31;1;100;411;8192;50;0;confirmada;2026-06-02T13:01:19.697
BLOQUE_16CFG_SIN_CROTAL_20260602_130033_CFG001_CONFIG_01_-_B1F_AVG1_ADC8192;SIN_CROTAL;BLOQUE_16CFG_SIN_CROTAL_20260602_130033_CFG001_CONFIG_01_-_B1F_AVG1_ADC8192;configurations;toma con tabla personalizada de configuraciones;CONFIG 01 - B1F_AVG1_ADC8192;118;2.926966;5593;1964;25.32;2060;31;31;1;100;411;8192;50;0;confirmada;2026-06-02T13:01:19.697
BLOQUE_16CFG_SIN_CROTAL_20260602_130033_CFG001_CONFIG_01_-_B1F_AVG1_ADC8192;SIN_CROTAL;BLOQUE_16CFG_SIN_CROTAL_20260602_130033_CFG001_CONFIG_01_-_B1F_AVG1_ADC8192;configurations;toma con tabla personalizada de configuraciones;CONFIG 01 - B1F_AVG1_ADC8192;119;2.957207;5584;1969;24.73;2037;31;31;1;100;411;8192;50;0;confirmada;2026-06-02T13:01:19.697
BLOQUE_16CFG_SIN_CROTAL_20260602_130033_CFG001_CONFIG_01_-_B1F_AVG1_ADC8192;SIN_CROTAL;BLOQUE_16CFG_SIN_CROTAL_20260602_130033_CFG001_CONFIG_01_-_B1F_AVG1_ADC8192;configurations;toma con tabla personalizada de configuraciones;CONFIG 01 - B1F_AVG1_ADC8192;120;2.976782;5582;1950;25.16;2054;31;31;1;100;411;8192;50;0;confirmada;2026-06-02T13:01:19.697
BLOQUE_16CFG_SIN_CROTAL_20260602_130033_CFG001_CONFIG_01_-_B1F_AVG1_ADC8192;SIN_CROTAL;BLOQUE_16CFG_SIN_CROTAL_20260602_130033_CFG001_CONFIG_01_-_B1F_AVG1_ADC8192;configurations;toma con tabla personalizada de configuraciones;CONFIG 01 - B1F_AVG1_ADC8192;121;3.007219;5592;1953;25.11;2052;31;31;1;100;411;8192;50;0;confirmada;2026-06-02T13:01:19.697
BLOQUE_16CFG_SIN_CROTAL_20260602_130033_CFG001_CONFIG_01_-_B1F_AVG1_ADC8192;SIN_CROTAL;BLOQUE_16CFG_SIN_CROTAL_20260602_130033_CFG001_CONFIG_01_-_B1F_AVG1_ADC8192;configurations;toma con tabla personalizada de configuraciones;CONFIG 01 - B1F_AVG1_ADC8192;122;3.026766;5589;1954;24.58;2031;31;31;1;100;411;8192;50;0;confirmada;2026-06-02T13:01:19.697
BLOQUE_16CFG_SIN_CROTAL_20260602_130033_CFG001_CONFIG_01_-_B1F_AVG1_ADC8192;SIN_CROTAL;BLOQUE_16CFG_SIN_CROTAL_20260602_130033_CFG001_CONFIG_01_-_B1F_AVG1_ADC8192;configurations;toma con tabla personalizada de configuraciones;CONFIG 01 - B1F_AVG1_ADC8192;123;3.057395;5584;1964;25.19;2055;31;31;1;100;411;8192;50;0;confirmada;2026-06-02T13:01:19.697
BLOQUE_16CFG_SIN_CROTAL_20260602_130033_CFG001_CONFIG_01_-_B1F_AVG1_ADC8192;SIN_CROTAL;BLOQUE_16CFG_SIN_CROTAL_20260602_130033_CFG001_CONFIG_01_-_B1F_AVG1_ADC8192;configurations;toma con tabla personalizada de configuraciones;CONFIG 01 - B1F_AVG1_ADC8192;124;3.077458;5588;1961;24.33;2021;31;31;1;100;411;8192;50;0;confirmada;2026-06-02T13:01:19.697
BLOQUE_16CFG_SIN_CROTAL_20260602_130033_CFG001_CONFIG_01_-_B1F_AVG1_ADC8192;SIN_CROTAL;BLOQUE_16CFG_SIN_CROTAL_20260602_130033_CFG001_CONFIG_01_-_B1F_AVG1_ADC8192;configurations;toma con tabla personalizada de configuraciones;CONFIG 01 - B1F_AVG1_ADC8192;125;3.107479;5586;1948;25.29;2059;31;31;1;100;411;8192;50;0;confirmada;2026-06-02T13:01:19.697
BLOQUE_16CFG_SIN_CROTAL_20260602_130033_CFG001_CONFIG_01_-_B1F_AVG1_ADC8192;SIN_CROTAL;BLOQUE_16CFG_SIN_CROTAL_20260602_130033_CFG001_CONFIG_01_-_B1F_AVG1_ADC8192;configurations;toma con tabla personalizada de configuraciones;CONFIG 01 - B1F_AVG1_ADC8192;126;3.127369;5588;1952;24.33;2021;31;31;1;100;411;8192;50;0;confirmada;2026-06-02T13:01:19.697
BLOQUE_16CFG_SIN_CROTAL_20260602_130033_CFG001_CONFIG_01_-_B1F_AVG1_ADC8192;SIN_CROTAL;BLOQUE_16CFG_SIN_CROTAL_20260602_130033_CFG001_CONFIG_01_-_B1F_AVG1_ADC8192;configurations;toma con tabla personalizada de configuraciones;CONFIG 01 - B1F_AVG1_ADC8192;127;3.157515;5588;1952;25.14;2053;31;31;1;100;411;8192;50;0;confirmada;2026-06-02T13:01:19.697
BLOQUE_16CFG_SIN_CROTAL_20260602_130033_CFG001_CONFIG_01_-_B1F_AVG1_ADC8192;SIN_CROTAL;BLOQUE_16CFG_SIN_CROTAL_20260602_130033_CFG001_CONFIG_01_-_B1F_AVG1_ADC8192;configurations;toma con tabla personalizada de configuraciones;CONFIG 01 - B1F_AVG1_ADC8192;128;3.177229;5587;1949;25.11;2052;31;31;1;100;411;8192;50;0;confirmada;2026-06-02T13:01:19.697
BLOQUE_16CFG_SIN_CROTAL_20260602_130033_CFG001_CONFIG_01_-_B1F_AVG1_ADC8192;SIN_CROTAL;BLOQUE_16CFG_SIN_CROTAL_20260602_130033_CFG001_CONFIG_01_-_B1F_AVG1_ADC8192;configurations;toma con tabla personalizada de configuraciones;CONFIG 01 - B1F_AVG1_ADC8192;129;3.207818;5585;1962;25.11;2052;31;31;1;100;411;8192;50;0;confirmada;2026-06-02T13:01:19.697
BLOQUE_16CFG_SIN_CROTAL_20260602_130033_CFG001_CONFIG_01_-_B1F_AVG1_ADC8192;SIN_CROTAL;BLOQUE_16CFG_SIN_CROTAL_20260602_130033_CFG001_CONFIG_01_-_B1F_AVG1_ADC8192;configurations;toma con tabla personalizada de configuraciones;CONFIG 01 - B1F_AVG1_ADC8192;130;3.228363;5591;1953;25.09;2051;31;31;1;100;411;8192;50;0;confirmada;2026-06-02T13:01:19.697
BLOQUE_16CFG_SIN_CROTAL_20260602_130033_CFG001_CONFIG_01_-_B1F_AVG1_ADC8192;SIN_CROTAL;BLOQUE_16CFG_SIN_CROTAL_20260602_130033_CFG001_CONFIG_01_-_B1F_AVG1_ADC8192;configurations;toma con tabla personalizada de configuraciones;CONFIG 01 - B1F_AVG1_ADC8192;131;3.257755;5589;1962;24.66;2034;31;31;1;100;411;8192;50;0;confirmada;2026-06-02T13:01:19.697
BLOQUE_16CFG_SIN_CROTAL_20260602_130033_CFG001_CONFIG_01_-_B1F_AVG1_ADC8192;SIN_CROTAL;BLOQUE_16CFG_SIN_CROTAL_20260602_130033_CFG001_CONFIG_01_-_B1F_AVG1_ADC8192;configurations;toma con tabla personalizada de configuraciones;CONFIG 01 - B1F_AVG1_ADC8192;132;3.278099;5599;1961;25.52;2068;31;31;1;100;411;8192;50;0;confirmada;2026-06-02T13:01:19.697
BLOQUE_16CFG_SIN_CROTAL_20260602_130033_CFG001_CONFIG_01_-_B1F_AVG1_ADC8192;SIN_CROTAL;BLOQUE_16CFG_SIN_CROTAL_20260602_130033_CFG001_CONFIG_01_-_B1F_AVG1_ADC8192;configurations;toma con tabla personalizada de configuraciones;CONFIG 01 - B1F_AVG1_ADC8192;133;3.308093;5595;1952;25.27;2058;31;31;1;100;411;8192;50;0;confirmada;2026-06-02T13:01:19.697
BLOQUE_16CFG_SIN_CROTAL_20260602_130033_CFG001_CONFIG_01_-_B1F_AVG1_ADC8192;SIN_CROTAL;BLOQUE_16CFG_SIN_CROTAL_20260602_130033_CFG001_CONFIG_01_-_B1F_AVG1_ADC8192;configurations;toma con tabla personalizada de configuraciones;CONFIG 01 - B1F_AVG1_ADC8192;134;3.327478;5589;1963;23.95;2006;31;31;1;100;411;8192;50;0;confirmada;2026-06-02T13:01:19.697
BLOQUE_16CFG_SIN_CROTAL_20260602_130033_CFG001_CONFIG_01_-_B1F_AVG1_ADC8192;SIN_CROTAL;BLOQUE_16CFG_SIN_CROTAL_20260602_130033_CFG001_CONFIG_01_-_B1F_AVG1_ADC8192;configurations;toma con tabla personalizada de configuraciones;CONFIG 01 - B1F_AVG1_ADC8192;135;3.358018;5584;1962;25.01;2048;31;31;1;100;411;8192;50;0;confirmada;2026-06-02T13:01:19.697
BLOQUE_16CFG_SIN_CROTAL_20260602_130033_CFG001_CONFIG_01_-_B1F_AVG1_ADC8192;SIN_CROTAL;BLOQUE_16CFG_SIN_CROTAL_20260602_130033_CFG001_CONFIG_01_-_B1F_AVG1_ADC8192;configurations;toma con tabla personalizada de configuraciones;CONFIG 01 - B1F_AVG1_ADC8192;136;3.377647;5581;1949;24.99;2047;31;31;1;100;411;8192;50;0;confirmada;2026-06-02T13:01:19.697
BLOQUE_16CFG_SIN_CROTAL_20260602_130033_CFG001_CONFIG_01_-_B1F_AVG1_ADC8192;SIN_CROTAL;BLOQUE_16CFG_SIN_CROTAL_20260602_130033_CFG001_CONFIG_01_-_B1F_AVG1_ADC8192;configurations;toma con tabla personalizada de configuraciones;CONFIG 01 - B1F_AVG1_ADC8192;137;3.408159;5588;1969;25.47;2066;31;31;1;100;411;8192;50;0;confirmada;2026-06-02T13:01:19.697
BLOQUE_16CFG_SIN_CROTAL_20260602_130033_CFG001_CONFIG_01_-_B1F_AVG1_ADC8192;SIN_CROTAL;BLOQUE_16CFG_SIN_CROTAL_20260602_130033_CFG001_CONFIG_01_-_B1F_AVG1_ADC8192;configurations;toma con tabla personalizada de configuraciones;CONFIG 01 - B1F_AVG1_ADC8192;138;3.428014;5594;1958;25.16;2054;31;31;1;100;411;8192;50;0;confirmada;2026-06-02T13:01:19.697
BLOQUE_16CFG_SIN_CROTAL_20260602_130033_CFG001_CONFIG_01_-_B1F_AVG1_ADC8192;SIN_CROTAL;BLOQUE_16CFG_SIN_CROTAL_20260602_130033_CFG001_CONFIG_01_-_B1F_AVG1_ADC8192;configurations;toma con tabla personalizada de configuraciones;CONFIG 01 - B1F_AVG1_ADC8192;139;3.458427;5590;1951;25.04;2049;31;31;1;100;411;8192;50;0;confirmada;2026-06-02T13:01:19.697
BLOQUE_16CFG_SIN_CROTAL_20260602_130033_CFG001_CONFIG_01_-_B1F_AVG1_ADC8192;SIN_CROTAL;BLOQUE_16CFG_SIN_CROTAL_20260602_130033_CFG001_CONFIG_01_-_B1F_AVG1_ADC8192;configurations;toma con tabla personalizada de configuraciones;CONFIG 01 - B1F_AVG1_ADC8192;140;3.478529;5593;1960;24.99;2047;31;31;1;100;411;8192;50;0;confirmada;2026-06-02T13:01:19.697
BLOQUE_16CFG_SIN_CROTAL_20260602_130033_CFG001_CONFIG_01_-_B1F_AVG1_ADC8192;SIN_CROTAL;BLOQUE_16CFG_SIN_CROTAL_20260602_130033_CFG001_CONFIG_01_-_B1F_AVG1_ADC8192;configurations;toma con tabla personalizada de configuraciones;CONFIG 01 - B1F_AVG1_ADC8192;141;3.508427;5588;1962;24.96;2046;31;31;1;100;411;8192;50;0;confirmada;2026-06-02T13:01:19.697
BLOQUE_16CFG_SIN_CROTAL_20260602_130033_CFG001_CONFIG_01_-_B1F_AVG1_ADC8192;SIN_CROTAL;BLOQUE_16CFG_SIN_CROTAL_20260602_130033_CFG001_CONFIG_01_-_B1F_AVG1_ADC8192;configurations;toma con tabla personalizada de configuraciones;CONFIG 01 - B1F_AVG1_ADC8192;142;3.528731;5599;1955;24.21;2016;31;31;1;100;411;8192;50;0;confirmada;2026-06-02T13:01:19.697
BLOQUE_16CFG_SIN_CROTAL_20260602_130033_CFG001_CONFIG_01_-_B1F_AVG1_ADC8192;SIN_CROTAL;BLOQUE_16CFG_SIN_CROTAL_20260602_130033_CFG001_CONFIG_01_-_B1F_AVG1_ADC8192;configurations;toma con tabla personalizada de configuraciones;CONFIG 01 - B1F_AVG1_ADC8192;143;3.558527;5589;1967;24.26;2018;31;31;1;100;411;8192;50;0;confirmada;2026-06-02T13:01:19.697
BLOQUE_16CFG_SIN_CROTAL_20260602_130033_CFG001_CONFIG_01_-_B1F_AVG1_ADC8192;SIN_CROTAL;BLOQUE_16CFG_SIN_CROTAL_20260602_130033_CFG001_CONFIG_01_-_B1F_AVG1_ADC8192;configurations;toma con tabla personalizada de configuraciones;CONFIG 01 - B1F_AVG1_ADC8192;144;3.578434;5589;1960;25.24;2057;31;31;1;100;411;8192;50;0;confirmada;2026-06-02T13:01:19.697
BLOQUE_16CFG_SIN_CROTAL_20260602_130033_CFG001_CONFIG_01_-_B1F_AVG1_ADC8192;SIN_CROTAL;BLOQUE_16CFG_SIN_CROTAL_20260602_130033_CFG001_CONFIG_01_-_B1F_AVG1_ADC8192;configurations;toma con tabla personalizada de configuraciones;CONFIG 01 - B1F_AVG1_ADC8192;145;3.608697;5590;1957;24.58;2031;31;31;1;100;411;8192;50;0;confirmada;2026-06-02T13:01:19.697
BLOQUE_16CFG_SIN_CROTAL_20260602_130033_CFG001_CONFIG_01_-_B1F_AVG1_ADC8192;SIN_CROTAL;BLOQUE_16CFG_SIN_CROTAL_20260602_130033_CFG001_CONFIG_01_-_B1F_AVG1_ADC8192;configurations;toma con tabla personalizada de configuraciones;CONFIG 01 - B1F_AVG1_ADC8192;146;3.628762;5584;1955;25.09;2051;31;31;1;100;411;8192;50;0;confirmada;2026-06-02T13:01:19.697
BLOQUE_16CFG_SIN_CROTAL_20260602_130033_CFG001_CONFIG_01_-_B1F_AVG1_ADC8192;SIN_CROTAL;BLOQUE_16CFG_SIN_CROTAL_20260602_130033_CFG001_CONFIG_01_-_B1F_AVG1_ADC8192;configurations;toma con tabla personalizada de configuraciones;CONFIG 01 - B1F_AVG1_ADC8192;147;3.658766;5592;1946;25.14;2053;31;31;1;100;411;8192;50;0;confirmada;2026-06-02T13:01:19.697
BLOQUE_16CFG_SIN_CROTAL_20260602_130033_CFG001_CONFIG_01_-_B1F_AVG1_ADC8192;SIN_CROTAL;BLOQUE_16CFG_SIN_CROTAL_20260602_130033_CFG001_CONFIG_01_-_B1F_AVG1_ADC8192;configurations;toma con tabla personalizada de configuraciones;CONFIG 01 - B1F_AVG1_ADC8192;148;3.678862;5594;1960;24.84;2041;31;31;1;100;411;8192;50;0;confirmada;2026-06-02T13:01:19.697
BLOQUE_16CFG_SIN_CROTAL_20260602_130033_CFG001_CONFIG_01_-_B1F_AVG1_ADC8192;SIN_CROTAL;BLOQUE_16CFG_SIN_CROTAL_20260602_130033_CFG001_CONFIG_01_-_B1F_AVG1_ADC8192;configurations;toma con tabla personalizada de configuraciones;CONFIG 01 - B1F_AVG1_ADC8192;149;3.708888;5585;1958;25.01;2048;31;31;1;100;411;8192;50;0;confirmada;2026-06-02T13:01:19.697
BLOQUE_16CFG_SIN_CROTAL_20260602_130033_CFG001_CONFIG_01_-_B1F_AVG1_ADC8192;SIN_CROTAL;BLOQUE_16CFG_SIN_CROTAL_20260602_130033_CFG001_CONFIG_01_-_B1F_AVG1_ADC8192;configurations;toma con tabla personalizada de configuraciones;CONFIG 01 - B1F_AVG1_ADC8192;150;3.728500;5584;1961;25.52;2068;31;31;1;100;411;8192;50;0;confirmada;2026-06-02T13:01:19.697
BLOQUE_16CFG_SIN_CROTAL_20260602_130033_CFG001_CONFIG_01_-_B1F_AVG1_ADC8192;SIN_CROTAL;BLOQUE_16CFG_SIN_CROTAL_20260602_130033_CFG001_CONFIG_01_-_B1F_AVG1_ADC8192;configurations;toma con tabla personalizada de configuraciones;CONFIG 01 - B1F_AVG1_ADC8192;151;3.759014;5595;1966;26.00;2087;31;31;1;100;411;8192;50;0;confirmada;2026-06-02T13:01:19.697
BLOQUE_16CFG_SIN_CROTAL_20260602_130033_CFG001_CONFIG_01_-_B1F_AVG1_ADC8192;SIN_CROTAL;BLOQUE_16CFG_SIN_CROTAL_20260602_130033_CFG001_CONFIG_01_-_B1F_AVG1_ADC8192;configurations;toma con tabla personalizada de configuraciones;CONFIG 01 - B1F_AVG1_ADC8192;152;3.778934;5596;1960;25.04;2049;31;31;1;100;411;8192;50;0;confirmada;2026-06-02T13:01:19.697
BLOQUE_16CFG_SIN_CROTAL_20260602_130033_CFG001_CONFIG_01_-_B1F_AVG1_ADC8192;SIN_CROTAL;BLOQUE_16CFG_SIN_CROTAL_20260602_130033_CFG001_CONFIG_01_-_B1F_AVG1_ADC8192;configurations;toma con tabla personalizada de configuraciones;CONFIG 01 - B1F_AVG1_ADC8192;153;3.809288;5593;1956;24.86;2042;31;31;1;100;411;8192;50;0;confirmada;2026-06-02T13:01:19.697
BLOQUE_16CFG_SIN_CROTAL_20260602_130033_CFG001_CONFIG_01_-_B1F_AVG1_ADC8192;SIN_CROTAL;BLOQUE_16CFG_SIN_CROTAL_20260602_130033_CFG001_CONFIG_01_-_B1F_AVG1_ADC8192;configurations;toma con tabla personalizada de configuraciones;CONFIG 01 - B1F_AVG1_ADC8192;154;3.829379;5600;1962;25.34;2061;31;31;1;100;411;8192;50;0;confirmada;2026-06-02T13:01:19.697
BLOQUE_16CFG_SIN_CROTAL_20260602_130033_CFG001_CONFIG_01_-_B1F_AVG1_ADC8192;SIN_CROTAL;BLOQUE_16CFG_SIN_CROTAL_20260602_130033_CFG001_CONFIG_01_-_B1F_AVG1_ADC8192;configurations;toma con tabla personalizada de configuraciones;CONFIG 01 - B1F_AVG1_ADC8192;155;3.859267;5589;1956;24.51;2028;31;31;1;100;411;8192;50;0;confirmada;2026-06-02T13:01:19.697
BLOQUE_16CFG_SIN_CROTAL_20260602_130033_CFG001_CONFIG_01_-_B1F_AVG1_ADC8192;SIN_CROTAL;BLOQUE_16CFG_SIN_CROTAL_20260602_130033_CFG001_CONFIG_01_-_B1F_AVG1_ADC8192;configurations;toma con tabla personalizada de configuraciones;CONFIG 01 - B1F_AVG1_ADC8192;156;3.878773;5577;1957;25.16;2054;31;31;1;100;411;8192;50;0;confirmada;2026-06-02T13:01:19.697
BLOQUE_16CFG_SIN_CROTAL_20260602_130033_CFG001_CONFIG_01_-_B1F_AVG1_ADC8192;SIN_CROTAL;BLOQUE_16CFG_SIN_CROTAL_20260602_130033_CFG001_CONFIG_01_-_B1F_AVG1_ADC8192;configurations;toma con tabla personalizada de configuraciones;CONFIG 01 - B1F_AVG1_ADC8192;157;3.909421;5593;1962;24.81;2040;31;31;1;100;411;8192;50;0;confirmada;2026-06-02T13:01:19.697
BLOQUE_16CFG_SIN_CROTAL_20260602_130033_CFG001_CONFIG_01_-_B1F_AVG1_ADC8192;SIN_CROTAL;BLOQUE_16CFG_SIN_CROTAL_20260602_130033_CFG001_CONFIG_01_-_B1F_AVG1_ADC8192;configurations;toma con tabla personalizada de configuraciones;CONFIG 01 - B1F_AVG1_ADC8192;158;3.929468;5591;1956;24.28;2019;31;31;1;100;411;8192;50;0;confirmada;2026-06-02T13:01:19.697
BLOQUE_16CFG_SIN_CROTAL_20260602_130033_CFG001_CONFIG_01_-_B1F_AVG1_ADC8192;SIN_CROTAL;BLOQUE_16CFG_SIN_CROTAL_20260602_130033_CFG001_CONFIG_01_-_B1F_AVG1_ADC8192;configurations;toma con tabla personalizada de configuraciones;CONFIG 01 - B1F_AVG1_ADC8192;159;3.959649;5592;1956;25.04;2049;31;31;1;100;411;8192;50;0;confirmada;2026-06-02T13:01:19.697
BLOQUE_16CFG_SIN_CROTAL_20260602_130033_CFG001_CONFIG_01_-_B1F_AVG1_ADC8192;SIN_CROTAL;BLOQUE_16CFG_SIN_CROTAL_20260602_130033_CFG001_CONFIG_01_-_B1F_AVG1_ADC8192;configurations;toma con tabla personalizada de configuraciones;CONFIG 01 - B1F_AVG1_ADC8192;160;3.979954;5591;1944;24.84;2041;31;31;1;100;411;8192;50;0;confirmada;2026-06-02T13:01:19.697
BLOQUE_16CFG_SIN_CROTAL_20260602_130033_CFG001_CONFIG_01_-_B1F_AVG1_ADC8192;SIN_CROTAL;BLOQUE_16CFG_SIN_CROTAL_20260602_130033_CFG001_CONFIG_01_-_B1F_AVG1_ADC8192;configurations;toma con tabla personalizada de configuraciones;CONFIG 01 - B1F_AVG1_ADC8192;161;4.009585;5600;1957;24.81;2040;31;31;1;100;411;8192;50;0;confirmada;2026-06-02T13:01:19.697
BLOQUE_16CFG_SIN_CROTAL_20260602_130033_CFG001_CONFIG_01_-_B1F_AVG1_ADC8192;SIN_CROTAL;BLOQUE_16CFG_SIN_CROTAL_20260602_130033_CFG001_CONFIG_01_-_B1F_AVG1_ADC8192;configurations;toma con tabla personalizada de configuraciones;CONFIG 01 - B1F_AVG1_ADC8192;162;4.029915;5591;1952;24.26;2018;31;31;1;100;411;8192;50;0;confirmada;2026-06-02T13:01:19.697
BLOQUE_16CFG_SIN_CROTAL_20260602_130033_CFG001_CONFIG_01_-_B1F_AVG1_ADC8192;SIN_CROTAL;BLOQUE_16CFG_SIN_CROTAL_20260602_130033_CFG001_CONFIG_01_-_B1F_AVG1_ADC8192;configurations;toma con tabla personalizada de configuraciones;CONFIG 01 - B1F_AVG1_ADC8192;163;4.059716;5594;1969;25.37;2062;31;31;1;100;411;8192;50;0;confirmada;2026-06-02T13:01:19.697
BLOQUE_16CFG_SIN_CROTAL_20260602_130033_CFG001_CONFIG_01_-_B1F_AVG1_ADC8192;SIN_CROTAL;BLOQUE_16CFG_SIN_CROTAL_20260602_130033_CFG001_CONFIG_01_-_B1F_AVG1_ADC8192;configurations;toma con tabla personalizada de configuraciones;CONFIG 01 - B1F_AVG1_ADC8192;164;4.079721;5582;1962;24.46;2026;31;31;1;100;411;8192;50;0;confirmada;2026-06-02T13:01:19.697
BLOQUE_16CFG_SIN_CROTAL_20260602_130033_CFG001_CONFIG_01_-_B1F_AVG1_ADC8192;SIN_CROTAL;BLOQUE_16CFG_SIN_CROTAL_20260602_130033_CFG001_CONFIG_01_-_B1F_AVG1_ADC8192;configurations;toma con tabla personalizada de configuraciones;CONFIG 01 - B1F_AVG1_ADC8192;165;4.110007;5589;1960;25.39;2063;31;31;1;100;411;8192;50;0;confirmada;2026-06-02T13:01:19.697
BLOQUE_16CFG_SIN_CROTAL_20260602_130033_CFG001_CONFIG_01_-_B1F_AVG1_ADC8192;SIN_CROTAL;BLOQUE_16CFG_SIN_CROTAL_20260602_130033_CFG001_CONFIG_01_-_B1F_AVG1_ADC8192;configurations;toma con tabla personalizada de configuraciones;CONFIG 01 - B1F_AVG1_ADC8192;166;4.130406;5591;1959;25.39;2063;31;31;1;100;411;8192;50;0;confirmada;2026-06-02T13:01:19.697
BLOQUE_16CFG_SIN_CROTAL_20260602_130033_CFG001_CONFIG_01_-_B1F_AVG1_ADC8192;SIN_CROTAL;BLOQUE_16CFG_SIN_CROTAL_20260602_130033_CFG001_CONFIG_01_-_B1F_AVG1_ADC8192;configurations;toma con tabla personalizada de configuraciones;CONFIG 01 - B1F_AVG1_ADC8192;167;4.160075;5581;1955;25.42;2064;31;31;1;100;411;8192;50;0;confirmada;2026-06-02T13:01:19.697
BLOQUE_16CFG_SIN_CROTAL_20260602_130033_CFG001_CONFIG_01_-_B1F_AVG1_ADC8192;SIN_CROTAL;BLOQUE_16CFG_SIN_CROTAL_20260602_130033_CFG001_CONFIG_01_-_B1F_AVG1_ADC8192;configurations;toma con tabla personalizada de configuraciones;CONFIG 01 - B1F_AVG1_ADC8192;168;4.180233;5593;1969;25.22;2056;31;31;1;100;411;8192;50;0;confirmada;2026-06-02T13:01:19.698
BLOQUE_16CFG_SIN_CROTAL_20260602_130033_CFG001_CONFIG_01_-_B1F_AVG1_ADC8192;SIN_CROTAL;BLOQUE_16CFG_SIN_CROTAL_20260602_130033_CFG001_CONFIG_01_-_B1F_AVG1_ADC8192;configurations;toma con tabla personalizada de configuraciones;CONFIG 01 - B1F_AVG1_ADC8192;169;4.210115;5594;1960;25.09;2051;31;31;1;100;411;8192;50;0;confirmada;2026-06-02T13:01:19.698
BLOQUE_16CFG_SIN_CROTAL_20260602_130033_CFG001_CONFIG_01_-_B1F_AVG1_ADC8192;SIN_CROTAL;BLOQUE_16CFG_SIN_CROTAL_20260602_130033_CFG001_CONFIG_01_-_B1F_AVG1_ADC8192;configurations;toma con tabla personalizada de configuraciones;CONFIG 01 - B1F_AVG1_ADC8192;170;4.230050;5592;1956;24.48;2027;31;31;1;100;411;8192;50;0;confirmada;2026-06-02T13:01:19.698
BLOQUE_16CFG_SIN_CROTAL_20260602_130033_CFG001_CONFIG_01_-_B1F_AVG1_ADC8192;SIN_CROTAL;BLOQUE_16CFG_SIN_CROTAL_20260602_130033_CFG001_CONFIG_01_-_B1F_AVG1_ADC8192;configurations;toma con tabla personalizada de configuraciones;CONFIG 01 - B1F_AVG1_ADC8192;171;4.260280;5591;1959;25.37;2062;31;31;1;100;411;8192;50;0;confirmada;2026-06-02T13:01:19.698
BLOQUE_16CFG_SIN_CROTAL_20260602_130033_CFG001_CONFIG_01_-_B1F_AVG1_ADC8192;SIN_CROTAL;BLOQUE_16CFG_SIN_CROTAL_20260602_130033_CFG001_CONFIG_01_-_B1F_AVG1_ADC8192;configurations;toma con tabla personalizada de configuraciones;CONFIG 01 - B1F_AVG1_ADC8192;172;4.279972;5594;1949;24.71;2036;31;31;1;100;411;8192;50;0;confirmada;2026-06-02T13:01:19.698
BLOQUE_16CFG_SIN_CROTAL_20260602_130033_CFG001_CONFIG_01_-_B1F_AVG1_ADC8192;SIN_CROTAL;BLOQUE_16CFG_SIN_CROTAL_20260602_130033_CFG001_CONFIG_01_-_B1F_AVG1_ADC8192;configurations;toma con tabla personalizada de configuraciones;CONFIG 01 - B1F_AVG1_ADC8192;173;4.310430;5608;1958;25.14;2053;31;31;1;100;411;8192;50;0;confirmada;2026-06-02T13:01:19.698
BLOQUE_16CFG_SIN_CROTAL_20260602_130033_CFG001_CONFIG_01_-_B1F_AVG1_ADC8192;SIN_CROTAL;BLOQUE_16CFG_SIN_CROTAL_20260602_130033_CFG001_CONFIG_01_-_B1F_AVG1_ADC8192;configurations;toma con tabla personalizada de configuraciones;CONFIG 01 - B1F_AVG1_ADC8192;174;4.330454;5592;1950;24.51;2028;31;31;1;100;411;8192;50;0;confirmada;2026-06-02T13:01:19.698
BLOQUE_16CFG_SIN_CROTAL_20260602_130033_CFG001_CONFIG_01_-_B1F_AVG1_ADC8192;SIN_CROTAL;BLOQUE_16CFG_SIN_CROTAL_20260602_130033_CFG001_CONFIG_01_-_B1F_AVG1_ADC8192;configurations;toma con tabla personalizada de configuraciones;CONFIG 01 - B1F_AVG1_ADC8192;175;4.360560;5593;1952;24.99;2047;31;31;1;100;411;8192;50;0;confirmada;2026-06-02T13:01:19.698
BLOQUE_16CFG_SIN_CROTAL_20260602_130033_CFG001_CONFIG_01_-_B1F_AVG1_ADC8192;SIN_CROTAL;BLOQUE_16CFG_SIN_CROTAL_20260602_130033_CFG001_CONFIG_01_-_B1F_AVG1_ADC8192;configurations;toma con tabla personalizada de configuraciones;CONFIG 01 - B1F_AVG1_ADC8192;176;4.380322;5586;1961;24.96;2046;31;31;1;100;411;8192;50;0;confirmada;2026-06-02T13:01:19.698
BLOQUE_16CFG_SIN_CROTAL_20260602_130033_CFG001_CONFIG_01_-_B1F_AVG1_ADC8192;SIN_CROTAL;BLOQUE_16CFG_SIN_CROTAL_20260602_130033_CFG001_CONFIG_01_-_B1F_AVG1_ADC8192;configurations;toma con tabla personalizada de configuraciones;CONFIG 01 - B1F_AVG1_ADC8192;177;4.410622;5598;1955;25.32;2060;31;31;1;100;411;8192;50;0;confirmada;2026-06-02T13:01:19.698
BLOQUE_16CFG_SIN_CROTAL_20260602_130033_CFG001_CONFIG_01_-_B1F_AVG1_ADC8192;SIN_CROTAL;BLOQUE_16CFG_SIN_CROTAL_20260602_130033_CFG001_CONFIG_01_-_B1F_AVG1_ADC8192;configurations;toma con tabla personalizada de configuraciones;CONFIG 01 - B1F_AVG1_ADC8192;178;4.430482;5599;1966;25.09;2051;31;31;1;100;411;8192;50;0;confirmada;2026-06-02T13:01:19.698
BLOQUE_16CFG_SIN_CROTAL_20260602_130033_CFG001_CONFIG_01_-_B1F_AVG1_ADC8192;SIN_CROTAL;BLOQUE_16CFG_SIN_CROTAL_20260602_130033_CFG001_CONFIG_01_-_B1F_AVG1_ADC8192;configurations;toma con tabla personalizada de configuraciones;CONFIG 01 - B1F_AVG1_ADC8192;179;4.460628;5597;1962;25.22;2056;31;31;1;100;411;8192;50;0;confirmada;2026-06-02T13:01:19.698
BLOQUE_16CFG_SIN_CROTAL_20260602_130033_CFG001_CONFIG_01_-_B1F_AVG1_ADC8192;SIN_CROTAL;BLOQUE_16CFG_SIN_CROTAL_20260602_130033_CFG001_CONFIG_01_-_B1F_AVG1_ADC8192;configurations;toma con tabla personalizada de configuraciones;CONFIG 01 - B1F_AVG1_ADC8192;180;4.480513;5597;1954;24.84;2041;31;31;1;100;411;8192;50;0;confirmada;2026-06-02T13:01:19.698
BLOQUE_16CFG_SIN_CROTAL_20260602_130033_CFG001_CONFIG_01_-_B1F_AVG1_ADC8192;SIN_CROTAL;BLOQUE_16CFG_SIN_CROTAL_20260602_130033_CFG001_CONFIG_01_-_B1F_AVG1_ADC8192;configurations;toma con tabla personalizada de configuraciones;CONFIG 01 - B1F_AVG1_ADC8192;181;4.510792;5595;1962;24.94;2045;31;31;1;100;411;8192;50;0;confirmada;2026-06-02T13:01:19.698
BLOQUE_16CFG_SIN_CROTAL_20260602_130033_CFG001_CONFIG_01_-_B1F_AVG1_ADC8192;SIN_CROTAL;BLOQUE_16CFG_SIN_CROTAL_20260602_130033_CFG001_CONFIG_01_-_B1F_AVG1_ADC8192;configurations;toma con tabla personalizada de configuraciones;CONFIG 01 - B1F_AVG1_ADC8192;182;4.531327;5592;1946;25.22;2056;31;31;1;100;411;8192;50;0;confirmada;2026-06-02T13:01:19.698
BLOQUE_16CFG_SIN_CROTAL_20260602_130033_CFG001_CONFIG_01_-_B1F_AVG1_ADC8192;SIN_CROTAL;BLOQUE_16CFG_SIN_CROTAL_20260602_130033_CFG001_CONFIG_01_-_B1F_AVG1_ADC8192;configurations;toma con tabla personalizada de configuraciones;CONFIG 01 - B1F_AVG1_ADC8192;183;4.560874;5596;1968;24.46;2026;31;31;1;100;411;8192;50;0;confirmada;2026-06-02T13:01:19.698
BLOQUE_16CFG_SIN_CROTAL_20260602_130033_CFG001_CONFIG_01_-_B1F_AVG1_ADC8192;SIN_CROTAL;BLOQUE_16CFG_SIN_CROTAL_20260602_130033_CFG001_CONFIG_01_-_B1F_AVG1_ADC8192;configurations;toma con tabla personalizada de configuraciones;CONFIG 01 - B1F_AVG1_ADC8192;184;4.580514;5580;1957;25.34;2061;31;31;1;100;411;8192;50;0;confirmada;2026-06-02T13:01:19.698
BLOQUE_16CFG_SIN_CROTAL_20260602_130033_CFG001_CONFIG_01_-_B1F_AVG1_ADC8192;SIN_CROTAL;BLOQUE_16CFG_SIN_CROTAL_20260602_130033_CFG001_CONFIG_01_-_B1F_AVG1_ADC8192;configurations;toma con tabla personalizada de configuraciones;CONFIG 01 - B1F_AVG1_ADC8192;185;4.611126;5594;1954;24.56;2030;31;31;1;100;411;8192;50;0;confirmada;2026-06-02T13:01:19.698
BLOQUE_16CFG_SIN_CROTAL_20260602_130033_CFG001_CONFIG_01_-_B1F_AVG1_ADC8192;SIN_CROTAL;BLOQUE_16CFG_SIN_CROTAL_20260602_130033_CFG001_CONFIG_01_-_B1F_AVG1_ADC8192;configurations;toma con tabla personalizada de configuraciones;CONFIG 01 - B1F_AVG1_ADC8192;186;4.631309;5596;1954;24.68;2035;31;31;1;100;411;8192;50;0;confirmada;2026-06-02T13:01:19.698
BLOQUE_16CFG_SIN_CROTAL_20260602_130033_CFG001_CONFIG_01_-_B1F_AVG1_ADC8192;SIN_CROTAL;BLOQUE_16CFG_SIN_CROTAL_20260602_130033_CFG001_CONFIG_01_-_B1F_AVG1_ADC8192;configurations;toma con tabla personalizada de configuraciones;CONFIG 01 - B1F_AVG1_ADC8192;187;4.661275;5593;1963;24.99;2047;31;31;1;100;411;8192;50;0;confirmada;2026-06-02T13:01:19.698
BLOQUE_16CFG_SIN_CROTAL_20260602_130033_CFG001_CONFIG_01_-_B1F_AVG1_ADC8192;SIN_CROTAL;BLOQUE_16CFG_SIN_CROTAL_20260602_130033_CFG001_CONFIG_01_-_B1F_AVG1_ADC8192;configurations;toma con tabla personalizada de configuraciones;CONFIG 01 - B1F_AVG1_ADC8192;188;4.681273;5584;1961;24.33;2021;31;31;1;100;411;8192;50;0;confirmada;2026-06-02T13:01:19.698
BLOQUE_16CFG_SIN_CROTAL_20260602_130033_CFG001_CONFIG_01_-_B1F_AVG1_ADC8192;SIN_CROTAL;BLOQUE_16CFG_SIN_CROTAL_20260602_130033_CFG001_CONFIG_01_-_B1F_AVG1_ADC8192;configurations;toma con tabla personalizada de configuraciones;CONFIG 01 - B1F_AVG1_ADC8192;189;4.711286;5592;1961;25.09;2051;31;31;1;100;411;8192;50;0;confirmada;2026-06-02T13:01:19.698
BLOQUE_16CFG_SIN_CROTAL_20260602_130033_CFG001_CONFIG_01_-_B1F_AVG1_ADC8192;SIN_CROTAL;BLOQUE_16CFG_SIN_CROTAL_20260602_130033_CFG001_CONFIG_01_-_B1F_AVG1_ADC8192;configurations;toma con tabla personalizada de configuraciones;CONFIG 01 - B1F_AVG1_ADC8192;190;4.731597;5602;1948;25.60;2071;31;31;1;100;411;8192;50;0;confirmada;2026-06-02T13:01:19.698
BLOQUE_16CFG_SIN_CROTAL_20260602_130033_CFG001_CONFIG_01_-_B1F_AVG1_ADC8192;SIN_CROTAL;BLOQUE_16CFG_SIN_CROTAL_20260602_130033_CFG001_CONFIG_01_-_B1F_AVG1_ADC8192;configurations;toma con tabla personalizada de configuraciones;CONFIG 01 - B1F_AVG1_ADC8192;191;4.761391;5589;1963;24.33;2021;31;31;1;100;411;8192;50;0;confirmada;2026-06-02T13:01:19.698
BLOQUE_16CFG_SIN_CROTAL_20260602_130033_CFG001_CONFIG_01_-_B1F_AVG1_ADC8192;SIN_CROTAL;BLOQUE_16CFG_SIN_CROTAL_20260602_130033_CFG001_CONFIG_01_-_B1F_AVG1_ADC8192;configurations;toma con tabla personalizada de configuraciones;CONFIG 01 - B1F_AVG1_ADC8192;192;4.781547;5586;1962;24.86;2042;31;31;1;100;411;8192;50;0;confirmada;2026-06-02T13:01:19.698
BLOQUE_16CFG_SIN_CROTAL_20260602_130033_CFG001_CONFIG_01_-_B1F_AVG1_ADC8192;SIN_CROTAL;BLOQUE_16CFG_SIN_CROTAL_20260602_130033_CFG001_CONFIG_01_-_B1F_AVG1_ADC8192;configurations;toma con tabla personalizada de configuraciones;CONFIG 01 - B1F_AVG1_ADC8192;193;4.811573;5595;1957;24.36;2022;31;31;1;100;411;8192;50;0;confirmada;2026-06-02T13:01:19.698
BLOQUE_16CFG_SIN_CROTAL_20260602_130033_CFG001_CONFIG_01_-_B1F_AVG1_ADC8192;SIN_CROTAL;BLOQUE_16CFG_SIN_CROTAL_20260602_130033_CFG001_CONFIG_01_-_B1F_AVG1_ADC8192;configurations;toma con tabla personalizada de configuraciones;CONFIG 01 - B1F_AVG1_ADC8192;194;4.832071;5597;1957;24.63;2033;31;31;1;100;411;8192;50;0;confirmada;2026-06-02T13:01:19.698
BLOQUE_16CFG_SIN_CROTAL_20260602_130033_CFG001_CONFIG_01_-_B1F_AVG1_ADC8192;SIN_CROTAL;BLOQUE_16CFG_SIN_CROTAL_20260602_130033_CFG001_CONFIG_01_-_B1F_AVG1_ADC8192;configurations;toma con tabla personalizada de configuraciones;CONFIG 01 - B1F_AVG1_ADC8192;195;4.861593;5595;1952;25.80;2079;31;31;1;100;411;8192;50;0;confirmada;2026-06-02T13:01:19.698
BLOQUE_16CFG_SIN_CROTAL_20260602_130033_CFG001_CONFIG_01_-_B1F_AVG1_ADC8192;SIN_CROTAL;BLOQUE_16CFG_SIN_CROTAL_20260602_130033_CFG001_CONFIG_01_-_B1F_AVG1_ADC8192;configurations;toma con tabla personalizada de configuraciones;CONFIG 01 - B1F_AVG1_ADC8192;196;4.881620;5590;1956;24.99;2047;31;31;1;100;411;8192;50;0;confirmada;2026-06-02T13:01:19.698
BLOQUE_16CFG_SIN_CROTAL_20260602_130033_CFG001_CONFIG_01_-_B1F_AVG1_ADC8192;SIN_CROTAL;BLOQUE_16CFG_SIN_CROTAL_20260602_130033_CFG001_CONFIG_01_-_B1F_AVG1_ADC8192;configurations;toma con tabla personalizada de configuraciones;CONFIG 01 - B1F_AVG1_ADC8192;197;4.911935;5588;1959;24.89;2043;31;31;1;100;411;8192;50;0;confirmada;2026-06-02T13:01:19.698
BLOQUE_16CFG_SIN_CROTAL_20260602_130033_CFG001_CONFIG_01_-_B1F_AVG1_ADC8192;SIN_CROTAL;BLOQUE_16CFG_SIN_CROTAL_20260602_130033_CFG001_CONFIG_01_-_B1F_AVG1_ADC8192;configurations;toma con tabla personalizada de configuraciones;CONFIG 01 - B1F_AVG1_ADC8192;198;4.931546;5592;1952;24.28;2019;31;31;1;100;411;8192;50;0;confirmada;2026-06-02T13:01:19.698
BLOQUE_16CFG_SIN_CROTAL_20260602_130033_CFG001_CONFIG_01_-_B1F_AVG1_ADC8192;SIN_CROTAL;BLOQUE_16CFG_SIN_CROTAL_20260602_130033_CFG001_CONFIG_01_-_B1F_AVG1_ADC8192;configurations;toma con tabla personalizada de configuraciones;CONFIG 01 - B1F_AVG1_ADC8192;199;4.961940;5597;1961;25.54;2069;31;31;1;100;411;8192;50;0;confirmada;2026-06-02T13:01:19.698
BLOQUE_16CFG_SIN_CROTAL_20260602_130033_CFG001_CONFIG_01_-_B1F_AVG1_ADC8192;SIN_CROTAL;BLOQUE_16CFG_SIN_CROTAL_20260602_130033_CFG001_CONFIG_01_-_B1F_AVG1_ADC8192;configurations;toma con tabla personalizada de configuraciones;CONFIG 01 - B1F_AVG1_ADC8192;200;4.982082;5596;1959;25.04;2049;31;31;1;100;411;8192;50;0;confirmada;2026-06-02T13:01:19.698
BLOQUE_16CFG_SIN_CROTAL_20260602_130033_CFG001_CONFIG_01_-_B1F_AVG1_ADC8192;SIN_CROTAL;BLOQUE_16CFG_SIN_CROTAL_20260602_130033_CFG001_CONFIG_01_-_B1F_AVG1_ADC8192;configurations;toma con tabla personalizada de configuraciones;CONFIG 01 - B1F_AVG1_ADC8192;201;5.012039;5591;1960;25.16;2054;31;31;1;100;411;8192;50;0;confirmada;2026-06-02T13:01:19.698
BLOQUE_16CFG_SIN_CROTAL_20260602_130033_CFG001_CONFIG_01_-_B1F_AVG1_ADC8192;SIN_CROTAL;BLOQUE_16CFG_SIN_CROTAL_20260602_130033_CFG001_CONFIG_01_-_B1F_AVG1_ADC8192;configurations;toma con tabla personalizada de configuraciones;CONFIG 01 - B1F_AVG1_ADC8192;202;5.031978;5591;1953;24.89;2043;31;31;1;100;411;8192;50;0;confirmada;2026-06-02T13:01:19.698
BLOQUE_16CFG_SIN_CROTAL_20260602_130033_CFG001_CONFIG_01_-_B1F_AVG1_ADC8192;SIN_CROTAL;BLOQUE_16CFG_SIN_CROTAL_20260602_130033_CFG001_CONFIG_01_-_B1F_AVG1_ADC8192;configurations;toma con tabla personalizada de configuraciones;CONFIG 01 - B1F_AVG1_ADC8192;203;5.062188;5592;1958;24.96;2046;31;31;1;100;411;8192;50;0;confirmada;2026-06-02T13:01:19.698
BLOQUE_16CFG_SIN_CROTAL_20260602_130033_CFG001_CONFIG_01_-_B1F_AVG1_ADC8192;SIN_CROTAL;BLOQUE_16CFG_SIN_CROTAL_20260602_130033_CFG001_CONFIG_01_-_B1F_AVG1_ADC8192;configurations;toma con tabla personalizada de configuraciones;CONFIG 01 - B1F_AVG1_ADC8192;204;5.082129;5601;1955;24.68;2035;31;31;1;100;411;8192;50;0;confirmada;2026-06-02T13:01:19.698
BLOQUE_16CFG_SIN_CROTAL_20260602_130033_CFG001_CONFIG_01_-_B1F_AVG1_ADC8192;SIN_CROTAL;BLOQUE_16CFG_SIN_CROTAL_20260602_130033_CFG001_CONFIG_01_-_B1F_AVG1_ADC8192;configurations;toma con tabla personalizada de configuraciones;CONFIG 01 - B1F_AVG1_ADC8192;205;5.112213;5598;1964;25.39;2063;31;31;1;100;411;8192;50;0;confirmada;2026-06-02T13:01:19.698
BLOQUE_16CFG_SIN_CROTAL_20260602_130033_CFG001_CONFIG_01_-_B1F_AVG1_ADC8192;SIN_CROTAL;BLOQUE_16CFG_SIN_CROTAL_20260602_130033_CFG001_CONFIG_01_-_B1F_AVG1_ADC8192;configurations;toma con tabla personalizada de configuraciones;CONFIG 01 - B1F_AVG1_ADC8192;206;5.131786;5589;1956;24.79;2039;31;31;1;100;411;8192;50;0;confirmada;2026-06-02T13:01:19.698
BLOQUE_16CFG_SIN_CROTAL_20260602_130033_CFG001_CONFIG_01_-_B1F_AVG1_ADC8192;SIN_CROTAL;BLOQUE_16CFG_SIN_CROTAL_20260602_130033_CFG001_CONFIG_01_-_B1F_AVG1_ADC8192;configurations;toma con tabla personalizada de configuraciones;CONFIG 01 - B1F_AVG1_ADC8192;207;5.162528;5580;1949;24.91;2044;31;31;1;100;411;8192;50;0;confirmada;2026-06-02T13:01:19.698
BLOQUE_16CFG_SIN_CROTAL_20260602_130033_CFG001_CONFIG_01_-_B1F_AVG1_ADC8192;SIN_CROTAL;BLOQUE_16CFG_SIN_CROTAL_20260602_130033_CFG001_CONFIG_01_-_B1F_AVG1_ADC8192;configurations;toma con tabla personalizada de configuraciones;CONFIG 01 - B1F_AVG1_ADC8192;208;5.182453;5598;1960;24.05;2010;31;31;1;100;411;8192;50;0;confirmada;2026-06-02T13:01:19.698
BLOQUE_16CFG_SIN_CROTAL_20260602_130033_CFG001_CONFIG_01_-_B1F_AVG1_ADC8192;SIN_CROTAL;BLOQUE_16CFG_SIN_CROTAL_20260602_130033_CFG001_CONFIG_01_-_B1F_AVG1_ADC8192;configurations;toma con tabla personalizada de configuraciones;CONFIG 01 - B1F_AVG1_ADC8192;209;5.212579;5590;1956;24.63;2033;31;31;1;100;411;8192;50;0;confirmada;2026-06-02T13:01:19.698
BLOQUE_16CFG_SIN_CROTAL_20260602_130033_CFG001_CONFIG_01_-_B1F_AVG1_ADC8192;SIN_CROTAL;BLOQUE_16CFG_SIN_CROTAL_20260602_130033_CFG001_CONFIG_01_-_B1F_AVG1_ADC8192;configurations;toma con tabla personalizada de configuraciones;CONFIG 01 - B1F_AVG1_ADC8192;210;5.232445;5599;1960;24.86;2042;31;31;1;100;411;8192;50;0;confirmada;2026-06-02T13:01:19.698
BLOQUE_16CFG_SIN_CROTAL_20260602_130033_CFG001_CONFIG_01_-_B1F_AVG1_ADC8192;SIN_CROTAL;BLOQUE_16CFG_SIN_CROTAL_20260602_130033_CFG001_CONFIG_01_-_B1F_AVG1_ADC8192;configurations;toma con tabla personalizada de configuraciones;CONFIG 01 - B1F_AVG1_ADC8192;211;5.262668;5599;1959;24.79;2039;31;31;1;100;411;8192;50;0;confirmada;2026-06-02T13:01:19.698
BLOQUE_16CFG_SIN_CROTAL_20260602_130033_CFG001_CONFIG_01_-_B1F_AVG1_ADC8192;SIN_CROTAL;BLOQUE_16CFG_SIN_CROTAL_20260602_130033_CFG001_CONFIG_01_-_B1F_AVG1_ADC8192;configurations;toma con tabla personalizada de configuraciones;CONFIG 01 - B1F_AVG1_ADC8192;212;5.282253;5588;1959;24.91;2044;31;31;1;100;411;8192;50;0;confirmada;2026-06-02T13:01:19.698
BLOQUE_16CFG_SIN_CROTAL_20260602_130033_CFG001_CONFIG_01_-_B1F_AVG1_ADC8192;SIN_CROTAL;BLOQUE_16CFG_SIN_CROTAL_20260602_130033_CFG001_CONFIG_01_-_B1F_AVG1_ADC8192;configurations;toma con tabla personalizada de configuraciones;CONFIG 01 - B1F_AVG1_ADC8192;213;5.312881;5586;1955;25.04;2049;31;31;1;100;411;8192;50;0;confirmada;2026-06-02T13:01:19.698
BLOQUE_16CFG_SIN_CROTAL_20260602_130033_CFG001_CONFIG_01_-_B1F_AVG1_ADC8192;SIN_CROTAL;BLOQUE_16CFG_SIN_CROTAL_20260602_130033_CFG001_CONFIG_01_-_B1F_AVG1_ADC8192;configurations;toma con tabla personalizada de configuraciones;CONFIG 01 - B1F_AVG1_ADC8192;214;5.332929;5608;1958;25.22;2056;31;31;1;100;411;8192;50;0;confirmada;2026-06-02T13:01:19.698
BLOQUE_16CFG_SIN_CROTAL_20260602_130033_CFG001_CONFIG_01_-_B1F_AVG1_ADC8192;SIN_CROTAL;BLOQUE_16CFG_SIN_CROTAL_20260602_130033_CFG001_CONFIG_01_-_B1F_AVG1_ADC8192;configurations;toma con tabla personalizada de configuraciones;CONFIG 01 - B1F_AVG1_ADC8192;215;5.362907;5596;1964;25.22;2056;31;31;1;100;411;8192;50;0;confirmada;2026-06-02T13:01:19.698
BLOQUE_16CFG_SIN_CROTAL_20260602_130033_CFG001_CONFIG_01_-_B1F_AVG1_ADC8192;SIN_CROTAL;BLOQUE_16CFG_SIN_CROTAL_20260602_130033_CFG001_CONFIG_01_-_B1F_AVG1_ADC8192;configurations;toma con tabla personalizada de configuraciones;CONFIG 01 - B1F_AVG1_ADC8192;216;5.382814;5596;1965;25.09;2051;31;31;1;100;411;8192;50;0;confirmada;2026-06-02T13:01:19.698
BLOQUE_16CFG_SIN_CROTAL_20260602_130033_CFG001_CONFIG_01_-_B1F_AVG1_ADC8192;SIN_CROTAL;BLOQUE_16CFG_SIN_CROTAL_20260602_130033_CFG001_CONFIG_01_-_B1F_AVG1_ADC8192;configurations;toma con tabla personalizada de configuraciones;CONFIG 01 - B1F_AVG1_ADC8192;217;5.413129;5603;1955;25.09;2051;31;31;1;100;411;8192;50;0;confirmada;2026-06-02T13:01:19.698
BLOQUE_16CFG_SIN_CROTAL_20260602_130033_CFG001_CONFIG_01_-_B1F_AVG1_ADC8192;SIN_CROTAL;BLOQUE_16CFG_SIN_CROTAL_20260602_130033_CFG001_CONFIG_01_-_B1F_AVG1_ADC8192;configurations;toma con tabla personalizada de configuraciones;CONFIG 01 - B1F_AVG1_ADC8192;218;5.433241;5597;1956;25.06;2050;31;31;1;100;411;8192;50;0;confirmada;2026-06-02T13:01:19.698
BLOQUE_16CFG_SIN_CROTAL_20260602_130033_CFG001_CONFIG_01_-_B1F_AVG1_ADC8192;SIN_CROTAL;BLOQUE_16CFG_SIN_CROTAL_20260602_130033_CFG001_CONFIG_01_-_B1F_AVG1_ADC8192;configurations;toma con tabla personalizada de configuraciones;CONFIG 01 - B1F_AVG1_ADC8192;219;5.463060;5591;1960;24.99;2047;31;31;1;100;411;8192;50;0;confirmada;2026-06-02T13:01:19.698
BLOQUE_16CFG_SIN_CROTAL_20260602_130033_CFG001_CONFIG_01_-_B1F_AVG1_ADC8192;SIN_CROTAL;BLOQUE_16CFG_SIN_CROTAL_20260602_130033_CFG001_CONFIG_01_-_B1F_AVG1_ADC8192;configurations;toma con tabla personalizada de configuraciones;CONFIG 01 - B1F_AVG1_ADC8192;220;5.483499;5590;1958;24.33;2021;31;31;1;100;411;8192;50;0;confirmada;2026-06-02T13:01:19.698
BLOQUE_16CFG_SIN_CROTAL_20260602_130033_CFG001_CONFIG_01_-_B1F_AVG1_ADC8192;SIN_CROTAL;BLOQUE_16CFG_SIN_CROTAL_20260602_130033_CFG001_CONFIG_01_-_B1F_AVG1_ADC8192;configurations;toma con tabla personalizada de configuraciones;CONFIG 01 - B1F_AVG1_ADC8192;221;5.513241;5592;1965;25.60;2071;31;31;1;100;411;8192;50;0;confirmada;2026-06-02T13:01:19.698
BLOQUE_16CFG_SIN_CROTAL_20260602_130033_CFG001_CONFIG_01_-_B1F_AVG1_ADC8192;SIN_CROTAL;BLOQUE_16CFG_SIN_CROTAL_20260602_130033_CFG001_CONFIG_01_-_B1F_AVG1_ADC8192;configurations;toma con tabla personalizada de configuraciones;CONFIG 01 - B1F_AVG1_ADC8192;222;5.533434;5599;1957;24.58;2031;31;31;1;100;411;8192;50;0;confirmada;2026-06-02T13:01:19.698
BLOQUE_16CFG_SIN_CROTAL_20260602_130033_CFG001_CONFIG_01_-_B1F_AVG1_ADC8192;SIN_CROTAL;BLOQUE_16CFG_SIN_CROTAL_20260602_130033_CFG001_CONFIG_01_-_B1F_AVG1_ADC8192;configurations;toma con tabla personalizada de configuraciones;CONFIG 01 - B1F_AVG1_ADC8192;223;5.563364;5593;1958;24.33;2021;31;31;1;100;411;8192;50;0;confirmada;2026-06-02T13:01:19.698
BLOQUE_16CFG_SIN_CROTAL_20260602_130033_CFG001_CONFIG_01_-_B1F_AVG1_ADC8192;SIN_CROTAL;BLOQUE_16CFG_SIN_CROTAL_20260602_130033_CFG001_CONFIG_01_-_B1F_AVG1_ADC8192;configurations;toma con tabla personalizada de configuraciones;CONFIG 01 - B1F_AVG1_ADC8192;224;5.583832;5596;1945;24.89;2043;31;31;1;100;411;8192;50;0;confirmada;2026-06-02T13:01:19.698
BLOQUE_16CFG_SIN_CROTAL_20260602_130033_CFG001_CONFIG_01_-_B1F_AVG1_ADC8192;SIN_CROTAL;BLOQUE_16CFG_SIN_CROTAL_20260602_130033_CFG001_CONFIG_01_-_B1F_AVG1_ADC8192;configurations;toma con tabla personalizada de configuraciones;CONFIG 01 - B1F_AVG1_ADC8192;225;5.613624;5604;1956;24.86;2042;31;31;1;100;411;8192;50;0;confirmada;2026-06-02T13:01:19.698
BLOQUE_16CFG_SIN_CROTAL_20260602_130033_CFG001_CONFIG_01_-_B1F_AVG1_ADC8192;SIN_CROTAL;BLOQUE_16CFG_SIN_CROTAL_20260602_130033_CFG001_CONFIG_01_-_B1F_AVG1_ADC8192;configurations;toma con tabla personalizada de configuraciones;CONFIG 01 - B1F_AVG1_ADC8192;226;5.633434;5600;1963;25.52;2068;31;31;1;100;411;8192;50;0;confirmada;2026-06-02T13:01:19.698
BLOQUE_16CFG_SIN_CROTAL_20260602_130033_CFG001_CONFIG_01_-_B1F_AVG1_ADC8192;SIN_CROTAL;BLOQUE_16CFG_SIN_CROTAL_20260602_130033_CFG001_CONFIG_01_-_B1F_AVG1_ADC8192;configurations;toma con tabla personalizada de configuraciones;CONFIG 01 - B1F_AVG1_ADC8192;227;5.663573;5595;1955;25.19;2055;31;31;1;100;411;8192;50;0;confirmada;2026-06-02T13:01:19.698
BLOQUE_16CFG_SIN_CROTAL_20260602_130033_CFG001_CONFIG_01_-_B1F_AVG1_ADC8192;SIN_CROTAL;BLOQUE_16CFG_SIN_CROTAL_20260602_130033_CFG001_CONFIG_01_-_B1F_AVG1_ADC8192;configurations;toma con tabla personalizada de configuraciones;CONFIG 01 - B1F_AVG1_ADC8192;228;5.683518;5597;1965;23.95;2006;31;31;1;100;411;8192;50;0;confirmada;2026-06-02T13:01:19.698
BLOQUE_16CFG_SIN_CROTAL_20260602_130033_CFG001_CONFIG_01_-_B1F_AVG1_ADC8192;SIN_CROTAL;BLOQUE_16CFG_SIN_CROTAL_20260602_130033_CFG001_CONFIG_01_-_B1F_AVG1_ADC8192;configurations;toma con tabla personalizada de configuraciones;CONFIG 01 - B1F_AVG1_ADC8192;229;5.713819;5592;1962;25.27;2058;31;31;1;100;411;8192;50;0;confirmada;2026-06-02T13:01:19.698
BLOQUE_16CFG_SIN_CROTAL_20260602_130033_CFG001_CONFIG_01_-_B1F_AVG1_ADC8192;SIN_CROTAL;BLOQUE_16CFG_SIN_CROTAL_20260602_130033_CFG001_CONFIG_01_-_B1F_AVG1_ADC8192;configurations;toma con tabla personalizada de configuraciones;CONFIG 01 - B1F_AVG1_ADC8192;230;5.733316;5592;1952;25.54;2069;31;31;1;100;411;8192;50;0;confirmada;2026-06-02T13:01:19.698
BLOQUE_16CFG_SIN_CROTAL_20260602_130033_CFG001_CONFIG_01_-_B1F_AVG1_ADC8192;SIN_CROTAL;BLOQUE_16CFG_SIN_CROTAL_20260602_130033_CFG001_CONFIG_01_-_B1F_AVG1_ADC8192;configurations;toma con tabla personalizada de configuraciones;CONFIG 01 - B1F_AVG1_ADC8192;231;5.763937;5587;1953;25.24;2057;31;31;1;100;411;8192;50;0;confirmada;2026-06-02T13:01:19.698
BLOQUE_16CFG_SIN_CROTAL_20260602_130033_CFG001_CONFIG_01_-_B1F_AVG1_ADC8192;SIN_CROTAL;BLOQUE_16CFG_SIN_CROTAL_20260602_130033_CFG001_CONFIG_01_-_B1F_AVG1_ADC8192;configurations;toma con tabla personalizada de configuraciones;CONFIG 01 - B1F_AVG1_ADC8192;232;5.784428;5597;1949;24.16;2014;31;31;1;100;411;8192;50;0;confirmada;2026-06-02T13:01:19.698
BLOQUE_16CFG_SIN_CROTAL_20260602_130033_CFG001_CONFIG_01_-_B1F_AVG1_ADC8192;SIN_CROTAL;BLOQUE_16CFG_SIN_CROTAL_20260602_130033_CFG001_CONFIG_01_-_B1F_AVG1_ADC8192;configurations;toma con tabla personalizada de configuraciones;CONFIG 01 - B1F_AVG1_ADC8192;233;5.813938;5590;1961;25.11;2052;31;31;1;100;411;8192;50;0;confirmada;2026-06-02T13:01:19.698
BLOQUE_16CFG_SIN_CROTAL_20260602_130033_CFG001_CONFIG_01_-_B1F_AVG1_ADC8192;SIN_CROTAL;BLOQUE_16CFG_SIN_CROTAL_20260602_130033_CFG001_CONFIG_01_-_B1F_AVG1_ADC8192;configurations;toma con tabla personalizada de configuraciones;CONFIG 01 - B1F_AVG1_ADC8192;234;5.833994;5591;1964;24.79;2039;31;31;1;100;411;8192;50;0;confirmada;2026-06-02T13:01:19.698
BLOQUE_16CFG_SIN_CROTAL_20260602_130033_CFG001_CONFIG_01_-_B1F_AVG1_ADC8192;SIN_CROTAL;BLOQUE_16CFG_SIN_CROTAL_20260602_130033_CFG001_CONFIG_01_-_B1F_AVG1_ADC8192;configurations;toma con tabla personalizada de configuraciones;CONFIG 01 - B1F_AVG1_ADC8192;235;5.864113;5599;1952;24.73;2037;31;31;1;100;411;8192;50;0;confirmada;2026-06-02T13:01:19.698
BLOQUE_16CFG_SIN_CROTAL_20260602_130033_CFG001_CONFIG_01_-_B1F_AVG1_ADC8192;SIN_CROTAL;BLOQUE_16CFG_SIN_CROTAL_20260602_130033_CFG001_CONFIG_01_-_B1F_AVG1_ADC8192;configurations;toma con tabla personalizada de configuraciones;CONFIG 01 - B1F_AVG1_ADC8192;236;5.884393;5604;1957;24.03;2009;31;31;1;100;411;8192;50;0;confirmada;2026-06-02T13:01:19.698
BLOQUE_16CFG_SIN_CROTAL_20260602_130033_CFG001_CONFIG_01_-_B1F_AVG1_ADC8192;SIN_CROTAL;BLOQUE_16CFG_SIN_CROTAL_20260602_130033_CFG001_CONFIG_01_-_B1F_AVG1_ADC8192;configurations;toma con tabla personalizada de configuraciones;CONFIG 01 - B1F_AVG1_ADC8192;237;5.914159;5599;1956;24.31;2020;31;31;1;100;411;8192;50;0;confirmada;2026-06-02T13:01:19.698
BLOQUE_16CFG_SIN_CROTAL_20260602_130033_CFG001_CONFIG_01_-_B1F_AVG1_ADC8192;SIN_CROTAL;BLOQUE_16CFG_SIN_CROTAL_20260602_130033_CFG001_CONFIG_01_-_B1F_AVG1_ADC8192;configurations;toma con tabla personalizada de configuraciones;CONFIG 01 - B1F_AVG1_ADC8192;238;5.933656;5598;1958;24.86;2042;31;31;1;100;411;8192;50;0;confirmada;2026-06-02T13:01:19.698
BLOQUE_16CFG_SIN_CROTAL_20260602_130033_CFG001_CONFIG_01_-_B1F_AVG1_ADC8192;SIN_CROTAL;BLOQUE_16CFG_SIN_CROTAL_20260602_130033_CFG001_CONFIG_01_-_B1F_AVG1_ADC8192;configurations;toma con tabla personalizada de configuraciones;CONFIG 01 - B1F_AVG1_ADC8192;239;5.964337;5589;1962;24.31;2020;31;31;1;100;411;8192;50;0;confirmada;2026-06-02T13:01:19.698
BLOQUE_16CFG_SIN_CROTAL_20260602_130033_CFG001_CONFIG_01_-_B1F_AVG1_ADC8192;SIN_CROTAL;BLOQUE_16CFG_SIN_CROTAL_20260602_130033_CFG001_CONFIG_01_-_B1F_AVG1_ADC8192;configurations;toma con tabla personalizada de configuraciones;CONFIG 01 - B1F_AVG1_ADC8192;240;5.984468;5590;1959;24.71;2036;31;31;1;100;411;8192;50;0;confirmada;2026-06-02T13:01:19.698
BLOQUE_16CFG_SIN_CROTAL_20260602_130033_CFG001_CONFIG_01_-_B1F_AVG1_ADC8192;SIN_CROTAL;BLOQUE_16CFG_SIN_CROTAL_20260602_130033_CFG001_CONFIG_01_-_B1F_AVG1_ADC8192;configurations;toma con tabla personalizada de configuraciones;CONFIG 01 - B1F_AVG1_ADC8192;241;6.014558;5592;1952;25.06;2050;31;31;1;100;411;8192;50;0;confirmada;2026-06-02T13:01:19.698
BLOQUE_16CFG_SIN_CROTAL_20260602_130033_CFG001_CONFIG_01_-_B1F_AVG1_ADC8192;SIN_CROTAL;BLOQUE_16CFG_SIN_CROTAL_20260602_130033_CFG001_CONFIG_01_-_B1F_AVG1_ADC8192;configurations;toma con tabla personalizada de configuraciones;CONFIG 01 - B1F_AVG1_ADC8192;242;6.034094;5592;1953;24.96;2046;31;31;1;100;411;8192;50;0;confirmada;2026-06-02T13:01:19.698
BLOQUE_16CFG_SIN_CROTAL_20260602_130033_CFG001_CONFIG_01_-_B1F_AVG1_ADC8192;SIN_CROTAL;BLOQUE_16CFG_SIN_CROTAL_20260602_130033_CFG001_CONFIG_01_-_B1F_AVG1_ADC8192;configurations;toma con tabla personalizada de configuraciones;CONFIG 01 - B1F_AVG1_ADC8192;243;6.064717;5595;1961;24.68;2035;31;31;1;100;411;8192;50;0;confirmada;2026-06-02T13:01:19.698
BLOQUE_16CFG_SIN_CROTAL_20260602_130033_CFG001_CONFIG_01_-_B1F_AVG1_ADC8192;SIN_CROTAL;BLOQUE_16CFG_SIN_CROTAL_20260602_130033_CFG001_CONFIG_01_-_B1F_AVG1_ADC8192;configurations;toma con tabla personalizada de configuraciones;CONFIG 01 - B1F_AVG1_ADC8192;244;6.084633;5592;1953;24.31;2020;31;31;1;100;411;8192;50;0;confirmada;2026-06-02T13:01:19.698
BLOQUE_16CFG_SIN_CROTAL_20260602_130033_CFG001_CONFIG_01_-_B1F_AVG1_ADC8192;SIN_CROTAL;BLOQUE_16CFG_SIN_CROTAL_20260602_130033_CFG001_CONFIG_01_-_B1F_AVG1_ADC8192;configurations;toma con tabla personalizada de configuraciones;CONFIG 01 - B1F_AVG1_ADC8192;245;6.114691;5605;1963;24.61;2032;31;31;1;100;411;8192;50;0;confirmada;2026-06-02T13:01:19.698
BLOQUE_16CFG_SIN_CROTAL_20260602_130033_CFG001_CONFIG_01_-_B1F_AVG1_ADC8192;SIN_CROTAL;BLOQUE_16CFG_SIN_CROTAL_20260602_130033_CFG001_CONFIG_01_-_B1F_AVG1_ADC8192;configurations;toma con tabla personalizada de configuraciones;CONFIG 01 - B1F_AVG1_ADC8192;246;6.135109;5609;1943;25.42;2064;31;31;1;100;411;8192;50;0;confirmada;2026-06-02T13:01:19.698
BLOQUE_16CFG_SIN_CROTAL_20260602_130033_CFG001_CONFIG_01_-_B1F_AVG1_ADC8192;SIN_CROTAL;BLOQUE_16CFG_SIN_CROTAL_20260602_130033_CFG001_CONFIG_01_-_B1F_AVG1_ADC8192;configurations;toma con tabla personalizada de configuraciones;CONFIG 01 - B1F_AVG1_ADC8192;247;6.164923;5596;1956;25.22;2056;31;31;1;100;411;8192;50;0;confirmada;2026-06-02T13:01:19.698
BLOQUE_16CFG_SIN_CROTAL_20260602_130033_CFG001_CONFIG_01_-_B1F_AVG1_ADC8192;SIN_CROTAL;BLOQUE_16CFG_SIN_CROTAL_20260602_130033_CFG001_CONFIG_01_-_B1F_AVG1_ADC8192;configurations;toma con tabla personalizada de configuraciones;CONFIG 01 - B1F_AVG1_ADC8192;248;6.184444;5588;1950;24.94;2045;31;31;1;100;411;8192;50;0;confirmada;2026-06-02T13:01:19.698
BLOQUE_16CFG_SIN_CROTAL_20260602_130033_CFG001_CONFIG_01_-_B1F_AVG1_ADC8192;SIN_CROTAL;BLOQUE_16CFG_SIN_CROTAL_20260602_130033_CFG001_CONFIG_01_-_B1F_AVG1_ADC8192;configurations;toma con tabla personalizada de configuraciones;CONFIG 01 - B1F_AVG1_ADC8192;249;6.214888;5601;1963;24.28;2019;31;31;1;100;411;8192;50;0;confirmada;2026-06-02T13:01:19.698
BLOQUE_16CFG_SIN_CROTAL_20260602_130033_CFG001_CONFIG_01_-_B1F_AVG1_ADC8192;SIN_CROTAL;BLOQUE_16CFG_SIN_CROTAL_20260602_130033_CFG001_CONFIG_01_-_B1F_AVG1_ADC8192;configurations;toma con tabla personalizada de configuraciones;CONFIG 01 - B1F_AVG1_ADC8192;250;6.235031;5593;1960;24.84;2041;31;31;1;100;411;8192;50;0;confirmada;2026-06-02T13:01:19.698
BLOQUE_16CFG_SIN_CROTAL_20260602_130033_CFG001_CONFIG_01_-_B1F_AVG1_ADC8192;SIN_CROTAL;BLOQUE_16CFG_SIN_CROTAL_20260602_130033_CFG001_CONFIG_01_-_B1F_AVG1_ADC8192;configurations;toma con tabla personalizada de configuraciones;CONFIG 01 - B1F_AVG1_ADC8192;251;6.265027;5604;1962;25.37;2062;31;31;1;100;411;8192;50;0;confirmada;2026-06-02T13:01:19.698
BLOQUE_16CFG_SIN_CROTAL_20260602_130033_CFG001_CONFIG_01_-_B1F_AVG1_ADC8192;SIN_CROTAL;BLOQUE_16CFG_SIN_CROTAL_20260602_130033_CFG001_CONFIG_01_-_B1F_AVG1_ADC8192;configurations;toma con tabla personalizada de configuraciones;CONFIG 01 - B1F_AVG1_ADC8192;252;6.285691;5604;1948;25.44;2065;31;31;1;100;411;8192;50;0;confirmada;2026-06-02T13:01:19.698
BLOQUE_16CFG_SIN_CROTAL_20260602_130033_CFG001_CONFIG_01_-_B1F_AVG1_ADC8192;SIN_CROTAL;BLOQUE_16CFG_SIN_CROTAL_20260602_130033_CFG001_CONFIG_01_-_B1F_AVG1_ADC8192;configurations;toma con tabla personalizada de configuraciones;CONFIG 01 - B1F_AVG1_ADC8192;253;6.315210;5600;1966;25.37;2062;31;31;1;100;411;8192;50;0;confirmada;2026-06-02T13:01:19.698
BLOQUE_16CFG_SIN_CROTAL_20260602_130033_CFG001_CONFIG_01_-_B1F_AVG1_ADC8192;SIN_CROTAL;BLOQUE_16CFG_SIN_CROTAL_20260602_130033_CFG001_CONFIG_01_-_B1F_AVG1_ADC8192;configurations;toma con tabla personalizada de configuraciones;CONFIG 01 - B1F_AVG1_ADC8192;254;6.335254;5597;1957;25.32;2060;31;31;1;100;411;8192;50;0;confirmada;2026-06-02T13:01:19.698
BLOQUE_16CFG_SIN_CROTAL_20260602_130033_CFG001_CONFIG_01_-_B1F_AVG1_ADC8192;SIN_CROTAL;BLOQUE_16CFG_SIN_CROTAL_20260602_130033_CFG001_CONFIG_01_-_B1F_AVG1_ADC8192;configurations;toma con tabla personalizada de configuraciones;CONFIG 01 - B1F_AVG1_ADC8192;255;6.365459;5598;1965;24.31;2020;31;31;1;100;411;8192;50;0;confirmada;2026-06-02T13:01:19.698
BLOQUE_16CFG_SIN_CROTAL_20260602_130033_CFG001_CONFIG_01_-_B1F_AVG1_ADC8192;SIN_CROTAL;BLOQUE_16CFG_SIN_CROTAL_20260602_130033_CFG001_CONFIG_01_-_B1F_AVG1_ADC8192;configurations;toma con tabla personalizada de configuraciones;CONFIG 01 - B1F_AVG1_ADC8192;256;6.385503;5589;1963;24.53;2029;31;31;1;100;411;8192;50;0;confirmada;2026-06-02T13:01:19.698
BLOQUE_16CFG_SIN_CROTAL_20260602_130033_CFG001_CONFIG_01_-_B1F_AVG1_ADC8192;SIN_CROTAL;BLOQUE_16CFG_SIN_CROTAL_20260602_130033_CFG001_CONFIG_01_-_B1F_AVG1_ADC8192;configurations;toma con tabla personalizada de configuraciones;CONFIG 01 - B1F_AVG1_ADC8192;257;6.415480;5594;1955;25.06;2050;31;31;1;100;411;8192;50;0;confirmada;2026-06-02T13:01:19.698
BLOQUE_16CFG_SIN_CROTAL_20260602_130033_CFG001_CONFIG_01_-_B1F_AVG1_ADC8192;SIN_CROTAL;BLOQUE_16CFG_SIN_CROTAL_20260602_130033_CFG001_CONFIG_01_-_B1F_AVG1_ADC8192;configurations;toma con tabla personalizada de configuraciones;CONFIG 01 - B1F_AVG1_ADC8192;258;6.435278;5599;1959;24.84;2041;31;31;1;100;411;8192;50;0;confirmada;2026-06-02T13:01:19.698
BLOQUE_16CFG_SIN_CROTAL_20260602_130033_CFG001_CONFIG_01_-_B1F_AVG1_ADC8192;SIN_CROTAL;BLOQUE_16CFG_SIN_CROTAL_20260602_130033_CFG001_CONFIG_01_-_B1F_AVG1_ADC8192;configurations;toma con tabla personalizada de configuraciones;CONFIG 01 - B1F_AVG1_ADC8192;259;6.465676;5597;1954;24.73;2037;31;31;1;100;411;8192;50;0;confirmada;2026-06-02T13:01:19.698
BLOQUE_16CFG_SIN_CROTAL_20260602_130033_CFG001_CONFIG_01_-_B1F_AVG1_ADC8192;SIN_CROTAL;BLOQUE_16CFG_SIN_CROTAL_20260602_130033_CFG001_CONFIG_01_-_B1F_AVG1_ADC8192;configurations;toma con tabla personalizada de configuraciones;CONFIG 01 - B1F_AVG1_ADC8192;260;6.486052;5604;1951;24.36;2022;31;31;1;100;411;8192;50;0;confirmada;2026-06-02T13:01:19.698
BLOQUE_16CFG_SIN_CROTAL_20260602_130033_CFG001_CONFIG_01_-_B1F_AVG1_ADC8192;SIN_CROTAL;BLOQUE_16CFG_SIN_CROTAL_20260602_130033_CFG001_CONFIG_01_-_B1F_AVG1_ADC8192;configurations;toma con tabla personalizada de configuraciones;CONFIG 01 - B1F_AVG1_ADC8192;261;6.515833;5595;1961;25.16;2054;31;31;1;100;411;8192;50;0;confirmada;2026-06-02T13:01:19.698
BLOQUE_16CFG_SIN_CROTAL_20260602_130033_CFG001_CONFIG_01_-_B1F_AVG1_ADC8192;SIN_CROTAL;BLOQUE_16CFG_SIN_CROTAL_20260602_130033_CFG001_CONFIG_01_-_B1F_AVG1_ADC8192;configurations;toma con tabla personalizada de configuraciones;CONFIG 01 - B1F_AVG1_ADC8192;262;6.535731;5597;1964;24.89;2043;31;31;1;100;411;8192;50;0;confirmada;2026-06-02T13:01:19.698
BLOQUE_16CFG_SIN_CROTAL_20260602_130033_CFG001_CONFIG_01_-_B1F_AVG1_ADC8192;SIN_CROTAL;BLOQUE_16CFG_SIN_CROTAL_20260602_130033_CFG001_CONFIG_01_-_B1F_AVG1_ADC8192;configurations;toma con tabla personalizada de configuraciones;CONFIG 01 - B1F_AVG1_ADC8192;263;6.565913;5588;1955;25.11;2052;31;31;1;100;411;8192;50;0;confirmada;2026-06-02T13:01:19.698
BLOQUE_16CFG_SIN_CROTAL_20260602_130033_CFG001_CONFIG_01_-_B1F_AVG1_ADC8192;SIN_CROTAL;BLOQUE_16CFG_SIN_CROTAL_20260602_130033_CFG001_CONFIG_01_-_B1F_AVG1_ADC8192;configurations;toma con tabla personalizada de configuraciones;CONFIG 01 - B1F_AVG1_ADC8192;264;6.586393;5604;1956;24.99;2047;31;31;1;100;411;8192;50;0;confirmada;2026-06-02T13:01:19.698
BLOQUE_16CFG_SIN_CROTAL_20260602_130033_CFG001_CONFIG_01_-_B1F_AVG1_ADC8192;SIN_CROTAL;BLOQUE_16CFG_SIN_CROTAL_20260602_130033_CFG001_CONFIG_01_-_B1F_AVG1_ADC8192;configurations;toma con tabla personalizada de configuraciones;CONFIG 01 - B1F_AVG1_ADC8192;265;6.616088;5601;1958;24.81;2040;31;31;1;100;411;8192;50;0;confirmada;2026-06-02T13:01:19.698
BLOQUE_16CFG_SIN_CROTAL_20260602_130033_CFG001_CONFIG_01_-_B1F_AVG1_ADC8192;SIN_CROTAL;BLOQUE_16CFG_SIN_CROTAL_20260602_130033_CFG001_CONFIG_01_-_B1F_AVG1_ADC8192;configurations;toma con tabla personalizada de configuraciones;CONFIG 01 - B1F_AVG1_ADC8192;266;6.636560;5592;1954;24.31;2020;31;31;1;100;411;8192;50;0;confirmada;2026-06-02T13:01:19.698
BLOQUE_16CFG_SIN_CROTAL_20260602_130033_CFG001_CONFIG_01_-_B1F_AVG1_ADC8192;SIN_CROTAL;BLOQUE_16CFG_SIN_CROTAL_20260602_130033_CFG001_CONFIG_01_-_B1F_AVG1_ADC8192;configurations;toma con tabla personalizada de configuraciones;CONFIG 01 - B1F_AVG1_ADC8192;267;6.666208;5598;1958;25.32;2060;31;31;1;100;411;8192;50;0;confirmada;2026-06-02T13:01:19.698
BLOQUE_16CFG_SIN_CROTAL_20260602_130033_CFG001_CONFIG_01_-_B1F_AVG1_ADC8192;SIN_CROTAL;BLOQUE_16CFG_SIN_CROTAL_20260602_130033_CFG001_CONFIG_01_-_B1F_AVG1_ADC8192;configurations;toma con tabla personalizada de configuraciones;CONFIG 01 - B1F_AVG1_ADC8192;268;6.685519;5597;1952;24.96;2046;31;31;1;100;411;8192;50;0;confirmada;2026-06-02T13:01:19.698
BLOQUE_16CFG_SIN_CROTAL_20260602_130033_CFG001_CONFIG_01_-_B1F_AVG1_ADC8192;SIN_CROTAL;BLOQUE_16CFG_SIN_CROTAL_20260602_130033_CFG001_CONFIG_01_-_B1F_AVG1_ADC8192;configurations;toma con tabla personalizada de configuraciones;CONFIG 01 - B1F_AVG1_ADC8192;269;6.716157;5596;1964;24.31;2020;31;31;1;100;411;8192;50;0;confirmada;2026-06-02T13:01:19.698
BLOQUE_16CFG_SIN_CROTAL_20260602_130033_CFG001_CONFIG_01_-_B1F_AVG1_ADC8192;SIN_CROTAL;BLOQUE_16CFG_SIN_CROTAL_20260602_130033_CFG001_CONFIG_01_-_B1F_AVG1_ADC8192;configurations;toma con tabla personalizada de configuraciones;CONFIG 01 - B1F_AVG1_ADC8192;270;6.736117;5599;1955;24.38;2023;31;31;1;100;411;8192;50;0;confirmada;2026-06-02T13:01:19.698
BLOQUE_16CFG_SIN_CROTAL_20260602_130033_CFG001_CONFIG_01_-_B1F_AVG1_ADC8192;SIN_CROTAL;BLOQUE_16CFG_SIN_CROTAL_20260602_130033_CFG001_CONFIG_01_-_B1F_AVG1_ADC8192;configurations;toma con tabla personalizada de configuraciones;CONFIG 01 - B1F_AVG1_ADC8192;271;6.766239;5590;1962;25.37;2062;31;31;1;100;411;8192;50;0;confirmada;2026-06-02T13:01:19.698
BLOQUE_16CFG_SIN_CROTAL_20260602_130033_CFG001_CONFIG_01_-_B1F_AVG1_ADC8192;SIN_CROTAL;BLOQUE_16CFG_SIN_CROTAL_20260602_130033_CFG001_CONFIG_01_-_B1F_AVG1_ADC8192;configurations;toma con tabla personalizada de configuraciones;CONFIG 01 - B1F_AVG1_ADC8192;272;6.786579;5593;1954;25.49;2067;31;31;1;100;411;8192;50;0;confirmada;2026-06-02T13:01:19.698
BLOQUE_16CFG_SIN_CROTAL_20260602_130033_CFG001_CONFIG_01_-_B1F_AVG1_ADC8192;SIN_CROTAL;BLOQUE_16CFG_SIN_CROTAL_20260602_130033_CFG001_CONFIG_01_-_B1F_AVG1_ADC8192;configurations;toma con tabla personalizada de configuraciones;CONFIG 01 - B1F_AVG1_ADC8192;273;6.816424;5600;1964;25.42;2064;31;31;1;100;411;8192;50;0;confirmada;2026-06-02T13:01:19.698
BLOQUE_16CFG_SIN_CROTAL_20260602_130033_CFG001_CONFIG_01_-_B1F_AVG1_ADC8192;SIN_CROTAL;BLOQUE_16CFG_SIN_CROTAL_20260602_130033_CFG001_CONFIG_01_-_B1F_AVG1_ADC8192;configurations;toma con tabla personalizada de configuraciones;CONFIG 01 - B1F_AVG1_ADC8192;274;6.836604;5596;1962;24.46;2026;31;31;1;100;411;8192;50;0;confirmada;2026-06-02T13:01:19.698
BLOQUE_16CFG_SIN_CROTAL_20260602_130033_CFG001_CONFIG_01_-_B1F_AVG1_ADC8192;SIN_CROTAL;BLOQUE_16CFG_SIN_CROTAL_20260602_130033_CFG001_CONFIG_01_-_B1F_AVG1_ADC8192;configurations;toma con tabla personalizada de configuraciones;CONFIG 01 - B1F_AVG1_ADC8192;275;6.866660;5594;1958;24.43;2025;31;31;1;100;411;8192;50;0;confirmada;2026-06-02T13:01:19.698
BLOQUE_16CFG_SIN_CROTAL_20260602_130033_CFG001_CONFIG_01_-_B1F_AVG1_ADC8192;SIN_CROTAL;BLOQUE_16CFG_SIN_CROTAL_20260602_130033_CFG001_CONFIG_01_-_B1F_AVG1_ADC8192;configurations;toma con tabla personalizada de configuraciones;CONFIG 01 - B1F_AVG1_ADC8192;276;6.886646;5597;1965;24.66;2034;31;31;1;100;411;8192;50;0;confirmada;2026-06-02T13:01:19.698
BLOQUE_16CFG_SIN_CROTAL_20260602_130033_CFG001_CONFIG_01_-_B1F_AVG1_ADC8192;SIN_CROTAL;BLOQUE_16CFG_SIN_CROTAL_20260602_130033_CFG001_CONFIG_01_-_B1F_AVG1_ADC8192;configurations;toma con tabla personalizada de configuraciones;CONFIG 01 - B1F_AVG1_ADC8192;277;6.916691;5595;1959;25.24;2057;31;31;1;100;411;8192;50;0;confirmada;2026-06-02T13:01:19.699
BLOQUE_16CFG_SIN_CROTAL_20260602_130033_CFG001_CONFIG_01_-_B1F_AVG1_ADC8192;SIN_CROTAL;BLOQUE_16CFG_SIN_CROTAL_20260602_130033_CFG001_CONFIG_01_-_B1F_AVG1_ADC8192;configurations;toma con tabla personalizada de configuraciones;CONFIG 01 - B1F_AVG1_ADC8192;278;6.936747;5586;1966;25.32;2060;31;31;1;100;411;8192;50;0;confirmada;2026-06-02T13:01:19.699
BLOQUE_16CFG_SIN_CROTAL_20260602_130033_CFG001_CONFIG_01_-_B1F_AVG1_ADC8192;SIN_CROTAL;BLOQUE_16CFG_SIN_CROTAL_20260602_130033_CFG001_CONFIG_01_-_B1F_AVG1_ADC8192;configurations;toma con tabla personalizada de configuraciones;CONFIG 01 - B1F_AVG1_ADC8192;279;6.966720;5595;1965;24.84;2041;31;31;1;100;411;8192;50;0;confirmada;2026-06-02T13:01:19.699
BLOQUE_16CFG_SIN_CROTAL_20260602_130033_CFG001_CONFIG_01_-_B1F_AVG1_ADC8192;SIN_CROTAL;BLOQUE_16CFG_SIN_CROTAL_20260602_130033_CFG001_CONFIG_01_-_B1F_AVG1_ADC8192;configurations;toma con tabla personalizada de configuraciones;CONFIG 01 - B1F_AVG1_ADC8192;280;6.986603;5607;1955;25.80;2079;31;31;1;100;411;8192;50;0;confirmada;2026-06-02T13:01:19.699
BLOQUE_16CFG_SIN_CROTAL_20260602_130033_CFG001_CONFIG_01_-_B1F_AVG1_ADC8192;SIN_CROTAL;BLOQUE_16CFG_SIN_CROTAL_20260602_130033_CFG001_CONFIG_01_-_B1F_AVG1_ADC8192;configurations;toma con tabla personalizada de configuraciones;CONFIG 01 - B1F_AVG1_ADC8192;281;7.017003;5600;1959;25.24;2057;31;31;1;100;411;8192;50;0;confirmada;2026-06-02T13:01:19.699
BLOQUE_16CFG_SIN_CROTAL_20260602_130033_CFG001_CONFIG_01_-_B1F_AVG1_ADC8192;SIN_CROTAL;BLOQUE_16CFG_SIN_CROTAL_20260602_130033_CFG001_CONFIG_01_-_B1F_AVG1_ADC8192;configurations;toma con tabla personalizada de configuraciones;CONFIG 01 - B1F_AVG1_ADC8192;282;7.036611;5603;1957;24.73;2037;31;31;1;100;411;8192;50;0;confirmada;2026-06-02T13:01:19.699
BLOQUE_16CFG_SIN_CROTAL_20260602_130033_CFG001_CONFIG_01_-_B1F_AVG1_ADC8192;SIN_CROTAL;BLOQUE_16CFG_SIN_CROTAL_20260602_130033_CFG001_CONFIG_01_-_B1F_AVG1_ADC8192;configurations;toma con tabla personalizada de configuraciones;CONFIG 01 - B1F_AVG1_ADC8192;283;7.067145;5601;1962;25.01;2048;31;31;1;100;411;8192;50;0;confirmada;2026-06-02T13:01:19.699
BLOQUE_16CFG_SIN_CROTAL_20260602_130033_CFG001_CONFIG_01_-_B1F_AVG1_ADC8192;SIN_CROTAL;BLOQUE_16CFG_SIN_CROTAL_20260602_130033_CFG001_CONFIG_01_-_B1F_AVG1_ADC8192;configurations;toma con tabla personalizada de configuraciones;CONFIG 01 - B1F_AVG1_ADC8192;284;7.087394;5610;1954;25.39;2063;31;31;1;100;411;8192;50;0;confirmada;2026-06-02T13:01:19.699
BLOQUE_16CFG_SIN_CROTAL_20260602_130033_CFG001_CONFIG_01_-_B1F_AVG1_ADC8192;SIN_CROTAL;BLOQUE_16CFG_SIN_CROTAL_20260602_130033_CFG001_CONFIG_01_-_B1F_AVG1_ADC8192;configurations;toma con tabla personalizada de configuraciones;CONFIG 01 - B1F_AVG1_ADC8192;285;7.117309;5599;1963;25.65;2073;31;31;1;100;411;8192;50;0;confirmada;2026-06-02T13:01:19.699
BLOQUE_16CFG_SIN_CROTAL_20260602_130033_CFG001_CONFIG_01_-_B1F_AVG1_ADC8192;SIN_CROTAL;BLOQUE_16CFG_SIN_CROTAL_20260602_130033_CFG001_CONFIG_01_-_B1F_AVG1_ADC8192;configurations;toma con tabla personalizada de configuraciones;CONFIG 01 - B1F_AVG1_ADC8192;286;7.137372;5599;1958;24.31;2020;31;31;1;100;411;8192;50;0;confirmada;2026-06-02T13:01:19.699
BLOQUE_16CFG_SIN_CROTAL_20260602_130033_CFG001_CONFIG_01_-_B1F_AVG1_ADC8192;SIN_CROTAL;BLOQUE_16CFG_SIN_CROTAL_20260602_130033_CFG001_CONFIG_01_-_B1F_AVG1_ADC8192;configurations;toma con tabla personalizada de configuraciones;CONFIG 01 - B1F_AVG1_ADC8192;287;7.167314;5592;1958;24.73;2037;31;31;1;100;411;8192;50;0;confirmada;2026-06-02T13:01:19.699
BLOQUE_16CFG_SIN_CROTAL_20260602_130033_CFG001_CONFIG_01_-_B1F_AVG1_ADC8192;SIN_CROTAL;BLOQUE_16CFG_SIN_CROTAL_20260602_130033_CFG001_CONFIG_01_-_B1F_AVG1_ADC8192;configurations;toma con tabla personalizada de configuraciones;CONFIG 01 - B1F_AVG1_ADC8192;288;7.187372;5599;1958;24.73;2037;31;31;1;100;411;8192;50;0;confirmada;2026-06-02T13:01:19.699
BLOQUE_16CFG_SIN_CROTAL_20260602_130033_CFG001_CONFIG_01_-_B1F_AVG1_ADC8192;SIN_CROTAL;BLOQUE_16CFG_SIN_CROTAL_20260602_130033_CFG001_CONFIG_01_-_B1F_AVG1_ADC8192;configurations;toma con tabla personalizada de configuraciones;CONFIG 01 - B1F_AVG1_ADC8192;289;7.217336;5596;1959;25.22;2056;31;31;1;100;411;8192;50;0;confirmada;2026-06-02T13:01:19.699
BLOQUE_16CFG_SIN_CROTAL_20260602_130033_CFG001_CONFIG_01_-_B1F_AVG1_ADC8192;SIN_CROTAL;BLOQUE_16CFG_SIN_CROTAL_20260602_130033_CFG001_CONFIG_01_-_B1F_AVG1_ADC8192;configurations;toma con tabla personalizada de configuraciones;CONFIG 01 - B1F_AVG1_ADC8192;290;7.237446;5600;1974;25.57;2070;31;31;1;100;411;8192;50;0;confirmada;2026-06-02T13:01:19.699
BLOQUE_16CFG_SIN_CROTAL_20260602_130033_CFG001_CONFIG_01_-_B1F_AVG1_ADC8192;SIN_CROTAL;BLOQUE_16CFG_SIN_CROTAL_20260602_130033_CFG001_CONFIG_01_-_B1F_AVG1_ADC8192;configurations;toma con tabla personalizada de configuraciones;CONFIG 01 - B1F_AVG1_ADC8192;291;7.267563;5597;1960;25.11;2052;31;31;1;100;411;8192;50;0;confirmada;2026-06-02T13:01:19.699
BLOQUE_16CFG_SIN_CROTAL_20260602_130033_CFG001_CONFIG_01_-_B1F_AVG1_ADC8192;SIN_CROTAL;BLOQUE_16CFG_SIN_CROTAL_20260602_130033_CFG001_CONFIG_01_-_B1F_AVG1_ADC8192;configurations;toma con tabla personalizada de configuraciones;CONFIG 01 - B1F_AVG1_ADC8192;292;7.287452;5598;1958;24.73;2037;31;31;1;100;411;8192;50;0;confirmada;2026-06-02T13:01:19.699
BLOQUE_16CFG_SIN_CROTAL_20260602_130033_CFG001_CONFIG_01_-_B1F_AVG1_ADC8192;SIN_CROTAL;BLOQUE_16CFG_SIN_CROTAL_20260602_130033_CFG001_CONFIG_01_-_B1F_AVG1_ADC8192;configurations;toma con tabla personalizada de configuraciones;CONFIG 01 - B1F_AVG1_ADC8192;293;7.317756;5597;1960;25.54;2069;31;31;1;100;411;8192;50;0;confirmada;2026-06-02T13:01:19.699
BLOQUE_16CFG_SIN_CROTAL_20260602_130033_CFG001_CONFIG_01_-_B1F_AVG1_ADC8192;SIN_CROTAL;BLOQUE_16CFG_SIN_CROTAL_20260602_130033_CFG001_CONFIG_01_-_B1F_AVG1_ADC8192;configurations;toma con tabla personalizada de configuraciones;CONFIG 01 - B1F_AVG1_ADC8192;294;7.337632;5597;1963;24.81;2040;31;31;1;100;411;8192;50;0;confirmada;2026-06-02T13:01:19.699
BLOQUE_16CFG_SIN_CROTAL_20260602_130033_CFG001_CONFIG_01_-_B1F_AVG1_ADC8192;SIN_CROTAL;BLOQUE_16CFG_SIN_CROTAL_20260602_130033_CFG001_CONFIG_01_-_B1F_AVG1_ADC8192;configurations;toma con tabla personalizada de configuraciones;CONFIG 01 - B1F_AVG1_ADC8192;295;7.367756;5597;1970;24.94;2045;31;31;1;100;411;8192;50;0;confirmada;2026-06-02T13:01:19.699
BLOQUE_16CFG_SIN_CROTAL_20260602_130033_CFG001_CONFIG_01_-_B1F_AVG1_ADC8192;SIN_CROTAL;BLOQUE_16CFG_SIN_CROTAL_20260602_130033_CFG001_CONFIG_01_-_B1F_AVG1_ADC8192;configurations;toma con tabla personalizada de configuraciones;CONFIG 01 - B1F_AVG1_ADC8192;296;7.388127;5602;1954;25.14;2053;31;31;1;100;411;8192;50;0;confirmada;2026-06-02T13:01:19.699
BLOQUE_16CFG_SIN_CROTAL_20260602_130033_CFG001_CONFIG_01_-_B1F_AVG1_ADC8192;SIN_CROTAL;BLOQUE_16CFG_SIN_CROTAL_20260602_130033_CFG001_CONFIG_01_-_B1F_AVG1_ADC8192;configurations;toma con tabla personalizada de configuraciones;CONFIG 01 - B1F_AVG1_ADC8192;297;7.418022;5601;1962;25.42;2064;31;31;1;100;411;8192;50;0;confirmada;2026-06-02T13:01:19.699
BLOQUE_16CFG_SIN_CROTAL_20260602_130033_CFG001_CONFIG_01_-_B1F_AVG1_ADC8192;SIN_CROTAL;BLOQUE_16CFG_SIN_CROTAL_20260602_130033_CFG001_CONFIG_01_-_B1F_AVG1_ADC8192;configurations;toma con tabla personalizada de configuraciones;CONFIG 01 - B1F_AVG1_ADC8192;298;7.438080;5603;1952;24.51;2028;31;31;1;100;411;8192;50;0;confirmada;2026-06-02T13:01:19.699
BLOQUE_16CFG_SIN_CROTAL_20260602_130033_CFG001_CONFIG_01_-_B1F_AVG1_ADC8192;SIN_CROTAL;BLOQUE_16CFG_SIN_CROTAL_20260602_130033_CFG001_CONFIG_01_-_B1F_AVG1_ADC8192;configurations;toma con tabla personalizada de configuraciones;CONFIG 01 - B1F_AVG1_ADC8192;299;7.467943;5592;1961;25.32;2060;31;31;1;100;411;8192;50;0;confirmada;2026-06-02T13:01:19.699
BLOQUE_16CFG_SIN_CROTAL_20260602_130033_CFG001_CONFIG_01_-_B1F_AVG1_ADC8192;SIN_CROTAL;BLOQUE_16CFG_SIN_CROTAL_20260602_130033_CFG001_CONFIG_01_-_B1F_AVG1_ADC8192;configurations;toma con tabla personalizada de configuraciones;CONFIG 01 - B1F_AVG1_ADC8192;300;7.488079;5603;1966;24.63;2033;31;31;1;100;411;8192;50;0;confirmada;2026-06-02T13:01:19.699
BLOQUE_16CFG_SIN_CROTAL_20260602_130033_CFG001_CONFIG_01_-_B1F_AVG1_ADC8192;SIN_CROTAL;BLOQUE_16CFG_SIN_CROTAL_20260602_130033_CFG001_CONFIG_01_-_B1F_AVG1_ADC8192;configurations;toma con tabla personalizada de configuraciones;CONFIG 01 - B1F_AVG1_ADC8192;301;7.518175;5600;1966;25.16;2054;31;31;1;100;411;8192;50;0;confirmada;2026-06-02T13:01:19.699
BLOQUE_16CFG_SIN_CROTAL_20260602_130033_CFG001_CONFIG_01_-_B1F_AVG1_ADC8192;SIN_CROTAL;BLOQUE_16CFG_SIN_CROTAL_20260602_130033_CFG001_CONFIG_01_-_B1F_AVG1_ADC8192;configurations;toma con tabla personalizada de configuraciones;CONFIG 01 - B1F_AVG1_ADC8192;302;7.538634;5601;1961;24.91;2044;31;31;1;100;411;8192;50;0;confirmada;2026-06-02T13:01:19.699
BLOQUE_16CFG_SIN_CROTAL_20260602_130033_CFG001_CONFIG_01_-_B1F_AVG1_ADC8192;SIN_CROTAL;BLOQUE_16CFG_SIN_CROTAL_20260602_130033_CFG001_CONFIG_01_-_B1F_AVG1_ADC8192;configurations;toma con tabla personalizada de configuraciones;CONFIG 01 - B1F_AVG1_ADC8192;303;7.568350;5599;1963;24.73;2037;31;31;1;100;411;8192;50;0;confirmada;2026-06-02T13:01:19.699
BLOQUE_16CFG_SIN_CROTAL_20260602_130033_CFG001_CONFIG_01_-_B1F_AVG1_ADC8192;SIN_CROTAL;BLOQUE_16CFG_SIN_CROTAL_20260602_130033_CFG001_CONFIG_01_-_B1F_AVG1_ADC8192;configurations;toma con tabla personalizada de configuraciones;CONFIG 01 - B1F_AVG1_ADC8192;304;7.588496;5602;1963;24.68;2035;31;31;1;100;411;8192;50;0;confirmada;2026-06-02T13:01:19.699
BLOQUE_16CFG_SIN_CROTAL_20260602_130033_CFG001_CONFIG_01_-_B1F_AVG1_ADC8192;SIN_CROTAL;BLOQUE_16CFG_SIN_CROTAL_20260602_130033_CFG001_CONFIG_01_-_B1F_AVG1_ADC8192;configurations;toma con tabla personalizada de configuraciones;CONFIG 01 - B1F_AVG1_ADC8192;305;7.618463;5599;1961;24.91;2044;31;31;1;100;411;8192;50;0;confirmada;2026-06-02T13:01:19.699
BLOQUE_16CFG_SIN_CROTAL_20260602_130033_CFG001_CONFIG_01_-_B1F_AVG1_ADC8192;SIN_CROTAL;BLOQUE_16CFG_SIN_CROTAL_20260602_130033_CFG001_CONFIG_01_-_B1F_AVG1_ADC8192;configurations;toma con tabla personalizada de configuraciones;CONFIG 01 - B1F_AVG1_ADC8192;306;7.638617;5595;1963;25.01;2048;31;31;1;100;411;8192;50;0;confirmada;2026-06-02T13:01:19.699
BLOQUE_16CFG_SIN_CROTAL_20260602_130033_CFG001_CONFIG_01_-_B1F_AVG1_ADC8192;SIN_CROTAL;BLOQUE_16CFG_SIN_CROTAL_20260602_130033_CFG001_CONFIG_01_-_B1F_AVG1_ADC8192;configurations;toma con tabla personalizada de configuraciones;CONFIG 01 - B1F_AVG1_ADC8192;307;7.668454;5603;1969;25.22;2056;31;31;1;100;411;8192;50;0;confirmada;2026-06-02T13:01:19.699
BLOQUE_16CFG_SIN_CROTAL_20260602_130033_CFG001_CONFIG_01_-_B1F_AVG1_ADC8192;SIN_CROTAL;BLOQUE_16CFG_SIN_CROTAL_20260602_130033_CFG001_CONFIG_01_-_B1F_AVG1_ADC8192;configurations;toma con tabla personalizada de configuraciones;CONFIG 01 - B1F_AVG1_ADC8192;308;7.688920;5602;1958;24.76;2038;31;31;1;100;411;8192;50;0;confirmada;2026-06-02T13:01:19.699
BLOQUE_16CFG_SIN_CROTAL_20260602_130033_CFG001_CONFIG_01_-_B1F_AVG1_ADC8192;SIN_CROTAL;BLOQUE_16CFG_SIN_CROTAL_20260602_130033_CFG001_CONFIG_01_-_B1F_AVG1_ADC8192;configurations;toma con tabla personalizada de configuraciones;CONFIG 01 - B1F_AVG1_ADC8192;309;7.718713;5606;1956;25.14;2053;31;31;1;100;411;8192;50;0;confirmada;2026-06-02T13:01:19.699
BLOQUE_16CFG_SIN_CROTAL_20260602_130033_CFG001_CONFIG_01_-_B1F_AVG1_ADC8192;SIN_CROTAL;BLOQUE_16CFG_SIN_CROTAL_20260602_130033_CFG001_CONFIG_01_-_B1F_AVG1_ADC8192;configurations;toma con tabla personalizada de configuraciones;CONFIG 01 - B1F_AVG1_ADC8192;310;7.738688;5598;1965;24.43;2025;31;31;1;100;411;8192;50;0;confirmada;2026-06-02T13:01:19.699
BLOQUE_16CFG_SIN_CROTAL_20260602_130033_CFG001_CONFIG_01_-_B1F_AVG1_ADC8192;SIN_CROTAL;BLOQUE_16CFG_SIN_CROTAL_20260602_130033_CFG001_CONFIG_01_-_B1F_AVG1_ADC8192;configurations;toma con tabla personalizada de configuraciones;CONFIG 01 - B1F_AVG1_ADC8192;311;7.768910;5591;1962;25.16;2054;31;31;1;100;411;8192;50;0;confirmada;2026-06-02T13:01:19.699
BLOQUE_16CFG_SIN_CROTAL_20260602_130033_CFG001_CONFIG_01_-_B1F_AVG1_ADC8192;SIN_CROTAL;BLOQUE_16CFG_SIN_CROTAL_20260602_130033_CFG001_CONFIG_01_-_B1F_AVG1_ADC8192;configurations;toma con tabla personalizada de configuraciones;CONFIG 01 - B1F_AVG1_ADC8192;312;7.788198;5595;1959;25.24;2057;31;31;1;100;411;8192;50;0;confirmada;2026-06-02T13:01:19.699
BLOQUE_16CFG_SIN_CROTAL_20260602_130033_CFG001_CONFIG_01_-_B1F_AVG1_ADC8192;SIN_CROTAL;BLOQUE_16CFG_SIN_CROTAL_20260602_130033_CFG001_CONFIG_01_-_B1F_AVG1_ADC8192;configurations;toma con tabla personalizada de configuraciones;CONFIG 01 - B1F_AVG1_ADC8192;313;7.818857;5606;1966;25.39;2063;31;31;1;100;411;8192;50;0;confirmada;2026-06-02T13:01:19.699
BLOQUE_16CFG_SIN_CROTAL_20260602_130033_CFG001_CONFIG_01_-_B1F_AVG1_ADC8192;SIN_CROTAL;BLOQUE_16CFG_SIN_CROTAL_20260602_130033_CFG001_CONFIG_01_-_B1F_AVG1_ADC8192;configurations;toma con tabla personalizada de configuraciones;CONFIG 01 - B1F_AVG1_ADC8192;314;7.838797;5603;1958;25.37;2062;31;31;1;100;411;8192;50;0;confirmada;2026-06-02T13:01:19.699
BLOQUE_16CFG_SIN_CROTAL_20260602_130033_CFG001_CONFIG_01_-_B1F_AVG1_ADC8192;SIN_CROTAL;BLOQUE_16CFG_SIN_CROTAL_20260602_130033_CFG001_CONFIG_01_-_B1F_AVG1_ADC8192;configurations;toma con tabla personalizada de configuraciones;CONFIG 01 - B1F_AVG1_ADC8192;315;7.868928;5595;1956;25.06;2050;31;31;1;100;411;8192;50;0;confirmada;2026-06-02T13:01:19.699
BLOQUE_16CFG_SIN_CROTAL_20260602_130033_CFG001_CONFIG_01_-_B1F_AVG1_ADC8192;SIN_CROTAL;BLOQUE_16CFG_SIN_CROTAL_20260602_130033_CFG001_CONFIG_01_-_B1F_AVG1_ADC8192;configurations;toma con tabla personalizada de configuraciones;CONFIG 01 - B1F_AVG1_ADC8192;316;7.889078;5601;1971;24.84;2041;31;31;1;100;411;8192;50;0;confirmada;2026-06-02T13:01:19.699
BLOQUE_16CFG_SIN_CROTAL_20260602_130033_CFG001_CONFIG_01_-_B1F_AVG1_ADC8192;SIN_CROTAL;BLOQUE_16CFG_SIN_CROTAL_20260602_130033_CFG001_CONFIG_01_-_B1F_AVG1_ADC8192;configurations;toma con tabla personalizada de configuraciones;CONFIG 01 - B1F_AVG1_ADC8192;317;7.919079;5594;1966;24.51;2028;31;31;1;100;411;8192;50;0;confirmada;2026-06-02T13:01:19.699
BLOQUE_16CFG_SIN_CROTAL_20260602_130033_CFG001_CONFIG_01_-_B1F_AVG1_ADC8192;SIN_CROTAL;BLOQUE_16CFG_SIN_CROTAL_20260602_130033_CFG001_CONFIG_01_-_B1F_AVG1_ADC8192;configurations;toma con tabla personalizada de configuraciones;CONFIG 01 - B1F_AVG1_ADC8192;318;7.939548;5618;1954;25.01;2048;31;31;1;100;411;8192;50;0;confirmada;2026-06-02T13:01:19.699
BLOQUE_16CFG_SIN_CROTAL_20260602_130033_CFG001_CONFIG_01_-_B1F_AVG1_ADC8192;SIN_CROTAL;BLOQUE_16CFG_SIN_CROTAL_20260602_130033_CFG001_CONFIG_01_-_B1F_AVG1_ADC8192;configurations;toma con tabla personalizada de configuraciones;CONFIG 01 - B1F_AVG1_ADC8192;319;7.969194;5602;1960;24.33;2021;31;31;1;100;411;8192;50;0;confirmada;2026-06-02T13:01:19.699
BLOQUE_16CFG_SIN_CROTAL_20260602_130033_CFG001_CONFIG_01_-_B1F_AVG1_ADC8192;SIN_CROTAL;BLOQUE_16CFG_SIN_CROTAL_20260602_130033_CFG001_CONFIG_01_-_B1F_AVG1_ADC8192;configurations;toma con tabla personalizada de configuraciones;CONFIG 01 - B1F_AVG1_ADC8192;320;7.989131;5604;1963;24.96;2046;31;31;1;100;411;8192;50;0;confirmada;2026-06-02T13:01:19.699
BLOQUE_16CFG_SIN_CROTAL_20260602_130033_CFG001_CONFIG_01_-_B1F_AVG1_ADC8192;SIN_CROTAL;BLOQUE_16CFG_SIN_CROTAL_20260602_130033_CFG001_CONFIG_01_-_B1F_AVG1_ADC8192;configurations;toma con tabla personalizada de configuraciones;CONFIG 01 - B1F_AVG1_ADC8192;321;8.019309;5599;1953;24.71;2036;31;31;1;100;411;8192;50;0;confirmada;2026-06-02T13:01:19.699
BLOQUE_16CFG_SIN_CROTAL_20260602_130033_CFG001_CONFIG_01_-_B1F_AVG1_ADC8192;SIN_CROTAL;BLOQUE_16CFG_SIN_CROTAL_20260602_130033_CFG001_CONFIG_01_-_B1F_AVG1_ADC8192;configurations;toma con tabla personalizada de configuraciones;CONFIG 01 - B1F_AVG1_ADC8192;322;8.039912;5609;1955;25.42;2064;31;31;1;100;411;8192;50;0;confirmada;2026-06-02T13:01:19.699
BLOQUE_16CFG_SIN_CROTAL_20260602_130033_CFG001_CONFIG_01_-_B1F_AVG1_ADC8192;SIN_CROTAL;BLOQUE_16CFG_SIN_CROTAL_20260602_130033_CFG001_CONFIG_01_-_B1F_AVG1_ADC8192;configurations;toma con tabla personalizada de configuraciones;CONFIG 01 - B1F_AVG1_ADC8192;323;8.069485;5599;1966;24.46;2026;31;31;1;100;411;8192;50;0;confirmada;2026-06-02T13:01:19.699
BLOQUE_16CFG_SIN_CROTAL_20260602_130033_CFG001_CONFIG_01_-_B1F_AVG1_ADC8192;SIN_CROTAL;BLOQUE_16CFG_SIN_CROTAL_20260602_130033_CFG001_CONFIG_01_-_B1F_AVG1_ADC8192;configurations;toma con tabla personalizada de configuraciones;CONFIG 01 - B1F_AVG1_ADC8192;324;8.089438;5606;1960;25.34;2061;31;31;1;100;411;8192;50;0;confirmada;2026-06-02T13:01:19.699
BLOQUE_16CFG_SIN_CROTAL_20260602_130033_CFG001_CONFIG_01_-_B1F_AVG1_ADC8192;SIN_CROTAL;BLOQUE_16CFG_SIN_CROTAL_20260602_130033_CFG001_CONFIG_01_-_B1F_AVG1_ADC8192;configurations;toma con tabla personalizada de configuraciones;CONFIG 01 - B1F_AVG1_ADC8192;325;8.119614;5602;1968;25.19;2055;31;31;1;100;411;8192;50;0;confirmada;2026-06-02T13:01:19.699
BLOQUE_16CFG_SIN_CROTAL_20260602_130033_CFG001_CONFIG_01_-_B1F_AVG1_ADC8192;SIN_CROTAL;BLOQUE_16CFG_SIN_CROTAL_20260602_130033_CFG001_CONFIG_01_-_B1F_AVG1_ADC8192;configurations;toma con tabla personalizada de configuraciones;CONFIG 01 - B1F_AVG1_ADC8192;326;8.139660;5601;1964;25.42;2064;31;31;1;100;411;8192;50;0;confirmada;2026-06-02T13:01:19.699
BLOQUE_16CFG_SIN_CROTAL_20260602_130033_CFG001_CONFIG_01_-_B1F_AVG1_ADC8192;SIN_CROTAL;BLOQUE_16CFG_SIN_CROTAL_20260602_130033_CFG001_CONFIG_01_-_B1F_AVG1_ADC8192;configurations;toma con tabla personalizada de configuraciones;CONFIG 01 - B1F_AVG1_ADC8192;327;8.169847;5600;1967;24.38;2023;31;31;1;100;411;8192;50;0;confirmada;2026-06-02T13:01:19.699
BLOQUE_16CFG_SIN_CROTAL_20260602_130033_CFG001_CONFIG_01_-_B1F_AVG1_ADC8192;SIN_CROTAL;BLOQUE_16CFG_SIN_CROTAL_20260602_130033_CFG001_CONFIG_01_-_B1F_AVG1_ADC8192;configurations;toma con tabla personalizada de configuraciones;CONFIG 01 - B1F_AVG1_ADC8192;328;8.189564;5597;1958;25.77;2078;31;31;1;100;411;8192;50;0;confirmada;2026-06-02T13:01:19.699
BLOQUE_16CFG_SIN_CROTAL_20260602_130033_CFG001_CONFIG_01_-_B1F_AVG1_ADC8192;SIN_CROTAL;BLOQUE_16CFG_SIN_CROTAL_20260602_130033_CFG001_CONFIG_01_-_B1F_AVG1_ADC8192;configurations;toma con tabla personalizada de configuraciones;CONFIG 01 - B1F_AVG1_ADC8192;329;8.219912;5601;1960;25.06;2050;31;31;1;100;411;8192;50;0;confirmada;2026-06-02T13:01:19.699
BLOQUE_16CFG_SIN_CROTAL_20260602_130033_CFG001_CONFIG_01_-_B1F_AVG1_ADC8192;SIN_CROTAL;BLOQUE_16CFG_SIN_CROTAL_20260602_130033_CFG001_CONFIG_01_-_B1F_AVG1_ADC8192;configurations;toma con tabla personalizada de configuraciones;CONFIG 01 - B1F_AVG1_ADC8192;330;8.240116;5598;1956;25.09;2051;31;31;1;100;411;8192;50;0;confirmada;2026-06-02T13:01:19.699
BLOQUE_16CFG_SIN_CROTAL_20260602_130033_CFG001_CONFIG_01_-_B1F_AVG1_ADC8192;SIN_CROTAL;BLOQUE_16CFG_SIN_CROTAL_20260602_130033_CFG001_CONFIG_01_-_B1F_AVG1_ADC8192;configurations;toma con tabla personalizada de configuraciones;CONFIG 01 - B1F_AVG1_ADC8192;331;8.270013;5598;1965;25.24;2057;31;31;1;100;411;8192;50;0;confirmada;2026-06-02T13:01:19.699
BLOQUE_16CFG_SIN_CROTAL_20260602_130033_CFG001_CONFIG_01_-_B1F_AVG1_ADC8192;SIN_CROTAL;BLOQUE_16CFG_SIN_CROTAL_20260602_130033_CFG001_CONFIG_01_-_B1F_AVG1_ADC8192;configurations;toma con tabla personalizada de configuraciones;CONFIG 01 - B1F_AVG1_ADC8192;332;8.289854;5603;1969;25.11;2052;31;31;1;100;411;8192;50;0;confirmada;2026-06-02T13:01:19.699
BLOQUE_16CFG_SIN_CROTAL_20260602_130033_CFG001_CONFIG_01_-_B1F_AVG1_ADC8192;SIN_CROTAL;BLOQUE_16CFG_SIN_CROTAL_20260602_130033_CFG001_CONFIG_01_-_B1F_AVG1_ADC8192;configurations;toma con tabla personalizada de configuraciones;CONFIG 01 - B1F_AVG1_ADC8192;333;8.320144;5593;1964;25.16;2054;31;31;1;100;411;8192;50;0;confirmada;2026-06-02T13:01:19.699
BLOQUE_16CFG_SIN_CROTAL_20260602_130033_CFG001_CONFIG_01_-_B1F_AVG1_ADC8192;SIN_CROTAL;BLOQUE_16CFG_SIN_CROTAL_20260602_130033_CFG001_CONFIG_01_-_B1F_AVG1_ADC8192;configurations;toma con tabla personalizada de configuraciones;CONFIG 01 - B1F_AVG1_ADC8192;334;8.340086;5596;1968;24.86;2042;31;31;1;100;411;8192;50;0;confirmada;2026-06-02T13:01:19.699
BLOQUE_16CFG_SIN_CROTAL_20260602_130033_CFG001_CONFIG_01_-_B1F_AVG1_ADC8192;SIN_CROTAL;BLOQUE_16CFG_SIN_CROTAL_20260602_130033_CFG001_CONFIG_01_-_B1F_AVG1_ADC8192;configurations;toma con tabla personalizada de configuraciones;CONFIG 01 - B1F_AVG1_ADC8192;335;8.370166;5606;1960;24.56;2030;31;31;1;100;411;8192;50;0;confirmada;2026-06-02T13:01:19.699
BLOQUE_16CFG_SIN_CROTAL_20260602_130033_CFG001_CONFIG_01_-_B1F_AVG1_ADC8192;SIN_CROTAL;BLOQUE_16CFG_SIN_CROTAL_20260602_130033_CFG001_CONFIG_01_-_B1F_AVG1_ADC8192;configurations;toma con tabla personalizada de configuraciones;CONFIG 01 - B1F_AVG1_ADC8192;336;8.390204;5601;1974;24.86;2042;31;31;1;100;411;8192;50;0;confirmada;2026-06-02T13:01:19.699
BLOQUE_16CFG_SIN_CROTAL_20260602_130033_CFG001_CONFIG_01_-_B1F_AVG1_ADC8192;SIN_CROTAL;BLOQUE_16CFG_SIN_CROTAL_20260602_130033_CFG001_CONFIG_01_-_B1F_AVG1_ADC8192;configurations;toma con tabla personalizada de configuraciones;CONFIG 01 - B1F_AVG1_ADC8192;337;8.420396;5602;1961;25.01;2048;31;31;1;100;411;8192;50;0;confirmada;2026-06-02T13:01:19.699
BLOQUE_16CFG_SIN_CROTAL_20260602_130033_CFG001_CONFIG_01_-_B1F_AVG1_ADC8192;SIN_CROTAL;BLOQUE_16CFG_SIN_CROTAL_20260602_130033_CFG001_CONFIG_01_-_B1F_AVG1_ADC8192;configurations;toma con tabla personalizada de configuraciones;CONFIG 01 - B1F_AVG1_ADC8192;338;8.440166;5602;1961;25.39;2063;31;31;1;100;411;8192;50;0;confirmada;2026-06-02T13:01:19.699
BLOQUE_16CFG_SIN_CROTAL_20260602_130033_CFG001_CONFIG_01_-_B1F_AVG1_ADC8192;SIN_CROTAL;BLOQUE_16CFG_SIN_CROTAL_20260602_130033_CFG001_CONFIG_01_-_B1F_AVG1_ADC8192;configurations;toma con tabla personalizada de configuraciones;CONFIG 01 - B1F_AVG1_ADC8192;339;8.470562;5609;1967;25.42;2064;31;31;1;100;411;8192;50;0;confirmada;2026-06-02T13:01:19.699
BLOQUE_16CFG_SIN_CROTAL_20260602_130033_CFG001_CONFIG_01_-_B1F_AVG1_ADC8192;SIN_CROTAL;BLOQUE_16CFG_SIN_CROTAL_20260602_130033_CFG001_CONFIG_01_-_B1F_AVG1_ADC8192;configurations;toma con tabla personalizada de configuraciones;CONFIG 01 - B1F_AVG1_ADC8192;340;8.490546;5604;1963;25.09;2051;31;31;1;100;411;8192;50;0;confirmada;2026-06-02T13:01:19.699
BLOQUE_16CFG_SIN_CROTAL_20260602_130033_CFG001_CONFIG_01_-_B1F_AVG1_ADC8192;SIN_CROTAL;BLOQUE_16CFG_SIN_CROTAL_20260602_130033_CFG001_CONFIG_01_-_B1F_AVG1_ADC8192;configurations;toma con tabla personalizada de configuraciones;CONFIG 01 - B1F_AVG1_ADC8192;341;8.520529;5607;1969;25.47;2066;31;31;1;100;411;8192;50;0;confirmada;2026-06-02T13:01:19.699
BLOQUE_16CFG_SIN_CROTAL_20260602_130033_CFG001_CONFIG_01_-_B1F_AVG1_ADC8192;SIN_CROTAL;BLOQUE_16CFG_SIN_CROTAL_20260602_130033_CFG001_CONFIG_01_-_B1F_AVG1_ADC8192;configurations;toma con tabla personalizada de configuraciones;CONFIG 01 - B1F_AVG1_ADC8192;342;8.540134;5598;1972;24.84;2041;31;31;1;100;411;8192;50;0;confirmada;2026-06-02T13:01:19.699
BLOQUE_16CFG_SIN_CROTAL_20260602_130033_CFG001_CONFIG_01_-_B1F_AVG1_ADC8192;SIN_CROTAL;BLOQUE_16CFG_SIN_CROTAL_20260602_130033_CFG001_CONFIG_01_-_B1F_AVG1_ADC8192;configurations;toma con tabla personalizada de configuraciones;CONFIG 01 - B1F_AVG1_ADC8192;343;8.570821;5605;1967;25.19;2055;31;31;1;100;411;8192;50;0;confirmada;2026-06-02T13:01:19.699
BLOQUE_16CFG_SIN_CROTAL_20260602_130033_CFG001_CONFIG_01_-_B1F_AVG1_ADC8192;SIN_CROTAL;BLOQUE_16CFG_SIN_CROTAL_20260602_130033_CFG001_CONFIG_01_-_B1F_AVG1_ADC8192;configurations;toma con tabla personalizada de configuraciones;CONFIG 01 - B1F_AVG1_ADC8192;344;8.590499;5607;1965;25.09;2051;31;31;1;100;411;8192;50;0;confirmada;2026-06-02T13:01:19.699
BLOQUE_16CFG_SIN_CROTAL_20260602_130033_CFG001_CONFIG_01_-_B1F_AVG1_ADC8192;SIN_CROTAL;BLOQUE_16CFG_SIN_CROTAL_20260602_130033_CFG001_CONFIG_01_-_B1F_AVG1_ADC8192;configurations;toma con tabla personalizada de configuraciones;CONFIG 01 - B1F_AVG1_ADC8192;345;8.620742;5597;1964;25.11;2052;31;31;1;100;411;8192;50;0;confirmada;2026-06-02T13:01:19.699
BLOQUE_16CFG_SIN_CROTAL_20260602_130033_CFG001_CONFIG_01_-_B1F_AVG1_ADC8192;SIN_CROTAL;BLOQUE_16CFG_SIN_CROTAL_20260602_130033_CFG001_CONFIG_01_-_B1F_AVG1_ADC8192;configurations;toma con tabla personalizada de configuraciones;CONFIG 01 - B1F_AVG1_ADC8192;346;8.640694;5593;1957;24.79;2039;31;31;1;100;411;8192;50;0;confirmada;2026-06-02T13:01:19.699
BLOQUE_16CFG_SIN_CROTAL_20260602_130033_CFG001_CONFIG_01_-_B1F_AVG1_ADC8192;SIN_CROTAL;BLOQUE_16CFG_SIN_CROTAL_20260602_130033_CFG001_CONFIG_01_-_B1F_AVG1_ADC8192;configurations;toma con tabla personalizada de configuraciones;CONFIG 01 - B1F_AVG1_ADC8192;347;8.670884;5606;1961;24.94;2045;31;31;1;100;411;8192;50;0;confirmada;2026-06-02T13:01:19.699
BLOQUE_16CFG_SIN_CROTAL_20260602_130033_CFG001_CONFIG_01_-_B1F_AVG1_ADC8192;SIN_CROTAL;BLOQUE_16CFG_SIN_CROTAL_20260602_130033_CFG001_CONFIG_01_-_B1F_AVG1_ADC8192;configurations;toma con tabla personalizada de configuraciones;CONFIG 01 - B1F_AVG1_ADC8192;348;8.690808;5601;1957;24.96;2046;31;31;1;100;411;8192;50;0;confirmada;2026-06-02T13:01:19.699
BLOQUE_16CFG_SIN_CROTAL_20260602_130033_CFG001_CONFIG_01_-_B1F_AVG1_ADC8192;SIN_CROTAL;BLOQUE_16CFG_SIN_CROTAL_20260602_130033_CFG001_CONFIG_01_-_B1F_AVG1_ADC8192;configurations;toma con tabla personalizada de configuraciones;CONFIG 01 - B1F_AVG1_ADC8192;349;8.721004;5600;1965;24.99;2047;31;31;1;100;411;8192;50;0;confirmada;2026-06-02T13:01:19.699
BLOQUE_16CFG_SIN_CROTAL_20260602_130033_CFG001_CONFIG_01_-_B1F_AVG1_ADC8192;SIN_CROTAL;BLOQUE_16CFG_SIN_CROTAL_20260602_130033_CFG001_CONFIG_01_-_B1F_AVG1_ADC8192;configurations;toma con tabla personalizada de configuraciones;CONFIG 01 - B1F_AVG1_ADC8192;350;8.741353;5611;1958;25.54;2069;31;31;1;100;411;8192;50;0;confirmada;2026-06-02T13:01:19.699
BLOQUE_16CFG_SIN_CROTAL_20260602_130033_CFG001_CONFIG_01_-_B1F_AVG1_ADC8192;SIN_CROTAL;BLOQUE_16CFG_SIN_CROTAL_20260602_130033_CFG001_CONFIG_01_-_B1F_AVG1_ADC8192;configurations;toma con tabla personalizada de configuraciones;CONFIG 01 - B1F_AVG1_ADC8192;351;8.771146;5605;1951;24.84;2041;31;31;1;100;411;8192;50;0;confirmada;2026-06-02T13:01:19.699
BLOQUE_16CFG_SIN_CROTAL_20260602_130033_CFG001_CONFIG_01_-_B1F_AVG1_ADC8192;SIN_CROTAL;BLOQUE_16CFG_SIN_CROTAL_20260602_130033_CFG001_CONFIG_01_-_B1F_AVG1_ADC8192;configurations;toma con tabla personalizada de configuraciones;CONFIG 01 - B1F_AVG1_ADC8192;352;8.790632;5587;1957;25.34;2061;31;31;1;100;411;8192;50;0;confirmada;2026-06-02T13:01:19.699
BLOQUE_16CFG_SIN_CROTAL_20260602_130033_CFG001_CONFIG_01_-_B1F_AVG1_ADC8192;SIN_CROTAL;BLOQUE_16CFG_SIN_CROTAL_20260602_130033_CFG001_CONFIG_01_-_B1F_AVG1_ADC8192;configurations;toma con tabla personalizada de configuraciones;CONFIG 01 - B1F_AVG1_ADC8192;353;8.821402;5606;1961;24.99;2047;31;31;1;100;411;8192;50;0;confirmada;2026-06-02T13:01:19.699
BLOQUE_16CFG_SIN_CROTAL_20260602_130033_CFG001_CONFIG_01_-_B1F_AVG1_ADC8192;SIN_CROTAL;BLOQUE_16CFG_SIN_CROTAL_20260602_130033_CFG001_CONFIG_01_-_B1F_AVG1_ADC8192;configurations;toma con tabla personalizada de configuraciones;CONFIG 01 - B1F_AVG1_ADC8192;354;8.841038;5597;1959;25.85;2081;31;31;1;100;411;8192;50;0;confirmada;2026-06-02T13:01:19.699
BLOQUE_16CFG_SIN_CROTAL_20260602_130033_CFG001_CONFIG_01_-_B1F_AVG1_ADC8192;SIN_CROTAL;BLOQUE_16CFG_SIN_CROTAL_20260602_130033_CFG001_CONFIG_01_-_B1F_AVG1_ADC8192;configurations;toma con tabla personalizada de configuraciones;CONFIG 01 - B1F_AVG1_ADC8192;355;8.871517;5604;1965;24.31;2020;31;31;1;100;411;8192;50;0;confirmada;2026-06-02T13:01:19.699
BLOQUE_16CFG_SIN_CROTAL_20260602_130033_CFG001_CONFIG_01_-_B1F_AVG1_ADC8192;SIN_CROTAL;BLOQUE_16CFG_SIN_CROTAL_20260602_130033_CFG001_CONFIG_01_-_B1F_AVG1_ADC8192;configurations;toma con tabla personalizada de configuraciones;CONFIG 01 - B1F_AVG1_ADC8192;356;8.891392;5603;1963;25.09;2051;31;31;1;100;411;8192;50;0;confirmada;2026-06-02T13:01:19.699
BLOQUE_16CFG_SIN_CROTAL_20260602_130033_CFG001_CONFIG_01_-_B1F_AVG1_ADC8192;SIN_CROTAL;BLOQUE_16CFG_SIN_CROTAL_20260602_130033_CFG001_CONFIG_01_-_B1F_AVG1_ADC8192;configurations;toma con tabla personalizada de configuraciones;CONFIG 01 - B1F_AVG1_ADC8192;357;8.921598;5595;1966;24.61;2032;31;31;1;100;411;8192;50;0;confirmada;2026-06-02T13:01:19.699
BLOQUE_16CFG_SIN_CROTAL_20260602_130033_CFG001_CONFIG_01_-_B1F_AVG1_ADC8192;SIN_CROTAL;BLOQUE_16CFG_SIN_CROTAL_20260602_130033_CFG001_CONFIG_01_-_B1F_AVG1_ADC8192;configurations;toma con tabla personalizada de configuraciones;CONFIG 01 - B1F_AVG1_ADC8192;358;8.941206;5604;1961;25.11;2052;31;31;1;100;411;8192;50;0;confirmada;2026-06-02T13:01:19.699
BLOQUE_16CFG_SIN_CROTAL_20260602_130033_CFG001_CONFIG_01_-_B1F_AVG1_ADC8192;SIN_CROTAL;BLOQUE_16CFG_SIN_CROTAL_20260602_130033_CFG001_CONFIG_01_-_B1F_AVG1_ADC8192;configurations;toma con tabla personalizada de configuraciones;CONFIG 01 - B1F_AVG1_ADC8192;359;8.971720;5597;1966;25.11;2052;31;31;1;100;411;8192;50;0;confirmada;2026-06-02T13:01:19.699
BLOQUE_16CFG_SIN_CROTAL_20260602_130033_CFG001_CONFIG_01_-_B1F_AVG1_ADC8192;SIN_CROTAL;BLOQUE_16CFG_SIN_CROTAL_20260602_130033_CFG001_CONFIG_01_-_B1F_AVG1_ADC8192;configurations;toma con tabla personalizada de configuraciones;CONFIG 01 - B1F_AVG1_ADC8192;360;8.991293;5594;1960;24.23;2017;31;31;1;100;411;8192;50;0;confirmada;2026-06-02T13:01:19.699
BLOQUE_16CFG_SIN_CROTAL_20260602_130033_CFG001_CONFIG_01_-_B1F_AVG1_ADC8192;SIN_CROTAL;BLOQUE_16CFG_SIN_CROTAL_20260602_130033_CFG001_CONFIG_01_-_B1F_AVG1_ADC8192;configurations;toma con tabla personalizada de configuraciones;CONFIG 01 - B1F_AVG1_ADC8192;361;9.021911;5595;1962;24.41;2024;31;31;1;100;411;8192;50;0;confirmada;2026-06-02T13:01:19.699
BLOQUE_16CFG_SIN_CROTAL_20260602_130033_CFG001_CONFIG_01_-_B1F_AVG1_ADC8192;SIN_CROTAL;BLOQUE_16CFG_SIN_CROTAL_20260602_130033_CFG001_CONFIG_01_-_B1F_AVG1_ADC8192;configurations;toma con tabla personalizada de configuraciones;CONFIG 01 - B1F_AVG1_ADC8192;362;9.042024;5609;1964;25.37;2062;31;31;1;100;411;8192;50;0;confirmada;2026-06-02T13:01:19.699
BLOQUE_16CFG_SIN_CROTAL_20260602_130033_CFG001_CONFIG_01_-_B1F_AVG1_ADC8192;SIN_CROTAL;BLOQUE_16CFG_SIN_CROTAL_20260602_130033_CFG001_CONFIG_01_-_B1F_AVG1_ADC8192;configurations;toma con tabla personalizada de configuraciones;CONFIG 01 - B1F_AVG1_ADC8192;363;9.071910;5606;1977;24.71;2036;31;31;1;100;411;8192;50;0;confirmada;2026-06-02T13:01:19.699
BLOQUE_16CFG_SIN_CROTAL_20260602_130033_CFG001_CONFIG_01_-_B1F_AVG1_ADC8192;SIN_CROTAL;BLOQUE_16CFG_SIN_CROTAL_20260602_130033_CFG001_CONFIG_01_-_B1F_AVG1_ADC8192;configurations;toma con tabla personalizada de configuraciones;CONFIG 01 - B1F_AVG1_ADC8192;364;9.092157;5608;1966;25.19;2055;31;31;1;100;411;8192;50;0;confirmada;2026-06-02T13:01:19.699
BLOQUE_16CFG_SIN_CROTAL_20260602_130033_CFG001_CONFIG_01_-_B1F_AVG1_ADC8192;SIN_CROTAL;BLOQUE_16CFG_SIN_CROTAL_20260602_130033_CFG001_CONFIG_01_-_B1F_AVG1_ADC8192;configurations;toma con tabla personalizada de configuraciones;CONFIG 01 - B1F_AVG1_ADC8192;365;9.122020;5608;1973;24.53;2029;31;31;1;100;411;8192;50;0;confirmada;2026-06-02T13:01:19.699
BLOQUE_16CFG_SIN_CROTAL_20260602_130033_CFG001_CONFIG_01_-_B1F_AVG1_ADC8192;SIN_CROTAL;BLOQUE_16CFG_SIN_CROTAL_20260602_130033_CFG001_CONFIG_01_-_B1F_AVG1_ADC8192;configurations;toma con tabla personalizada de configuraciones;CONFIG 01 - B1F_AVG1_ADC8192;366;9.141896;5610;1964;25.32;2060;31;31;1;100;411;8192;50;0;confirmada;2026-06-02T13:01:19.699
BLOQUE_16CFG_SIN_CROTAL_20260602_130033_CFG001_CONFIG_01_-_B1F_AVG1_ADC8192;SIN_CROTAL;BLOQUE_16CFG_SIN_CROTAL_20260602_130033_CFG001_CONFIG_01_-_B1F_AVG1_ADC8192;configurations;toma con tabla personalizada de configuraciones;CONFIG 01 - B1F_AVG1_ADC8192;367;9.172164;5605;1972;25.16;2054;31;31;1;100;411;8192;50;0;confirmada;2026-06-02T13:01:19.699
BLOQUE_16CFG_SIN_CROTAL_20260602_130033_CFG001_CONFIG_01_-_B1F_AVG1_ADC8192;SIN_CROTAL;BLOQUE_16CFG_SIN_CROTAL_20260602_130033_CFG001_CONFIG_01_-_B1F_AVG1_ADC8192;configurations;toma con tabla personalizada de configuraciones;CONFIG 01 - B1F_AVG1_ADC8192;368;9.192341;5607;1953;25.06;2050;31;31;1;100;411;8192;50;0;confirmada;2026-06-02T13:01:19.699
BLOQUE_16CFG_SIN_CROTAL_20260602_130033_CFG001_CONFIG_01_-_B1F_AVG1_ADC8192;SIN_CROTAL;BLOQUE_16CFG_SIN_CROTAL_20260602_130033_CFG001_CONFIG_01_-_B1F_AVG1_ADC8192;configurations;toma con tabla personalizada de configuraciones;CONFIG 01 - B1F_AVG1_ADC8192;369;9.222327;5605;1965;24.38;2023;31;31;1;100;411;8192;50;0;confirmada;2026-06-02T13:01:19.699
BLOQUE_16CFG_SIN_CROTAL_20260602_130033_CFG001_CONFIG_01_-_B1F_AVG1_ADC8192;SIN_CROTAL;BLOQUE_16CFG_SIN_CROTAL_20260602_130033_CFG001_CONFIG_01_-_B1F_AVG1_ADC8192;configurations;toma con tabla personalizada de configuraciones;CONFIG 01 - B1F_AVG1_ADC8192;370;9.242021;5592;1960;24.84;2041;31;31;1;100;411;8192;50;0;confirmada;2026-06-02T13:01:19.699
BLOQUE_16CFG_SIN_CROTAL_20260602_130033_CFG001_CONFIG_01_-_B1F_AVG1_ADC8192;SIN_CROTAL;BLOQUE_16CFG_SIN_CROTAL_20260602_130033_CFG001_CONFIG_01_-_B1F_AVG1_ADC8192;configurations;toma con tabla personalizada de configuraciones;CONFIG 01 - B1F_AVG1_ADC8192;371;9.272363;5595;1960;25.37;2062;31;31;1;100;411;8192;50;0;confirmada;2026-06-02T13:01:19.699
BLOQUE_16CFG_SIN_CROTAL_20260602_130033_CFG001_CONFIG_01_-_B1F_AVG1_ADC8192;SIN_CROTAL;BLOQUE_16CFG_SIN_CROTAL_20260602_130033_CFG001_CONFIG_01_-_B1F_AVG1_ADC8192;configurations;toma con tabla personalizada de configuraciones;CONFIG 01 - B1F_AVG1_ADC8192;372;9.292334;5599;1968;25.09;2051;31;31;1;100;411;8192;50;0;confirmada;2026-06-02T13:01:19.699
BLOQUE_16CFG_SIN_CROTAL_20260602_130033_CFG001_CONFIG_01_-_B1F_AVG1_ADC8192;SIN_CROTAL;BLOQUE_16CFG_SIN_CROTAL_20260602_130033_CFG001_CONFIG_01_-_B1F_AVG1_ADC8192;configurations;toma con tabla personalizada de configuraciones;CONFIG 01 - B1F_AVG1_ADC8192;373;9.322503;5603;1963;26.15;2093;31;31;1;100;411;8192;50;0;confirmada;2026-06-02T13:01:19.699
BLOQUE_16CFG_SIN_CROTAL_20260602_130033_CFG001_CONFIG_01_-_B1F_AVG1_ADC8192;SIN_CROTAL;BLOQUE_16CFG_SIN_CROTAL_20260602_130033_CFG001_CONFIG_01_-_B1F_AVG1_ADC8192;configurations;toma con tabla personalizada de configuraciones;CONFIG 01 - B1F_AVG1_ADC8192;374;9.341990;5596;1964;24.99;2047;31;31;1;100;411;8192;50;0;confirmada;2026-06-02T13:01:19.699
BLOQUE_16CFG_SIN_CROTAL_20260602_130033_CFG001_CONFIG_01_-_B1F_AVG1_ADC8192;SIN_CROTAL;BLOQUE_16CFG_SIN_CROTAL_20260602_130033_CFG001_CONFIG_01_-_B1F_AVG1_ADC8192;configurations;toma con tabla personalizada de configuraciones;CONFIG 01 - B1F_AVG1_ADC8192;375;9.372675;5599;1957;25.85;2081;31;31;1;100;411;8192;50;0;confirmada;2026-06-02T13:01:19.699
BLOQUE_16CFG_SIN_CROTAL_20260602_130033_CFG001_CONFIG_01_-_B1F_AVG1_ADC8192;SIN_CROTAL;BLOQUE_16CFG_SIN_CROTAL_20260602_130033_CFG001_CONFIG_01_-_B1F_AVG1_ADC8192;configurations;toma con tabla personalizada de configuraciones;CONFIG 01 - B1F_AVG1_ADC8192;376;9.392159;5612;1962;24.96;2046;31;31;1;100;411;8192;50;0;confirmada;2026-06-02T13:01:19.699
BLOQUE_16CFG_SIN_CROTAL_20260602_130033_CFG001_CONFIG_01_-_B1F_AVG1_ADC8192;SIN_CROTAL;BLOQUE_16CFG_SIN_CROTAL_20260602_130033_CFG001_CONFIG_01_-_B1F_AVG1_ADC8192;configurations;toma con tabla personalizada de configuraciones;CONFIG 01 - B1F_AVG1_ADC8192;377;9.422770;5601;1957;25.11;2052;31;31;1;100;411;8192;50;0;confirmada;2026-06-02T13:01:19.699
BLOQUE_16CFG_SIN_CROTAL_20260602_130033_CFG001_CONFIG_01_-_B1F_AVG1_ADC8192;SIN_CROTAL;BLOQUE_16CFG_SIN_CROTAL_20260602_130033_CFG001_CONFIG_01_-_B1F_AVG1_ADC8192;configurations;toma con tabla personalizada de configuraciones;CONFIG 01 - B1F_AVG1_ADC8192;378;9.442904;5599;1962;24.66;2034;31;31;1;100;411;8192;50;0;confirmada;2026-06-02T13:01:19.699
BLOQUE_16CFG_SIN_CROTAL_20260602_130033_CFG001_CONFIG_01_-_B1F_AVG1_ADC8192;SIN_CROTAL;BLOQUE_16CFG_SIN_CROTAL_20260602_130033_CFG001_CONFIG_01_-_B1F_AVG1_ADC8192;configurations;toma con tabla personalizada de configuraciones;CONFIG 01 - B1F_AVG1_ADC8192;379;9.472862;5596;1962;24.66;2034;31;31;1;100;411;8192;50;0;confirmada;2026-06-02T13:01:19.699
BLOQUE_16CFG_SIN_CROTAL_20260602_130033_CFG001_CONFIG_01_-_B1F_AVG1_ADC8192;SIN_CROTAL;BLOQUE_16CFG_SIN_CROTAL_20260602_130033_CFG001_CONFIG_01_-_B1F_AVG1_ADC8192;configurations;toma con tabla personalizada de configuraciones;CONFIG 01 - B1F_AVG1_ADC8192;380;9.492904;5602;1969;24.96;2046;31;31;1;100;411;8192;50;0;confirmada;2026-06-02T13:01:19.699
BLOQUE_16CFG_SIN_CROTAL_20260602_130033_CFG001_CONFIG_01_-_B1F_AVG1_ADC8192;SIN_CROTAL;BLOQUE_16CFG_SIN_CROTAL_20260602_130033_CFG001_CONFIG_01_-_B1F_AVG1_ADC8192;configurations;toma con tabla personalizada de configuraciones;CONFIG 01 - B1F_AVG1_ADC8192;381;9.523021;5611;1966;24.36;2022;31;31;1;100;411;8192;50;0;confirmada;2026-06-02T13:01:19.699
BLOQUE_16CFG_SIN_CROTAL_20260602_130033_CFG001_CONFIG_01_-_B1F_AVG1_ADC8192;SIN_CROTAL;BLOQUE_16CFG_SIN_CROTAL_20260602_130033_CFG001_CONFIG_01_-_B1F_AVG1_ADC8192;configurations;toma con tabla personalizada de configuraciones;CONFIG 01 - B1F_AVG1_ADC8192;382;9.542808;5598;1960;25.39;2063;31;31;1;100;411;8192;50;0;confirmada;2026-06-02T13:01:19.699
BLOQUE_16CFG_SIN_CROTAL_20260602_130033_CFG001_CONFIG_01_-_B1F_AVG1_ADC8192;SIN_CROTAL;BLOQUE_16CFG_SIN_CROTAL_20260602_130033_CFG001_CONFIG_01_-_B1F_AVG1_ADC8192;configurations;toma con tabla personalizada de configuraciones;CONFIG 01 - B1F_AVG1_ADC8192;383;9.573156;5600;1968;24.91;2044;31;31;1;100;411;8192;50;0;confirmada;2026-06-02T13:01:19.699
BLOQUE_16CFG_SIN_CROTAL_20260602_130033_CFG001_CONFIG_01_-_B1F_AVG1_ADC8192;SIN_CROTAL;BLOQUE_16CFG_SIN_CROTAL_20260602_130033_CFG001_CONFIG_01_-_B1F_AVG1_ADC8192;configurations;toma con tabla personalizada de configuraciones;CONFIG 01 - B1F_AVG1_ADC8192;384;9.593162;5600;1964;25.27;2058;31;31;1;100;411;8192;50;0;confirmada;2026-06-02T13:01:19.700
BLOQUE_16CFG_SIN_CROTAL_20260602_130033_CFG001_CONFIG_01_-_B1F_AVG1_ADC8192;SIN_CROTAL;BLOQUE_16CFG_SIN_CROTAL_20260602_130033_CFG001_CONFIG_01_-_B1F_AVG1_ADC8192;configurations;toma con tabla personalizada de configuraciones;CONFIG 01 - B1F_AVG1_ADC8192;385;9.623243;5604;1956;25.16;2054;31;31;1;100;411;8192;50;0;confirmada;2026-06-02T13:01:19.700
BLOQUE_16CFG_SIN_CROTAL_20260602_130033_CFG001_CONFIG_01_-_B1F_AVG1_ADC8192;SIN_CROTAL;BLOQUE_16CFG_SIN_CROTAL_20260602_130033_CFG001_CONFIG_01_-_B1F_AVG1_ADC8192;configurations;toma con tabla personalizada de configuraciones;CONFIG 01 - B1F_AVG1_ADC8192;386;9.643038;5595;1965;25.82;2080;31;31;1;100;411;8192;50;0;confirmada;2026-06-02T13:01:19.700
BLOQUE_16CFG_SIN_CROTAL_20260602_130033_CFG001_CONFIG_01_-_B1F_AVG1_ADC8192;SIN_CROTAL;BLOQUE_16CFG_SIN_CROTAL_20260602_130033_CFG001_CONFIG_01_-_B1F_AVG1_ADC8192;configurations;toma con tabla personalizada de configuraciones;CONFIG 01 - B1F_AVG1_ADC8192;387;9.673358;5600;1968;24.68;2035;31;31;1;100;411;8192;50;0;confirmada;2026-06-02T13:01:19.700
BLOQUE_16CFG_SIN_CROTAL_20260602_130033_CFG001_CONFIG_01_-_B1F_AVG1_ADC8192;SIN_CROTAL;BLOQUE_16CFG_SIN_CROTAL_20260602_130033_CFG001_CONFIG_01_-_B1F_AVG1_ADC8192;configurations;toma con tabla personalizada de configuraciones;CONFIG 01 - B1F_AVG1_ADC8192;388;9.693416;5604;1968;24.89;2043;31;31;1;100;411;8192;50;0;confirmada;2026-06-02T13:01:19.700
BLOQUE_16CFG_SIN_CROTAL_20260602_130033_CFG001_CONFIG_01_-_B1F_AVG1_ADC8192;SIN_CROTAL;BLOQUE_16CFG_SIN_CROTAL_20260602_130033_CFG001_CONFIG_01_-_B1F_AVG1_ADC8192;configurations;toma con tabla personalizada de configuraciones;CONFIG 01 - B1F_AVG1_ADC8192;389;9.723415;5600;1966;24.51;2028;31;31;1;100;411;8192;50;0;confirmada;2026-06-02T13:01:19.700
BLOQUE_16CFG_SIN_CROTAL_20260602_130033_CFG001_CONFIG_01_-_B1F_AVG1_ADC8192;SIN_CROTAL;BLOQUE_16CFG_SIN_CROTAL_20260602_130033_CFG001_CONFIG_01_-_B1F_AVG1_ADC8192;configurations;toma con tabla personalizada de configuraciones;CONFIG 01 - B1F_AVG1_ADC8192;390;9.743418;5603;1971;26.05;2089;31;31;1;100;411;8192;50;0;confirmada;2026-06-02T13:01:19.700
BLOQUE_16CFG_SIN_CROTAL_20260602_130033_CFG001_CONFIG_01_-_B1F_AVG1_ADC8192;SIN_CROTAL;BLOQUE_16CFG_SIN_CROTAL_20260602_130033_CFG001_CONFIG_01_-_B1F_AVG1_ADC8192;configurations;toma con tabla personalizada de configuraciones;CONFIG 01 - B1F_AVG1_ADC8192;391;9.773704;5608;1960;24.86;2042;31;31;1;100;411;8192;50;0;confirmada;2026-06-02T13:01:19.700
BLOQUE_16CFG_SIN_CROTAL_20260602_130033_CFG001_CONFIG_01_-_B1F_AVG1_ADC8192;SIN_CROTAL;BLOQUE_16CFG_SIN_CROTAL_20260602_130033_CFG001_CONFIG_01_-_B1F_AVG1_ADC8192;configurations;toma con tabla personalizada de configuraciones;CONFIG 01 - B1F_AVG1_ADC8192;392;9.794177;5608;1956;25.62;2072;31;31;1;100;411;8192;50;0;confirmada;2026-06-02T13:01:19.700
BLOQUE_16CFG_SIN_CROTAL_20260602_130033_CFG001_CONFIG_01_-_B1F_AVG1_ADC8192;SIN_CROTAL;BLOQUE_16CFG_SIN_CROTAL_20260602_130033_CFG001_CONFIG_01_-_B1F_AVG1_ADC8192;configurations;toma con tabla personalizada de configuraciones;CONFIG 01 - B1F_AVG1_ADC8192;393;9.823721;5601;1968;25.24;2057;31;31;1;100;411;8192;50;0;confirmada;2026-06-02T13:01:19.700
BLOQUE_16CFG_SIN_CROTAL_20260602_130033_CFG001_CONFIG_01_-_B1F_AVG1_ADC8192;SIN_CROTAL;BLOQUE_16CFG_SIN_CROTAL_20260602_130033_CFG001_CONFIG_01_-_B1F_AVG1_ADC8192;configurations;toma con tabla personalizada de configuraciones;CONFIG 01 - B1F_AVG1_ADC8192;394;9.843896;5605;1961;24.86;2042;31;31;1;100;411;8192;50;0;confirmada;2026-06-02T13:01:19.700
BLOQUE_16CFG_SIN_CROTAL_20260602_130033_CFG001_CONFIG_01_-_B1F_AVG1_ADC8192;SIN_CROTAL;BLOQUE_16CFG_SIN_CROTAL_20260602_130033_CFG001_CONFIG_01_-_B1F_AVG1_ADC8192;configurations;toma con tabla personalizada de configuraciones;CONFIG 01 - B1F_AVG1_ADC8192;395;9.873983;5597;1964;24.38;2023;31;31;1;100;411;8192;50;0;confirmada;2026-06-02T13:01:19.700
BLOQUE_16CFG_SIN_CROTAL_20260602_130033_CFG001_CONFIG_01_-_B1F_AVG1_ADC8192;SIN_CROTAL;BLOQUE_16CFG_SIN_CROTAL_20260602_130033_CFG001_CONFIG_01_-_B1F_AVG1_ADC8192;configurations;toma con tabla personalizada de configuraciones;CONFIG 01 - B1F_AVG1_ADC8192;396;9.894370;5601;1961;24.61;2032;31;31;1;100;411;8192;50;0;confirmada;2026-06-02T13:01:19.700
BLOQUE_16CFG_SIN_CROTAL_20260602_130033_CFG001_CONFIG_01_-_B1F_AVG1_ADC8192;SIN_CROTAL;BLOQUE_16CFG_SIN_CROTAL_20260602_130033_CFG001_CONFIG_01_-_B1F_AVG1_ADC8192;configurations;toma con tabla personalizada de configuraciones;CONFIG 01 - B1F_AVG1_ADC8192;397;9.924115;5603;1956;25.09;2051;31;31;1;100;411;8192;50;0;confirmada;2026-06-02T13:01:19.700
BLOQUE_16CFG_SIN_CROTAL_20260602_130033_CFG001_CONFIG_01_-_B1F_AVG1_ADC8192;SIN_CROTAL;BLOQUE_16CFG_SIN_CROTAL_20260602_130033_CFG001_CONFIG_01_-_B1F_AVG1_ADC8192;configurations;toma con tabla personalizada de configuraciones;CONFIG 01 - B1F_AVG1_ADC8192;398;9.944638;5603;1960;24.76;2038;31;31;1;100;411;8192;50;0;confirmada;2026-06-02T13:01:19.700
BLOQUE_16CFG_SIN_CROTAL_20260602_130033_CFG001_CONFIG_01_-_B1F_AVG1_ADC8192;SIN_CROTAL;BLOQUE_16CFG_SIN_CROTAL_20260602_130033_CFG001_CONFIG_01_-_B1F_AVG1_ADC8192;configurations;toma con tabla personalizada de configuraciones;CONFIG 01 - B1F_AVG1_ADC8192;399;9.974062;5599;1964;24.86;2042;31;31;1;100;411;8192;50;0;confirmada;2026-06-02T13:01:19.700
BLOQUE_16CFG_SIN_CROTAL_20260602_130033_CFG001_CONFIG_01_-_B1F_AVG1_ADC8192;SIN_CROTAL;BLOQUE_16CFG_SIN_CROTAL_20260602_130033_CFG001_CONFIG_01_-_B1F_AVG1_ADC8192;configurations;toma con tabla personalizada de configuraciones;CONFIG 01 - B1F_AVG1_ADC8192;400;9.994354;5612;1963;24.48;2027;31;31;1;100;411;8192;50;0;confirmada;2026-06-02T13:01:19.700
BLOQUE_16CFG_SIN_CROTAL_20260602_130033_CFG001_CONFIG_01_-_B1F_AVG1_ADC8192;SIN_CROTAL;BLOQUE_16CFG_SIN_CROTAL_20260602_130033_CFG001_CONFIG_01_-_B1F_AVG1_ADC8192;configurations;toma con tabla personalizada de configuraciones;CONFIG 01 - B1F_AVG1_ADC8192;401;10.024377;5601;1960;25.32;2060;31;31;1;100;411;8192;50;0;confirmada;2026-06-02T13:01:19.700
BLOQUE_16CFG_SIN_CROTAL_20260602_130033_CFG001_CONFIG_01_-_B1F_AVG1_ADC8192;SIN_CROTAL;BLOQUE_16CFG_SIN_CROTAL_20260602_130033_CFG001_CONFIG_01_-_B1F_AVG1_ADC8192;configurations;toma con tabla personalizada de configuraciones;CONFIG 01 - B1F_AVG1_ADC8192;402;10.044109;5603;1972;24.68;2035;31;31;1;100;411;8192;50;0;confirmada;2026-06-02T13:01:19.700
BLOQUE_16CFG_SIN_CROTAL_20260602_130033_CFG001_CONFIG_01_-_B1F_AVG1_ADC8192;SIN_CROTAL;BLOQUE_16CFG_SIN_CROTAL_20260602_130033_CFG001_CONFIG_01_-_B1F_AVG1_ADC8192;configurations;toma con tabla personalizada de configuraciones;CONFIG 01 - B1F_AVG1_ADC8192;403;10.074298;5608;1963;24.94;2045;31;31;1;100;411;8192;50;0;confirmada;2026-06-02T13:01:19.700
BLOQUE_16CFG_SIN_CROTAL_20260602_130033_CFG001_CONFIG_01_-_B1F_AVG1_ADC8192;SIN_CROTAL;BLOQUE_16CFG_SIN_CROTAL_20260602_130033_CFG001_CONFIG_01_-_B1F_AVG1_ADC8192;configurations;toma con tabla personalizada de configuraciones;CONFIG 01 - B1F_AVG1_ADC8192;404;10.093908;5592;1964;25.24;2057;31;31;1;100;411;8192;50;0;confirmada;2026-06-02T13:01:19.700
BLOQUE_16CFG_SIN_CROTAL_20260602_130033_CFG001_CONFIG_01_-_B1F_AVG1_ADC8192;SIN_CROTAL;BLOQUE_16CFG_SIN_CROTAL_20260602_130033_CFG001_CONFIG_01_-_B1F_AVG1_ADC8192;configurations;toma con tabla personalizada de configuraciones;CONFIG 01 - B1F_AVG1_ADC8192;405;10.124452;5602;1961;24.89;2043;31;31;1;100;411;8192;50;0;confirmada;2026-06-02T13:01:19.700
BLOQUE_16CFG_SIN_CROTAL_20260602_130033_CFG001_CONFIG_01_-_B1F_AVG1_ADC8192;SIN_CROTAL;BLOQUE_16CFG_SIN_CROTAL_20260602_130033_CFG001_CONFIG_01_-_B1F_AVG1_ADC8192;configurations;toma con tabla personalizada de configuraciones;CONFIG 01 - B1F_AVG1_ADC8192;406;10.144349;5598;1962;24.41;2024;31;31;1;100;411;8192;50;0;confirmada;2026-06-02T13:01:19.700
BLOQUE_16CFG_SIN_CROTAL_20260602_130033_CFG001_CONFIG_01_-_B1F_AVG1_ADC8192;SIN_CROTAL;BLOQUE_16CFG_SIN_CROTAL_20260602_130033_CFG001_CONFIG_01_-_B1F_AVG1_ADC8192;configurations;toma con tabla personalizada de configuraciones;CONFIG 01 - B1F_AVG1_ADC8192;407;10.174651;5594;1965;24.33;2021;31;31;1;100;411;8192;50;0;confirmada;2026-06-02T13:01:19.700
BLOQUE_16CFG_SIN_CROTAL_20260602_130033_CFG001_CONFIG_01_-_B1F_AVG1_ADC8192;SIN_CROTAL;BLOQUE_16CFG_SIN_CROTAL_20260602_130033_CFG001_CONFIG_01_-_B1F_AVG1_ADC8192;configurations;toma con tabla personalizada de configuraciones;CONFIG 01 - B1F_AVG1_ADC8192;408;10.194816;5600;1955;25.24;2057;31;31;1;100;411;8192;50;0;confirmada;2026-06-02T13:01:19.700
BLOQUE_16CFG_SIN_CROTAL_20260602_130033_CFG001_CONFIG_01_-_B1F_AVG1_ADC8192;SIN_CROTAL;BLOQUE_16CFG_SIN_CROTAL_20260602_130033_CFG001_CONFIG_01_-_B1F_AVG1_ADC8192;configurations;toma con tabla personalizada de configuraciones;CONFIG 01 - B1F_AVG1_ADC8192;409;10.224769;5606;1969;24.31;2020;31;31;1;100;411;8192;50;0;confirmada;2026-06-02T13:01:19.700
BLOQUE_16CFG_SIN_CROTAL_20260602_130033_CFG001_CONFIG_01_-_B1F_AVG1_ADC8192;SIN_CROTAL;BLOQUE_16CFG_SIN_CROTAL_20260602_130033_CFG001_CONFIG_01_-_B1F_AVG1_ADC8192;configurations;toma con tabla personalizada de configuraciones;CONFIG 01 - B1F_AVG1_ADC8192;410;10.244940;5599;1958;25.16;2054;31;31;1;100;411;8192;50;0;confirmada;2026-06-02T13:01:19.700
BLOQUE_16CFG_SIN_CROTAL_20260602_130033_CFG001_CONFIG_01_-_B1F_AVG1_ADC8192;SIN_CROTAL;BLOQUE_16CFG_SIN_CROTAL_20260602_130033_CFG001_CONFIG_01_-_B1F_AVG1_ADC8192;configurations;toma con tabla personalizada de configuraciones;CONFIG 01 - B1F_AVG1_ADC8192;411;10.274989;5603;1968;25.01;2048;31;31;1;100;411;8192;50;0;confirmada;2026-06-02T13:01:19.700
BLOQUE_16CFG_SIN_CROTAL_20260602_130033_CFG001_CONFIG_01_-_B1F_AVG1_ADC8192;SIN_CROTAL;BLOQUE_16CFG_SIN_CROTAL_20260602_130033_CFG001_CONFIG_01_-_B1F_AVG1_ADC8192;configurations;toma con tabla personalizada de configuraciones;CONFIG 01 - B1F_AVG1_ADC8192;412;10.294493;5589;1958;25.14;2053;31;31;1;100;411;8192;50;0;confirmada;2026-06-02T13:01:19.700
BLOQUE_16CFG_SIN_CROTAL_20260602_130033_CFG001_CONFIG_01_-_B1F_AVG1_ADC8192;SIN_CROTAL;BLOQUE_16CFG_SIN_CROTAL_20260602_130033_CFG001_CONFIG_01_-_B1F_AVG1_ADC8192;configurations;toma con tabla personalizada de configuraciones;CONFIG 01 - B1F_AVG1_ADC8192;413;10.325055;5603;1963;24.68;2035;31;31;1;100;411;8192;50;0;confirmada;2026-06-02T13:01:19.700
BLOQUE_16CFG_SIN_CROTAL_20260602_130033_CFG001_CONFIG_01_-_B1F_AVG1_ADC8192;SIN_CROTAL;BLOQUE_16CFG_SIN_CROTAL_20260602_130033_CFG001_CONFIG_01_-_B1F_AVG1_ADC8192;configurations;toma con tabla personalizada de configuraciones;CONFIG 01 - B1F_AVG1_ADC8192;414;10.345491;5613;1957;24.81;2040;31;31;1;100;411;8192;50;0;confirmada;2026-06-02T13:01:19.700
BLOQUE_16CFG_SIN_CROTAL_20260602_130033_CFG001_CONFIG_01_-_B1F_AVG1_ADC8192;SIN_CROTAL;BLOQUE_16CFG_SIN_CROTAL_20260602_130033_CFG001_CONFIG_01_-_B1F_AVG1_ADC8192;configurations;toma con tabla personalizada de configuraciones;CONFIG 01 - B1F_AVG1_ADC8192;415;10.375068;5597;1968;24.86;2042;31;31;1;100;411;8192;50;0;confirmada;2026-06-02T13:01:19.700
BLOQUE_16CFG_SIN_CROTAL_20260602_130033_CFG001_CONFIG_01_-_B1F_AVG1_ADC8192;SIN_CROTAL;BLOQUE_16CFG_SIN_CROTAL_20260602_130033_CFG001_CONFIG_01_-_B1F_AVG1_ADC8192;configurations;toma con tabla personalizada de configuraciones;CONFIG 01 - B1F_AVG1_ADC8192;416;10.394781;5598;1965;24.36;2022;31;31;1;100;411;8192;50;0;confirmada;2026-06-02T13:01:19.700
BLOQUE_16CFG_SIN_CROTAL_20260602_130033_CFG001_CONFIG_01_-_B1F_AVG1_ADC8192;SIN_CROTAL;BLOQUE_16CFG_SIN_CROTAL_20260602_130033_CFG001_CONFIG_01_-_B1F_AVG1_ADC8192;configurations;toma con tabla personalizada de configuraciones;CONFIG 01 - B1F_AVG1_ADC8192;417;10.425297;5606;1960;25.27;2058;31;31;1;100;411;8192;50;0;confirmada;2026-06-02T13:01:19.700
BLOQUE_16CFG_SIN_CROTAL_20260602_130033_CFG001_CONFIG_01_-_B1F_AVG1_ADC8192;SIN_CROTAL;BLOQUE_16CFG_SIN_CROTAL_20260602_130033_CFG001_CONFIG_01_-_B1F_AVG1_ADC8192;configurations;toma con tabla personalizada de configuraciones;CONFIG 01 - B1F_AVG1_ADC8192;418;10.444884;5597;1960;25.44;2065;31;31;1;100;411;8192;50;0;confirmada;2026-06-02T13:01:19.700
BLOQUE_16CFG_SIN_CROTAL_20260602_130033_CFG001_CONFIG_01_-_B1F_AVG1_ADC8192;SIN_CROTAL;BLOQUE_16CFG_SIN_CROTAL_20260602_130033_CFG001_CONFIG_01_-_B1F_AVG1_ADC8192;configurations;toma con tabla personalizada de configuraciones;CONFIG 01 - B1F_AVG1_ADC8192;419;10.475329;5600;1973;25.44;2065;31;31;1;100;411;8192;50;0;confirmada;2026-06-02T13:01:19.700
BLOQUE_16CFG_SIN_CROTAL_20260602_130033_CFG001_CONFIG_01_-_B1F_AVG1_ADC8192;SIN_CROTAL;BLOQUE_16CFG_SIN_CROTAL_20260602_130033_CFG001_CONFIG_01_-_B1F_AVG1_ADC8192;configurations;toma con tabla personalizada de configuraciones;CONFIG 01 - B1F_AVG1_ADC8192;420;10.494829;5610;1963;24.76;2038;31;31;1;100;411;8192;50;0;confirmada;2026-06-02T13:01:19.700
BLOQUE_16CFG_SIN_CROTAL_20260602_130033_CFG001_CONFIG_01_-_B1F_AVG1_ADC8192;SIN_CROTAL;BLOQUE_16CFG_SIN_CROTAL_20260602_130033_CFG001_CONFIG_01_-_B1F_AVG1_ADC8192;configurations;toma con tabla personalizada de configuraciones;CONFIG 01 - B1F_AVG1_ADC8192;421;10.525388;5596;1958;25.39;2063;31;31;1;100;411;8192;50;0;confirmada;2026-06-02T13:01:19.700
BLOQUE_16CFG_SIN_CROTAL_20260602_130033_CFG001_CONFIG_01_-_B1F_AVG1_ADC8192;SIN_CROTAL;BLOQUE_16CFG_SIN_CROTAL_20260602_130033_CFG001_CONFIG_01_-_B1F_AVG1_ADC8192;configurations;toma con tabla personalizada de configuraciones;CONFIG 01 - B1F_AVG1_ADC8192;422;10.546079;5601;1964;25.65;2073;31;31;1;100;411;8192;50;0;confirmada;2026-06-02T13:01:19.700
BLOQUE_16CFG_SIN_CROTAL_20260602_130033_CFG001_CONFIG_01_-_B1F_AVG1_ADC8192;SIN_CROTAL;BLOQUE_16CFG_SIN_CROTAL_20260602_130033_CFG001_CONFIG_01_-_B1F_AVG1_ADC8192;configurations;toma con tabla personalizada de configuraciones;CONFIG 01 - B1F_AVG1_ADC8192;423;10.575542;5598;1973;25.14;2053;31;31;1;100;411;8192;50;0;confirmada;2026-06-02T13:01:19.700
BLOQUE_16CFG_SIN_CROTAL_20260602_130033_CFG001_CONFIG_01_-_B1F_AVG1_ADC8192;SIN_CROTAL;BLOQUE_16CFG_SIN_CROTAL_20260602_130033_CFG001_CONFIG_01_-_B1F_AVG1_ADC8192;configurations;toma con tabla personalizada de configuraciones;CONFIG 01 - B1F_AVG1_ADC8192;424;10.595686;5607;1972;25.14;2053;31;31;1;100;411;8192;50;0;confirmada;2026-06-02T13:01:19.700
BLOQUE_16CFG_SIN_CROTAL_20260602_130033_CFG001_CONFIG_01_-_B1F_AVG1_ADC8192;SIN_CROTAL;BLOQUE_16CFG_SIN_CROTAL_20260602_130033_CFG001_CONFIG_01_-_B1F_AVG1_ADC8192;configurations;toma con tabla personalizada de configuraciones;CONFIG 01 - B1F_AVG1_ADC8192;425;10.625776;5605;1959;25.19;2055;31;31;1;100;411;8192;50;0;confirmada;2026-06-02T13:01:19.700
BLOQUE_16CFG_SIN_CROTAL_20260602_130033_CFG001_CONFIG_01_-_B1F_AVG1_ADC8192;SIN_CROTAL;BLOQUE_16CFG_SIN_CROTAL_20260602_130033_CFG001_CONFIG_01_-_B1F_AVG1_ADC8192;configurations;toma con tabla personalizada de configuraciones;CONFIG 01 - B1F_AVG1_ADC8192;426;10.645859;5599;1967;24.94;2045;31;31;1;100;411;8192;50;0;confirmada;2026-06-02T13:01:19.700
BLOQUE_16CFG_SIN_CROTAL_20260602_130033_CFG001_CONFIG_01_-_B1F_AVG1_ADC8192;SIN_CROTAL;BLOQUE_16CFG_SIN_CROTAL_20260602_130033_CFG001_CONFIG_01_-_B1F_AVG1_ADC8192;configurations;toma con tabla personalizada de configuraciones;CONFIG 01 - B1F_AVG1_ADC8192;427;10.675882;5602;1969;24.43;2025;31;31;1;100;411;8192;50;0;confirmada;2026-06-02T13:01:19.700
BLOQUE_16CFG_SIN_CROTAL_20260602_130033_CFG001_CONFIG_01_-_B1F_AVG1_ADC8192;SIN_CROTAL;BLOQUE_16CFG_SIN_CROTAL_20260602_130033_CFG001_CONFIG_01_-_B1F_AVG1_ADC8192;configurations;toma con tabla personalizada de configuraciones;CONFIG 01 - B1F_AVG1_ADC8192;428;10.695681;5611;1962;24.41;2024;31;31;1;100;411;8192;50;0;confirmada;2026-06-02T13:01:19.700
BLOQUE_16CFG_SIN_CROTAL_20260602_130033_CFG001_CONFIG_01_-_B1F_AVG1_ADC8192;SIN_CROTAL;BLOQUE_16CFG_SIN_CROTAL_20260602_130033_CFG001_CONFIG_01_-_B1F_AVG1_ADC8192;configurations;toma con tabla personalizada de configuraciones;CONFIG 01 - B1F_AVG1_ADC8192;429;10.725926;5604;1963;25.06;2050;31;31;1;100;411;8192;50;0;confirmada;2026-06-02T13:01:19.700
BLOQUE_16CFG_SIN_CROTAL_20260602_130033_CFG001_CONFIG_01_-_B1F_AVG1_ADC8192;SIN_CROTAL;BLOQUE_16CFG_SIN_CROTAL_20260602_130033_CFG001_CONFIG_01_-_B1F_AVG1_ADC8192;configurations;toma con tabla personalizada de configuraciones;CONFIG 01 - B1F_AVG1_ADC8192;430;10.745566;5601;1957;25.32;2060;31;31;1;100;411;8192;50;0;confirmada;2026-06-02T13:01:19.700
BLOQUE_16CFG_SIN_CROTAL_20260602_130033_CFG001_CONFIG_01_-_B1F_AVG1_ADC8192;SIN_CROTAL;BLOQUE_16CFG_SIN_CROTAL_20260602_130033_CFG001_CONFIG_01_-_B1F_AVG1_ADC8192;configurations;toma con tabla personalizada de configuraciones;CONFIG 01 - B1F_AVG1_ADC8192;431;10.776021;5608;1961;25.24;2057;31;31;1;100;411;8192;50;0;confirmada;2026-06-02T13:01:19.700
BLOQUE_16CFG_SIN_CROTAL_20260602_130033_CFG001_CONFIG_01_-_B1F_AVG1_ADC8192;SIN_CROTAL;BLOQUE_16CFG_SIN_CROTAL_20260602_130033_CFG001_CONFIG_01_-_B1F_AVG1_ADC8192;configurations;toma con tabla personalizada de configuraciones;CONFIG 01 - B1F_AVG1_ADC8192;432;10.795903;5605;1966;24.94;2045;31;31;1;100;411;8192;50;0;confirmada;2026-06-02T13:01:19.700
BLOQUE_16CFG_SIN_CROTAL_20260602_130033_CFG001_CONFIG_01_-_B1F_AVG1_ADC8192;SIN_CROTAL;BLOQUE_16CFG_SIN_CROTAL_20260602_130033_CFG001_CONFIG_01_-_B1F_AVG1_ADC8192;configurations;toma con tabla personalizada de configuraciones;CONFIG 01 - B1F_AVG1_ADC8192;433;10.826189;5612;1965;24.53;2029;31;31;1;100;411;8192;50;0;confirmada;2026-06-02T13:01:19.700
BLOQUE_16CFG_SIN_CROTAL_20260602_130033_CFG001_CONFIG_01_-_B1F_AVG1_ADC8192;SIN_CROTAL;BLOQUE_16CFG_SIN_CROTAL_20260602_130033_CFG001_CONFIG_01_-_B1F_AVG1_ADC8192;configurations;toma con tabla personalizada de configuraciones;CONFIG 01 - B1F_AVG1_ADC8192;434;10.845799;5601;1954;25.11;2052;31;31;1;100;411;8192;50;0;confirmada;2026-06-02T13:01:19.700
BLOQUE_16CFG_SIN_CROTAL_20260602_130033_CFG001_CONFIG_01_-_B1F_AVG1_ADC8192;SIN_CROTAL;BLOQUE_16CFG_SIN_CROTAL_20260602_130033_CFG001_CONFIG_01_-_B1F_AVG1_ADC8192;configurations;toma con tabla personalizada de configuraciones;CONFIG 01 - B1F_AVG1_ADC8192;435;10.876384;5605;1958;24.66;2034;31;31;1;100;411;8192;50;0;confirmada;2026-06-02T13:01:19.700
BLOQUE_16CFG_SIN_CROTAL_20260602_130033_CFG001_CONFIG_01_-_B1F_AVG1_ADC8192;SIN_CROTAL;BLOQUE_16CFG_SIN_CROTAL_20260602_130033_CFG001_CONFIG_01_-_B1F_AVG1_ADC8192;configurations;toma con tabla personalizada de configuraciones;CONFIG 01 - B1F_AVG1_ADC8192;436;10.896351;5603;1962;24.46;2026;31;31;1;100;411;8192;50;0;confirmada;2026-06-02T13:01:19.700
BLOQUE_16CFG_SIN_CROTAL_20260602_130033_CFG001_CONFIG_01_-_B1F_AVG1_ADC8192;SIN_CROTAL;BLOQUE_16CFG_SIN_CROTAL_20260602_130033_CFG001_CONFIG_01_-_B1F_AVG1_ADC8192;configurations;toma con tabla personalizada de configuraciones;CONFIG 01 - B1F_AVG1_ADC8192;437;10.926525;5605;1968;24.89;2043;31;31;1;100;411;8192;50;0;confirmada;2026-06-02T13:01:19.700
BLOQUE_16CFG_SIN_CROTAL_20260602_130033_CFG001_CONFIG_01_-_B1F_AVG1_ADC8192;SIN_CROTAL;BLOQUE_16CFG_SIN_CROTAL_20260602_130033_CFG001_CONFIG_01_-_B1F_AVG1_ADC8192;configurations;toma con tabla personalizada de configuraciones;CONFIG 01 - B1F_AVG1_ADC8192;438;10.946552;5602;1967;24.58;2031;31;31;1;100;411;8192;50;0;confirmada;2026-06-02T13:01:19.700
BLOQUE_16CFG_SIN_CROTAL_20260602_130033_CFG001_CONFIG_01_-_B1F_AVG1_ADC8192;SIN_CROTAL;BLOQUE_16CFG_SIN_CROTAL_20260602_130033_CFG001_CONFIG_01_-_B1F_AVG1_ADC8192;configurations;toma con tabla personalizada de configuraciones;CONFIG 01 - B1F_AVG1_ADC8192;439;10.976607;5602;1965;24.91;2044;31;31;1;100;411;8192;50;0;confirmada;2026-06-02T13:01:19.700
BLOQUE_16CFG_SIN_CROTAL_20260602_130033_CFG001_CONFIG_01_-_B1F_AVG1_ADC8192;SIN_CROTAL;BLOQUE_16CFG_SIN_CROTAL_20260602_130033_CFG001_CONFIG_01_-_B1F_AVG1_ADC8192;configurations;toma con tabla personalizada de configuraciones;CONFIG 01 - B1F_AVG1_ADC8192;440;10.995977;5609;1955;25.54;2069;31;31;1;100;411;8192;50;0;confirmada;2026-06-02T13:01:19.700
BLOQUE_16CFG_SIN_CROTAL_20260602_130033_CFG001_CONFIG_01_-_B1F_AVG1_ADC8192;SIN_CROTAL;BLOQUE_16CFG_SIN_CROTAL_20260602_130033_CFG001_CONFIG_01_-_B1F_AVG1_ADC8192;configurations;toma con tabla personalizada de configuraciones;CONFIG 01 - B1F_AVG1_ADC8192;441;11.026653;5610;1970;24.38;2023;31;31;1;100;411;8192;50;0;confirmada;2026-06-02T13:01:19.700
BLOQUE_16CFG_SIN_CROTAL_20260602_130033_CFG001_CONFIG_01_-_B1F_AVG1_ADC8192;SIN_CROTAL;BLOQUE_16CFG_SIN_CROTAL_20260602_130033_CFG001_CONFIG_01_-_B1F_AVG1_ADC8192;configurations;toma con tabla personalizada de configuraciones;CONFIG 01 - B1F_AVG1_ADC8192;442;11.046565;5602;1956;24.26;2018;31;31;1;100;411;8192;50;0;confirmada;2026-06-02T13:01:19.700
BLOQUE_16CFG_SIN_CROTAL_20260602_130033_CFG001_CONFIG_01_-_B1F_AVG1_ADC8192;SIN_CROTAL;BLOQUE_16CFG_SIN_CROTAL_20260602_130033_CFG001_CONFIG_01_-_B1F_AVG1_ADC8192;configurations;toma con tabla personalizada de configuraciones;CONFIG 01 - B1F_AVG1_ADC8192;443;11.076881;5609;1971;25.34;2061;31;31;1;100;411;8192;50;0;confirmada;2026-06-02T13:01:19.700
BLOQUE_16CFG_SIN_CROTAL_20260602_130033_CFG001_CONFIG_01_-_B1F_AVG1_ADC8192;SIN_CROTAL;BLOQUE_16CFG_SIN_CROTAL_20260602_130033_CFG001_CONFIG_01_-_B1F_AVG1_ADC8192;configurations;toma con tabla personalizada de configuraciones;CONFIG 01 - B1F_AVG1_ADC8192;444;11.096885;5607;1968;24.94;2045;31;31;1;100;411;8192;50;0;confirmada;2026-06-02T13:01:19.700
BLOQUE_16CFG_SIN_CROTAL_20260602_130033_CFG001_CONFIG_01_-_B1F_AVG1_ADC8192;SIN_CROTAL;BLOQUE_16CFG_SIN_CROTAL_20260602_130033_CFG001_CONFIG_01_-_B1F_AVG1_ADC8192;configurations;toma con tabla personalizada de configuraciones;CONFIG 01 - B1F_AVG1_ADC8192;445;11.126947;5606;1962;24.79;2039;31;31;1;100;411;8192;50;0;confirmada;2026-06-02T13:01:19.700
BLOQUE_16CFG_SIN_CROTAL_20260602_130033_CFG001_CONFIG_01_-_B1F_AVG1_ADC8192;SIN_CROTAL;BLOQUE_16CFG_SIN_CROTAL_20260602_130033_CFG001_CONFIG_01_-_B1F_AVG1_ADC8192;configurations;toma con tabla personalizada de configuraciones;CONFIG 01 - B1F_AVG1_ADC8192;446;11.146716;5594;1965;25.16;2054;31;31;1;100;411;8192;50;0;confirmada;2026-06-02T13:01:19.700
BLOQUE_16CFG_SIN_CROTAL_20260602_130033_CFG001_CONFIG_01_-_B1F_AVG1_ADC8192;SIN_CROTAL;BLOQUE_16CFG_SIN_CROTAL_20260602_130033_CFG001_CONFIG_01_-_B1F_AVG1_ADC8192;configurations;toma con tabla personalizada de configuraciones;CONFIG 01 - B1F_AVG1_ADC8192;447;11.177088;5611;1969;24.56;2030;31;31;1;100;411;8192;50;0;confirmada;2026-06-02T13:01:19.700
BLOQUE_16CFG_SIN_CROTAL_20260602_130033_CFG001_CONFIG_01_-_B1F_AVG1_ADC8192;SIN_CROTAL;BLOQUE_16CFG_SIN_CROTAL_20260602_130033_CFG001_CONFIG_01_-_B1F_AVG1_ADC8192;configurations;toma con tabla personalizada de configuraciones;CONFIG 01 - B1F_AVG1_ADC8192;448;11.197571;5614;1960;25.01;2048;31;31;1;100;411;8192;50;0;confirmada;2026-06-02T13:01:19.700
BLOQUE_16CFG_SIN_CROTAL_20260602_130033_CFG001_CONFIG_01_-_B1F_AVG1_ADC8192;SIN_CROTAL;BLOQUE_16CFG_SIN_CROTAL_20260602_130033_CFG001_CONFIG_01_-_B1F_AVG1_ADC8192;configurations;toma con tabla personalizada de configuraciones;CONFIG 01 - B1F_AVG1_ADC8192;449;11.227090;5601;1975;25.54;2069;31;31;1;100;411;8192;50;0;confirmada;2026-06-02T13:01:19.700
BLOQUE_16CFG_SIN_CROTAL_20260602_130033_CFG001_CONFIG_01_-_B1F_AVG1_ADC8192;SIN_CROTAL;BLOQUE_16CFG_SIN_CROTAL_20260602_130033_CFG001_CONFIG_01_-_B1F_AVG1_ADC8192;configurations;toma con tabla personalizada de configuraciones;CONFIG 01 - B1F_AVG1_ADC8192;450;11.246946;5598;1962;24.84;2041;31;31;1;100;411;8192;50;0;confirmada;2026-06-02T13:01:19.700
BLOQUE_16CFG_SIN_CROTAL_20260602_130033_CFG001_CONFIG_01_-_B1F_AVG1_ADC8192;SIN_CROTAL;BLOQUE_16CFG_SIN_CROTAL_20260602_130033_CFG001_CONFIG_01_-_B1F_AVG1_ADC8192;configurations;toma con tabla personalizada de configuraciones;CONFIG 01 - B1F_AVG1_ADC8192;451;11.277253;5607;1973;24.56;2030;31;31;1;100;411;8192;50;0;confirmada;2026-06-02T13:01:19.700
BLOQUE_16CFG_SIN_CROTAL_20260602_130033_CFG001_CONFIG_01_-_B1F_AVG1_ADC8192;SIN_CROTAL;BLOQUE_16CFG_SIN_CROTAL_20260602_130033_CFG001_CONFIG_01_-_B1F_AVG1_ADC8192;configurations;toma con tabla personalizada de configuraciones;CONFIG 01 - B1F_AVG1_ADC8192;452;11.296861;5597;1964;25.14;2053;31;31;1;100;411;8192;50;0;confirmada;2026-06-02T13:01:19.700
BLOQUE_16CFG_SIN_CROTAL_20260602_130033_CFG001_CONFIG_01_-_B1F_AVG1_ADC8192;SIN_CROTAL;BLOQUE_16CFG_SIN_CROTAL_20260602_130033_CFG001_CONFIG_01_-_B1F_AVG1_ADC8192;configurations;toma con tabla personalizada de configuraciones;CONFIG 01 - B1F_AVG1_ADC8192;453;11.327368;5605;1964;24.61;2032;31;31;1;100;411;8192;50;0;confirmada;2026-06-02T13:01:19.700
BLOQUE_16CFG_SIN_CROTAL_20260602_130033_CFG001_CONFIG_01_-_B1F_AVG1_ADC8192;SIN_CROTAL;BLOQUE_16CFG_SIN_CROTAL_20260602_130033_CFG001_CONFIG_01_-_B1F_AVG1_ADC8192;configurations;toma con tabla personalizada de configuraciones;CONFIG 01 - B1F_AVG1_ADC8192;454;11.347307;5602;1965;25.32;2060;31;31;1;100;411;8192;50;0;confirmada;2026-06-02T13:01:19.700
BLOQUE_16CFG_SIN_CROTAL_20260602_130033_CFG001_CONFIG_01_-_B1F_AVG1_ADC8192;SIN_CROTAL;BLOQUE_16CFG_SIN_CROTAL_20260602_130033_CFG001_CONFIG_01_-_B1F_AVG1_ADC8192;configurations;toma con tabla personalizada de configuraciones;CONFIG 01 - B1F_AVG1_ADC8192;455;11.377637;5611;1963;25.04;2049;31;31;1;100;411;8192;50;0;confirmada;2026-06-02T13:01:19.700
BLOQUE_16CFG_SIN_CROTAL_20260602_130033_CFG001_CONFIG_01_-_B1F_AVG1_ADC8192;SIN_CROTAL;BLOQUE_16CFG_SIN_CROTAL_20260602_130033_CFG001_CONFIG_01_-_B1F_AVG1_ADC8192;configurations;toma con tabla personalizada de configuraciones;CONFIG 01 - B1F_AVG1_ADC8192;456;11.398105;5604;1966;25.29;2059;31;31;1;100;411;8192;50;0;confirmada;2026-06-02T13:01:19.700
BLOQUE_16CFG_SIN_CROTAL_20260602_130033_CFG001_CONFIG_01_-_B1F_AVG1_ADC8192;SIN_CROTAL;BLOQUE_16CFG_SIN_CROTAL_20260602_130033_CFG001_CONFIG_01_-_B1F_AVG1_ADC8192;configurations;toma con tabla personalizada de configuraciones;CONFIG 01 - B1F_AVG1_ADC8192;457;11.427679;5600;1975;25.24;2057;31;31;1;100;411;8192;50;0;confirmada;2026-06-02T13:01:19.700
BLOQUE_16CFG_SIN_CROTAL_20260602_130033_CFG001_CONFIG_01_-_B1F_AVG1_ADC8192;SIN_CROTAL;BLOQUE_16CFG_SIN_CROTAL_20260602_130033_CFG001_CONFIG_01_-_B1F_AVG1_ADC8192;configurations;toma con tabla personalizada de configuraciones;CONFIG 01 - B1F_AVG1_ADC8192;458;11.447602;5611;1970;25.27;2058;31;31;1;100;411;8192;50;0;confirmada;2026-06-02T13:01:19.700
BLOQUE_16CFG_SIN_CROTAL_20260602_130033_CFG001_CONFIG_01_-_B1F_AVG1_ADC8192;SIN_CROTAL;BLOQUE_16CFG_SIN_CROTAL_20260602_130033_CFG001_CONFIG_01_-_B1F_AVG1_ADC8192;configurations;toma con tabla personalizada de configuraciones;CONFIG 01 - B1F_AVG1_ADC8192;459;11.477787;5603;1967;24.53;2029;31;31;1;100;411;8192;50;0;confirmada;2026-06-02T13:01:19.700
BLOQUE_16CFG_SIN_CROTAL_20260602_130033_CFG001_CONFIG_01_-_B1F_AVG1_ADC8192;SIN_CROTAL;BLOQUE_16CFG_SIN_CROTAL_20260602_130033_CFG001_CONFIG_01_-_B1F_AVG1_ADC8192;configurations;toma con tabla personalizada de configuraciones;CONFIG 01 - B1F_AVG1_ADC8192;460;11.497739;5603;1951;25.32;2060;31;31;1;100;411;8192;50;0;confirmada;2026-06-02T13:01:19.700
BLOQUE_16CFG_SIN_CROTAL_20260602_130033_CFG001_CONFIG_01_-_B1F_AVG1_ADC8192;SIN_CROTAL;BLOQUE_16CFG_SIN_CROTAL_20260602_130033_CFG001_CONFIG_01_-_B1F_AVG1_ADC8192;configurations;toma con tabla personalizada de configuraciones;CONFIG 01 - B1F_AVG1_ADC8192;461;11.527963;5616;1972;25.42;2064;31;31;1;100;411;8192;50;0;confirmada;2026-06-02T13:01:19.700
BLOQUE_16CFG_SIN_CROTAL_20260602_130033_CFG001_CONFIG_01_-_B1F_AVG1_ADC8192;SIN_CROTAL;BLOQUE_16CFG_SIN_CROTAL_20260602_130033_CFG001_CONFIG_01_-_B1F_AVG1_ADC8192;configurations;toma con tabla personalizada de configuraciones;CONFIG 01 - B1F_AVG1_ADC8192;462;11.547986;5608;1961;24.91;2044;31;31;1;100;411;8192;50;0;confirmada;2026-06-02T13:01:19.700
BLOQUE_16CFG_SIN_CROTAL_20260602_130033_CFG001_CONFIG_01_-_B1F_AVG1_ADC8192;SIN_CROTAL;BLOQUE_16CFG_SIN_CROTAL_20260602_130033_CFG001_CONFIG_01_-_B1F_AVG1_ADC8192;configurations;toma con tabla personalizada de configuraciones;CONFIG 01 - B1F_AVG1_ADC8192;463;11.577959;5609;1968;25.16;2054;31;31;1;100;411;8192;50;0;confirmada;2026-06-02T13:01:19.700
BLOQUE_16CFG_SIN_CROTAL_20260602_130033_CFG001_CONFIG_01_-_B1F_AVG1_ADC8192;SIN_CROTAL;BLOQUE_16CFG_SIN_CROTAL_20260602_130033_CFG001_CONFIG_01_-_B1F_AVG1_ADC8192;configurations;toma con tabla personalizada de configuraciones;CONFIG 01 - B1F_AVG1_ADC8192;464;11.597698;5599;1962;25.04;2049;31;31;1;100;411;8192;50;0;confirmada;2026-06-02T13:01:19.700
BLOQUE_16CFG_SIN_CROTAL_20260602_130033_CFG001_CONFIG_01_-_B1F_AVG1_ADC8192;SIN_CROTAL;BLOQUE_16CFG_SIN_CROTAL_20260602_130033_CFG001_CONFIG_01_-_B1F_AVG1_ADC8192;configurations;toma con tabla personalizada de configuraciones;CONFIG 01 - B1F_AVG1_ADC8192;465;11.628273;5610;1962;24.96;2046;31;31;1;100;411;8192;50;0;confirmada;2026-06-02T13:01:19.700
BLOQUE_16CFG_SIN_CROTAL_20260602_130033_CFG001_CONFIG_01_-_B1F_AVG1_ADC8192;SIN_CROTAL;BLOQUE_16CFG_SIN_CROTAL_20260602_130033_CFG001_CONFIG_01_-_B1F_AVG1_ADC8192;configurations;toma con tabla personalizada de configuraciones;CONFIG 01 - B1F_AVG1_ADC8192;466;11.648763;5610;1960;24.89;2043;31;31;1;100;411;8192;50;0;confirmada;2026-06-02T13:01:19.701
BLOQUE_16CFG_SIN_CROTAL_20260602_130033_CFG001_CONFIG_01_-_B1F_AVG1_ADC8192;SIN_CROTAL;BLOQUE_16CFG_SIN_CROTAL_20260602_130033_CFG001_CONFIG_01_-_B1F_AVG1_ADC8192;configurations;toma con tabla personalizada de configuraciones;CONFIG 01 - B1F_AVG1_ADC8192;467;11.678308;5610;1971;25.16;2054;31;31;1;100;411;8192;50;0;confirmada;2026-06-02T13:01:19.701
BLOQUE_16CFG_SIN_CROTAL_20260602_130033_CFG001_CONFIG_01_-_B1F_AVG1_ADC8192;SIN_CROTAL;BLOQUE_16CFG_SIN_CROTAL_20260602_130033_CFG001_CONFIG_01_-_B1F_AVG1_ADC8192;configurations;toma con tabla personalizada de configuraciones;CONFIG 01 - B1F_AVG1_ADC8192;468;11.698030;5609;1958;24.96;2046;31;31;1;100;411;8192;50;0;confirmada;2026-06-02T13:01:19.701
BLOQUE_16CFG_SIN_CROTAL_20260602_130033_CFG001_CONFIG_01_-_B1F_AVG1_ADC8192;SIN_CROTAL;BLOQUE_16CFG_SIN_CROTAL_20260602_130033_CFG001_CONFIG_01_-_B1F_AVG1_ADC8192;configurations;toma con tabla personalizada de configuraciones;CONFIG 01 - B1F_AVG1_ADC8192;469;11.728386;5615;1960;25.42;2064;31;31;1;100;411;8192;50;0;confirmada;2026-06-02T13:01:19.701
BLOQUE_16CFG_SIN_CROTAL_20260602_130033_CFG001_CONFIG_01_-_B1F_AVG1_ADC8192;SIN_CROTAL;BLOQUE_16CFG_SIN_CROTAL_20260602_130033_CFG001_CONFIG_01_-_B1F_AVG1_ADC8192;configurations;toma con tabla personalizada de configuraciones;CONFIG 01 - B1F_AVG1_ADC8192;470;11.748761;5609;1949;25.22;2056;31;31;1;100;411;8192;50;0;confirmada;2026-06-02T13:01:19.701
BLOQUE_16CFG_SIN_CROTAL_20260602_130033_CFG001_CONFIG_01_-_B1F_AVG1_ADC8192;SIN_CROTAL;BLOQUE_16CFG_SIN_CROTAL_20260602_130033_CFG001_CONFIG_01_-_B1F_AVG1_ADC8192;configurations;toma con tabla personalizada de configuraciones;CONFIG 01 - B1F_AVG1_ADC8192;471;11.778541;5613;1968;25.06;2050;31;31;1;100;411;8192;50;0;confirmada;2026-06-02T13:01:19.701
BLOQUE_16CFG_SIN_CROTAL_20260602_130033_CFG001_CONFIG_01_-_B1F_AVG1_ADC8192;SIN_CROTAL;BLOQUE_16CFG_SIN_CROTAL_20260602_130033_CFG001_CONFIG_01_-_B1F_AVG1_ADC8192;configurations;toma con tabla personalizada de configuraciones;CONFIG 01 - B1F_AVG1_ADC8192;472;11.798538;5606;1973;25.34;2061;31;31;1;100;411;8192;50;0;confirmada;2026-06-02T13:01:19.701
BLOQUE_16CFG_SIN_CROTAL_20260602_130033_CFG001_CONFIG_01_-_B1F_AVG1_ADC8192;SIN_CROTAL;BLOQUE_16CFG_SIN_CROTAL_20260602_130033_CFG001_CONFIG_01_-_B1F_AVG1_ADC8192;configurations;toma con tabla personalizada de configuraciones;CONFIG 01 - B1F_AVG1_ADC8192;473;11.828665;5595;1955;24.66;2034;31;31;1;100;411;8192;50;0;confirmada;2026-06-02T13:01:19.701
BLOQUE_16CFG_SIN_CROTAL_20260602_130033_CFG001_CONFIG_01_-_B1F_AVG1_ADC8192;SIN_CROTAL;BLOQUE_16CFG_SIN_CROTAL_20260602_130033_CFG001_CONFIG_01_-_B1F_AVG1_ADC8192;configurations;toma con tabla personalizada de configuraciones;CONFIG 01 - B1F_AVG1_ADC8192;474;11.848883;5619;1967;25.39;2063;31;31;1;100;411;8192;50;0;confirmada;2026-06-02T13:01:19.701
BLOQUE_16CFG_SIN_CROTAL_20260602_130033_CFG001_CONFIG_01_-_B1F_AVG1_ADC8192;SIN_CROTAL;BLOQUE_16CFG_SIN_CROTAL_20260602_130033_CFG001_CONFIG_01_-_B1F_AVG1_ADC8192;configurations;toma con tabla personalizada de configuraciones;CONFIG 01 - B1F_AVG1_ADC8192;475;11.878818;5612;1966;24.38;2023;31;31;1;100;411;8192;50;0;confirmada;2026-06-02T13:01:19.701
BLOQUE_16CFG_SIN_CROTAL_20260602_130033_CFG001_CONFIG_01_-_B1F_AVG1_ADC8192;SIN_CROTAL;BLOQUE_16CFG_SIN_CROTAL_20260602_130033_CFG001_CONFIG_01_-_B1F_AVG1_ADC8192;configurations;toma con tabla personalizada de configuraciones;CONFIG 01 - B1F_AVG1_ADC8192;476;11.898540;5593;1964;24.21;2016;31;31;1;100;411;8192;50;0;confirmada;2026-06-02T13:01:19.701
BLOQUE_16CFG_SIN_CROTAL_20260602_130033_CFG001_CONFIG_01_-_B1F_AVG1_ADC8192;SIN_CROTAL;BLOQUE_16CFG_SIN_CROTAL_20260602_130033_CFG001_CONFIG_01_-_B1F_AVG1_ADC8192;configurations;toma con tabla personalizada de configuraciones;CONFIG 01 - B1F_AVG1_ADC8192;477;11.928837;5614;1970;25.09;2051;31;31;1;100;411;8192;50;0;confirmada;2026-06-02T13:01:19.701
BLOQUE_16CFG_SIN_CROTAL_20260602_130033_CFG001_CONFIG_01_-_B1F_AVG1_ADC8192;SIN_CROTAL;BLOQUE_16CFG_SIN_CROTAL_20260602_130033_CFG001_CONFIG_01_-_B1F_AVG1_ADC8192;configurations;toma con tabla personalizada de configuraciones;CONFIG 01 - B1F_AVG1_ADC8192;478;11.948673;5603;1963;25.09;2051;31;31;1;100;411;8192;50;0;confirmada;2026-06-02T13:01:19.701
BLOQUE_16CFG_SIN_CROTAL_20260602_130033_CFG001_CONFIG_01_-_B1F_AVG1_ADC8192;SIN_CROTAL;BLOQUE_16CFG_SIN_CROTAL_20260602_130033_CFG001_CONFIG_01_-_B1F_AVG1_ADC8192;configurations;toma con tabla personalizada de configuraciones;CONFIG 01 - B1F_AVG1_ADC8192;479;11.978948;5607;1961;24.81;2040;31;31;1;100;411;8192;50;0;confirmada;2026-06-02T13:01:19.701
BLOQUE_16CFG_SIN_CROTAL_20260602_130033_CFG001_CONFIG_01_-_B1F_AVG1_ADC8192;SIN_CROTAL;BLOQUE_16CFG_SIN_CROTAL_20260602_130033_CFG001_CONFIG_01_-_B1F_AVG1_ADC8192;configurations;toma con tabla personalizada de configuraciones;CONFIG 01 - B1F_AVG1_ADC8192;480;11.999658;5610;1970;24.91;2044;31;31;1;100;411;8192;50;0;confirmada;2026-06-02T13:01:19.701
BLOQUE_16CFG_SIN_CROTAL_20260602_130033_CFG001_CONFIG_01_-_B1F_AVG1_ADC8192;SIN_CROTAL;BLOQUE_16CFG_SIN_CROTAL_20260602_130033_CFG001_CONFIG_01_-_B1F_AVG1_ADC8192;configurations;toma con tabla personalizada de configuraciones;CONFIG 01 - B1F_AVG1_ADC8192;481;12.029263;5606;1966;24.99;2047;31;31;1;100;411;8192;50;0;confirmada;2026-06-02T13:01:19.701
BLOQUE_16CFG_SIN_CROTAL_20260602_130033_CFG001_CONFIG_01_-_B1F_AVG1_ADC8192;SIN_CROTAL;BLOQUE_16CFG_SIN_CROTAL_20260602_130033_CFG001_CONFIG_01_-_B1F_AVG1_ADC8192;configurations;toma con tabla personalizada de configuraciones;CONFIG 01 - B1F_AVG1_ADC8192;482;12.049682;5609;1960;25.19;2055;31;31;1;100;411;8192;50;0;confirmada;2026-06-02T13:01:19.701
BLOQUE_16CFG_SIN_CROTAL_20260602_130033_CFG001_CONFIG_01_-_B1F_AVG1_ADC8192;SIN_CROTAL;BLOQUE_16CFG_SIN_CROTAL_20260602_130033_CFG001_CONFIG_01_-_B1F_AVG1_ADC8192;configurations;toma con tabla personalizada de configuraciones;CONFIG 01 - B1F_AVG1_ADC8192;483;12.079200;5606;1972;25.24;2057;31;31;1;100;411;8192;50;0;confirmada;2026-06-02T13:01:19.701
BLOQUE_16CFG_SIN_CROTAL_20260602_130033_CFG001_CONFIG_01_-_B1F_AVG1_ADC8192;SIN_CROTAL;BLOQUE_16CFG_SIN_CROTAL_20260602_130033_CFG001_CONFIG_01_-_B1F_AVG1_ADC8192;configurations;toma con tabla personalizada de configuraciones;CONFIG 01 - B1F_AVG1_ADC8192;484;12.099631;5604;1957;24.28;2019;31;31;1;100;411;8192;50;0;confirmada;2026-06-02T13:01:19.701
BLOQUE_16CFG_SIN_CROTAL_20260602_130033_CFG001_CONFIG_01_-_B1F_AVG1_ADC8192;SIN_CROTAL;BLOQUE_16CFG_SIN_CROTAL_20260602_130033_CFG001_CONFIG_01_-_B1F_AVG1_ADC8192;configurations;toma con tabla personalizada de configuraciones;CONFIG 01 - B1F_AVG1_ADC8192;485;12.129421;5608;1967;24.58;2031;31;31;1;100;411;8192;50;0;confirmada;2026-06-02T13:01:19.701
BLOQUE_16CFG_SIN_CROTAL_20260602_130033_CFG001_CONFIG_01_-_B1F_AVG1_ADC8192;SIN_CROTAL;BLOQUE_16CFG_SIN_CROTAL_20260602_130033_CFG001_CONFIG_01_-_B1F_AVG1_ADC8192;configurations;toma con tabla personalizada de configuraciones;CONFIG 01 - B1F_AVG1_ADC8192;486;12.148982;5595;1957;24.48;2027;31;31;1;100;411;8192;50;0;confirmada;2026-06-02T13:01:19.701
BLOQUE_16CFG_SIN_CROTAL_20260602_130033_CFG001_CONFIG_01_-_B1F_AVG1_ADC8192;SIN_CROTAL;BLOQUE_16CFG_SIN_CROTAL_20260602_130033_CFG001_CONFIG_01_-_B1F_AVG1_ADC8192;configurations;toma con tabla personalizada de configuraciones;CONFIG 01 - B1F_AVG1_ADC8192;487;12.179454;5611;1965;25.29;2059;31;31;1;100;411;8192;50;0;confirmada;2026-06-02T13:01:19.701
BLOQUE_16CFG_SIN_CROTAL_20260602_130033_CFG001_CONFIG_01_-_B1F_AVG1_ADC8192;SIN_CROTAL;BLOQUE_16CFG_SIN_CROTAL_20260602_130033_CFG001_CONFIG_01_-_B1F_AVG1_ADC8192;configurations;toma con tabla personalizada de configuraciones;CONFIG 01 - B1F_AVG1_ADC8192;488;12.199854;5609;1966;25.32;2060;31;31;1;100;411;8192;50;0;confirmada;2026-06-02T13:01:19.701
BLOQUE_16CFG_SIN_CROTAL_20260602_130033_CFG001_CONFIG_01_-_B1F_AVG1_ADC8192;SIN_CROTAL;BLOQUE_16CFG_SIN_CROTAL_20260602_130033_CFG001_CONFIG_01_-_B1F_AVG1_ADC8192;configurations;toma con tabla personalizada de configuraciones;CONFIG 01 - B1F_AVG1_ADC8192;489;12.229709;5615;1965;24.53;2029;31;31;1;100;411;8192;50;0;confirmada;2026-06-02T13:01:19.701
BLOQUE_16CFG_SIN_CROTAL_20260602_130033_CFG001_CONFIG_01_-_B1F_AVG1_ADC8192;SIN_CROTAL;BLOQUE_16CFG_SIN_CROTAL_20260602_130033_CFG001_CONFIG_01_-_B1F_AVG1_ADC8192;configurations;toma con tabla personalizada de configuraciones;CONFIG 01 - B1F_AVG1_ADC8192;490;12.249569;5610;1972;25.34;2061;31;31;1;100;411;8192;50;0;confirmada;2026-06-02T13:01:19.701
BLOQUE_16CFG_SIN_CROTAL_20260602_130033_CFG001_CONFIG_01_-_B1F_AVG1_ADC8192;SIN_CROTAL;BLOQUE_16CFG_SIN_CROTAL_20260602_130033_CFG001_CONFIG_01_-_B1F_AVG1_ADC8192;configurations;toma con tabla personalizada de configuraciones;CONFIG 01 - B1F_AVG1_ADC8192;491;12.279757;5597;1973;25.06;2050;31;31;1;100;411;8192;50;0;confirmada;2026-06-02T13:01:19.701
BLOQUE_16CFG_SIN_CROTAL_20260602_130033_CFG001_CONFIG_01_-_B1F_AVG1_ADC8192;SIN_CROTAL;BLOQUE_16CFG_SIN_CROTAL_20260602_130033_CFG001_CONFIG_01_-_B1F_AVG1_ADC8192;configurations;toma con tabla personalizada de configuraciones;CONFIG 01 - B1F_AVG1_ADC8192;492;12.299992;5612;1961;25.14;2053;31;31;1;100;411;8192;50;0;confirmada;2026-06-02T13:01:19.701
BLOQUE_16CFG_SIN_CROTAL_20260602_130033_CFG001_CONFIG_01_-_B1F_AVG1_ADC8192;SIN_CROTAL;BLOQUE_16CFG_SIN_CROTAL_20260602_130033_CFG001_CONFIG_01_-_B1F_AVG1_ADC8192;configurations;toma con tabla personalizada de configuraciones;CONFIG 01 - B1F_AVG1_ADC8192;493;12.329906;5608;1967;24.46;2026;31;31;1;100;411;8192;50;0;confirmada;2026-06-02T13:01:19.701
BLOQUE_16CFG_SIN_CROTAL_20260602_130033_CFG001_CONFIG_01_-_B1F_AVG1_ADC8192;SIN_CROTAL;BLOQUE_16CFG_SIN_CROTAL_20260602_130033_CFG001_CONFIG_01_-_B1F_AVG1_ADC8192;configurations;toma con tabla personalizada de configuraciones;CONFIG 01 - B1F_AVG1_ADC8192;494;12.350053;5608;1968;24.89;2043;31;31;1;100;411;8192;50;0;confirmada;2026-06-02T13:01:19.701
BLOQUE_16CFG_SIN_CROTAL_20260602_130033_CFG001_CONFIG_01_-_B1F_AVG1_ADC8192;SIN_CROTAL;BLOQUE_16CFG_SIN_CROTAL_20260602_130033_CFG001_CONFIG_01_-_B1F_AVG1_ADC8192;configurations;toma con tabla personalizada de configuraciones;CONFIG 01 - B1F_AVG1_ADC8192;495;12.380048;5600;1962;25.01;2048;31;31;1;100;411;8192;50;0;confirmada;2026-06-02T13:01:19.701
BLOQUE_16CFG_SIN_CROTAL_20260602_130033_CFG001_CONFIG_01_-_B1F_AVG1_ADC8192;SIN_CROTAL;BLOQUE_16CFG_SIN_CROTAL_20260602_130033_CFG001_CONFIG_01_-_B1F_AVG1_ADC8192;configurations;toma con tabla personalizada de configuraciones;CONFIG 01 - B1F_AVG1_ADC8192;496;12.400385;5606;1959;25.44;2065;31;31;1;100;411;8192;50;0;confirmada;2026-06-02T13:01:19.701
BLOQUE_16CFG_SIN_CROTAL_20260602_130033_CFG001_CONFIG_01_-_B1F_AVG1_ADC8192;SIN_CROTAL;BLOQUE_16CFG_SIN_CROTAL_20260602_130033_CFG001_CONFIG_01_-_B1F_AVG1_ADC8192;configurations;toma con tabla personalizada de configuraciones;CONFIG 01 - B1F_AVG1_ADC8192;497;12.430085;5605;1960;24.96;2046;31;31;1;100;411;8192;50;0;confirmada;2026-06-02T13:01:19.701
BLOQUE_16CFG_SIN_CROTAL_20260602_130033_CFG001_CONFIG_01_-_B1F_AVG1_ADC8192;SIN_CROTAL;BLOQUE_16CFG_SIN_CROTAL_20260602_130033_CFG001_CONFIG_01_-_B1F_AVG1_ADC8192;configurations;toma con tabla personalizada de configuraciones;CONFIG 01 - B1F_AVG1_ADC8192;498;12.449657;5602;1966;25.32;2060;31;31;1;100;411;8192;50;0;confirmada;2026-06-02T13:01:19.701
BLOQUE_16CFG_SIN_CROTAL_20260602_130033_CFG001_CONFIG_01_-_B1F_AVG1_ADC8192;SIN_CROTAL;BLOQUE_16CFG_SIN_CROTAL_20260602_130033_CFG001_CONFIG_01_-_B1F_AVG1_ADC8192;configurations;toma con tabla personalizada de configuraciones;CONFIG 01 - B1F_AVG1_ADC8192;499;12.480187;5603;1967;25.60;2071;31;31;1;100;411;8192;50;0;confirmada;2026-06-02T13:01:19.701
BLOQUE_16CFG_SIN_CROTAL_20260602_130033_CFG001_CONFIG_01_-_B1F_AVG1_ADC8192;SIN_CROTAL;BLOQUE_16CFG_SIN_CROTAL_20260602_130033_CFG001_CONFIG_01_-_B1F_AVG1_ADC8192;configurations;toma con tabla personalizada de configuraciones;CONFIG 01 - B1F_AVG1_ADC8192;500;12.500789;5609;1956;24.41;2024;31;31;1;100;411;8192;50;0;confirmada;2026-06-02T13:01:19.701
BLOQUE_16CFG_SIN_CROTAL_20260602_130033_CFG001_CONFIG_01_-_B1F_AVG1_ADC8192;SIN_CROTAL;BLOQUE_16CFG_SIN_CROTAL_20260602_130033_CFG001_CONFIG_01_-_B1F_AVG1_ADC8192;configurations;toma con tabla personalizada de configuraciones;CONFIG 01 - B1F_AVG1_ADC8192;501;12.530443;5612;1974;25.22;2056;31;31;1;100;411;8192;50;0;confirmada;2026-06-02T13:01:19.701
BLOQUE_16CFG_SIN_CROTAL_20260602_130033_CFG001_CONFIG_01_-_B1F_AVG1_ADC8192;SIN_CROTAL;BLOQUE_16CFG_SIN_CROTAL_20260602_130033_CFG001_CONFIG_01_-_B1F_AVG1_ADC8192;configurations;toma con tabla personalizada de configuraciones;CONFIG 01 - B1F_AVG1_ADC8192;502;12.550153;5612;1961;25.14;2053;31;31;1;100;411;8192;50;0;confirmada;2026-06-02T13:01:19.701
BLOQUE_16CFG_SIN_CROTAL_20260602_130033_CFG001_CONFIG_01_-_B1F_AVG1_ADC8192;SIN_CROTAL;BLOQUE_16CFG_SIN_CROTAL_20260602_130033_CFG001_CONFIG_01_-_B1F_AVG1_ADC8192;configurations;toma con tabla personalizada de configuraciones;CONFIG 01 - B1F_AVG1_ADC8192;503;12.580444;5617;1967;24.23;2017;31;31;1;100;411;8192;50;0;confirmada;2026-06-02T13:01:19.701
BLOQUE_16CFG_SIN_CROTAL_20260602_130033_CFG001_CONFIG_01_-_B1F_AVG1_ADC8192;SIN_CROTAL;BLOQUE_16CFG_SIN_CROTAL_20260602_130033_CFG001_CONFIG_01_-_B1F_AVG1_ADC8192;configurations;toma con tabla personalizada de configuraciones;CONFIG 01 - B1F_AVG1_ADC8192;504;12.600384;5610;1964;24.43;2025;31;31;1;100;411;8192;50;0;confirmada;2026-06-02T13:01:19.701
BLOQUE_16CFG_SIN_CROTAL_20260602_130033_CFG001_CONFIG_01_-_B1F_AVG1_ADC8192;SIN_CROTAL;BLOQUE_16CFG_SIN_CROTAL_20260602_130033_CFG001_CONFIG_01_-_B1F_AVG1_ADC8192;configurations;toma con tabla personalizada de configuraciones;CONFIG 01 - B1F_AVG1_ADC8192;505;12.630620;5604;1974;25.42;2064;31;31;1;100;411;8192;50;0;confirmada;2026-06-02T13:01:19.701
BLOQUE_16CFG_SIN_CROTAL_20260602_130033_CFG001_CONFIG_01_-_B1F_AVG1_ADC8192;SIN_CROTAL;BLOQUE_16CFG_SIN_CROTAL_20260602_130033_CFG001_CONFIG_01_-_B1F_AVG1_ADC8192;configurations;toma con tabla personalizada de configuraciones;CONFIG 01 - B1F_AVG1_ADC8192;506;12.650166;5605;1961;25.11;2052;31;31;1;100;411;8192;50;0;confirmada;2026-06-02T13:01:19.701
BLOQUE_16CFG_SIN_CROTAL_20260602_130033_CFG001_CONFIG_01_-_B1F_AVG1_ADC8192;SIN_CROTAL;BLOQUE_16CFG_SIN_CROTAL_20260602_130033_CFG001_CONFIG_01_-_B1F_AVG1_ADC8192;configurations;toma con tabla personalizada de configuraciones;CONFIG 01 - B1F_AVG1_ADC8192;507;12.680669;5612;1968;25.32;2060;31;31;1;100;411;8192;50;0;confirmada;2026-06-02T13:01:19.701
BLOQUE_16CFG_SIN_CROTAL_20260602_130033_CFG001_CONFIG_01_-_B1F_AVG1_ADC8192;SIN_CROTAL;BLOQUE_16CFG_SIN_CROTAL_20260602_130033_CFG001_CONFIG_01_-_B1F_AVG1_ADC8192;configurations;toma con tabla personalizada de configuraciones;CONFIG 01 - B1F_AVG1_ADC8192;508;12.700992;5619;1959;24.96;2046;31;31;1;100;411;8192;50;0;confirmada;2026-06-02T13:01:19.701
BLOQUE_16CFG_SIN_CROTAL_20260602_130033_CFG001_CONFIG_01_-_B1F_AVG1_ADC8192;SIN_CROTAL;BLOQUE_16CFG_SIN_CROTAL_20260602_130033_CFG001_CONFIG_01_-_B1F_AVG1_ADC8192;configurations;toma con tabla personalizada de configuraciones;CONFIG 01 - B1F_AVG1_ADC8192;509;12.730894;5610;1973;25.01;2048;31;31;1;100;411;8192;50;0;confirmada;2026-06-02T13:01:19.701
BLOQUE_16CFG_SIN_CROTAL_20260602_130033_CFG001_CONFIG_01_-_B1F_AVG1_ADC8192;SIN_CROTAL;BLOQUE_16CFG_SIN_CROTAL_20260602_130033_CFG001_CONFIG_01_-_B1F_AVG1_ADC8192;configurations;toma con tabla personalizada de configuraciones;CONFIG 01 - B1F_AVG1_ADC8192;510;12.751041;5618;1971;24.89;2043;31;31;1;100;411;8192;50;0;confirmada;2026-06-02T13:01:19.701
BLOQUE_16CFG_SIN_CROTAL_20260602_130033_CFG001_CONFIG_01_-_B1F_AVG1_ADC8192;SIN_CROTAL;BLOQUE_16CFG_SIN_CROTAL_20260602_130033_CFG001_CONFIG_01_-_B1F_AVG1_ADC8192;configurations;toma con tabla personalizada de configuraciones;CONFIG 01 - B1F_AVG1_ADC8192;511;12.781043;5611;1967;24.96;2046;31;31;1;100;411;8192;50;0;confirmada;2026-06-02T13:01:19.701
BLOQUE_16CFG_SIN_CROTAL_20260602_130033_CFG001_CONFIG_01_-_B1F_AVG1_ADC8192;SIN_CROTAL;BLOQUE_16CFG_SIN_CROTAL_20260602_130033_CFG001_CONFIG_01_-_B1F_AVG1_ADC8192;configurations;toma con tabla personalizada de configuraciones;CONFIG 01 - B1F_AVG1_ADC8192;512;12.801356;5613;1959;24.58;2031;31;31;1;100;411;8192;50;0;confirmada;2026-06-02T13:01:19.701
BLOQUE_16CFG_SIN_CROTAL_20260602_130033_CFG001_CONFIG_01_-_B1F_AVG1_ADC8192;SIN_CROTAL;BLOQUE_16CFG_SIN_CROTAL_20260602_130033_CFG001_CONFIG_01_-_B1F_AVG1_ADC8192;configurations;toma con tabla personalizada de configuraciones;CONFIG 01 - B1F_AVG1_ADC8192;513;12.831121;5609;1964;25.04;2049;31;31;1;100;411;8192;50;0;confirmada;2026-06-02T13:01:19.701
BLOQUE_16CFG_SIN_CROTAL_20260602_130033_CFG001_CONFIG_01_-_B1F_AVG1_ADC8192;SIN_CROTAL;BLOQUE_16CFG_SIN_CROTAL_20260602_130033_CFG001_CONFIG_01_-_B1F_AVG1_ADC8192;configurations;toma con tabla personalizada de configuraciones;CONFIG 01 - B1F_AVG1_ADC8192;514;12.850520;5608;1965;25.01;2048;31;31;1;100;411;8192;50;0;confirmada;2026-06-02T13:01:19.701
BLOQUE_16CFG_SIN_CROTAL_20260602_130033_CFG001_CONFIG_01_-_B1F_AVG1_ADC8192;SIN_CROTAL;BLOQUE_16CFG_SIN_CROTAL_20260602_130033_CFG001_CONFIG_01_-_B1F_AVG1_ADC8192;configurations;toma con tabla personalizada de configuraciones;CONFIG 01 - B1F_AVG1_ADC8192;515;12.881300;5601;1967;25.01;2048;31;31;1;100;411;8192;50;0;confirmada;2026-06-02T13:01:19.701
BLOQUE_16CFG_SIN_CROTAL_20260602_130033_CFG001_CONFIG_01_-_B1F_AVG1_ADC8192;SIN_CROTAL;BLOQUE_16CFG_SIN_CROTAL_20260602_130033_CFG001_CONFIG_01_-_B1F_AVG1_ADC8192;configurations;toma con tabla personalizada de configuraciones;CONFIG 01 - B1F_AVG1_ADC8192;516;12.900836;5603;1969;24.41;2024;31;31;1;100;411;8192;50;0;confirmada;2026-06-02T13:01:19.701
BLOQUE_16CFG_SIN_CROTAL_20260602_130033_CFG001_CONFIG_01_-_B1F_AVG1_ADC8192;SIN_CROTAL;BLOQUE_16CFG_SIN_CROTAL_20260602_130033_CFG001_CONFIG_01_-_B1F_AVG1_ADC8192;configurations;toma con tabla personalizada de configuraciones;CONFIG 01 - B1F_AVG1_ADC8192;517;12.931310;5619;1967;25.39;2063;31;31;1;100;411;8192;50;0;confirmada;2026-06-02T13:01:19.701
BLOQUE_16CFG_SIN_CROTAL_20260602_130033_CFG001_CONFIG_01_-_B1F_AVG1_ADC8192;SIN_CROTAL;BLOQUE_16CFG_SIN_CROTAL_20260602_130033_CFG001_CONFIG_01_-_B1F_AVG1_ADC8192;configurations;toma con tabla personalizada de configuraciones;CONFIG 01 - B1F_AVG1_ADC8192;518;12.951044;5612;1966;24.38;2023;31;31;1;100;411;8192;50;0;confirmada;2026-06-02T13:01:19.701
BLOQUE_16CFG_SIN_CROTAL_20260602_130033_CFG001_CONFIG_01_-_B1F_AVG1_ADC8192;SIN_CROTAL;BLOQUE_16CFG_SIN_CROTAL_20260602_130033_CFG001_CONFIG_01_-_B1F_AVG1_ADC8192;configurations;toma con tabla personalizada de configuraciones;CONFIG 01 - B1F_AVG1_ADC8192;519;12.981488;5603;1958;24.79;2039;31;31;1;100;411;8192;50;0;confirmada;2026-06-02T13:01:19.701
BLOQUE_16CFG_SIN_CROTAL_20260602_130033_CFG001_CONFIG_01_-_B1F_AVG1_ADC8192;SIN_CROTAL;BLOQUE_16CFG_SIN_CROTAL_20260602_130033_CFG001_CONFIG_01_-_B1F_AVG1_ADC8192;configurations;toma con tabla personalizada de configuraciones;CONFIG 01 - B1F_AVG1_ADC8192;520;13.001830;5615;1953;24.99;2047;31;31;1;100;411;8192;50;0;confirmada;2026-06-02T13:01:19.701
BLOQUE_16CFG_SIN_CROTAL_20260602_130033_CFG001_CONFIG_01_-_B1F_AVG1_ADC8192;SIN_CROTAL;BLOQUE_16CFG_SIN_CROTAL_20260602_130033_CFG001_CONFIG_01_-_B1F_AVG1_ADC8192;configurations;toma con tabla personalizada de configuraciones;CONFIG 01 - B1F_AVG1_ADC8192;521;13.031545;5608;1966;25.11;2052;31;31;1;100;411;8192;50;0;confirmada;2026-06-02T13:01:19.701
BLOQUE_16CFG_SIN_CROTAL_20260602_130033_CFG001_CONFIG_01_-_B1F_AVG1_ADC8192;SIN_CROTAL;BLOQUE_16CFG_SIN_CROTAL_20260602_130033_CFG001_CONFIG_01_-_B1F_AVG1_ADC8192;configurations;toma con tabla personalizada de configuraciones;CONFIG 01 - B1F_AVG1_ADC8192;522;13.051529;5611;1969;24.18;2015;31;31;1;100;411;8192;50;0;confirmada;2026-06-02T13:01:19.701
BLOQUE_16CFG_SIN_CROTAL_20260602_130033_CFG001_CONFIG_01_-_B1F_AVG1_ADC8192;SIN_CROTAL;BLOQUE_16CFG_SIN_CROTAL_20260602_130033_CFG001_CONFIG_01_-_B1F_AVG1_ADC8192;configurations;toma con tabla personalizada de configuraciones;CONFIG 01 - B1F_AVG1_ADC8192;523;13.081704;5607;1976;25.27;2058;31;31;1;100;411;8192;50;0;confirmada;2026-06-02T13:01:19.701
BLOQUE_16CFG_SIN_CROTAL_20260602_130033_CFG001_CONFIG_01_-_B1F_AVG1_ADC8192;SIN_CROTAL;BLOQUE_16CFG_SIN_CROTAL_20260602_130033_CFG001_CONFIG_01_-_B1F_AVG1_ADC8192;configurations;toma con tabla personalizada de configuraciones;CONFIG 01 - B1F_AVG1_ADC8192;524;13.101889;5616;1964;25.11;2052;31;31;1;100;411;8192;50;0;confirmada;2026-06-02T13:01:19.701
BLOQUE_16CFG_SIN_CROTAL_20260602_130033_CFG001_CONFIG_01_-_B1F_AVG1_ADC8192;SIN_CROTAL;BLOQUE_16CFG_SIN_CROTAL_20260602_130033_CFG001_CONFIG_01_-_B1F_AVG1_ADC8192;configurations;toma con tabla personalizada de configuraciones;CONFIG 01 - B1F_AVG1_ADC8192;525;13.131804;5609;1974;25.65;2073;31;31;1;100;411;8192;50;0;confirmada;2026-06-02T13:01:19.701
BLOQUE_16CFG_SIN_CROTAL_20260602_130033_CFG001_CONFIG_01_-_B1F_AVG1_ADC8192;SIN_CROTAL;BLOQUE_16CFG_SIN_CROTAL_20260602_130033_CFG001_CONFIG_01_-_B1F_AVG1_ADC8192;configurations;toma con tabla personalizada de configuraciones;CONFIG 01 - B1F_AVG1_ADC8192;526;13.151774;5600;1953;24.48;2027;31;31;1;100;411;8192;50;0;confirmada;2026-06-02T13:01:19.701
BLOQUE_16CFG_SIN_CROTAL_20260602_130033_CFG001_CONFIG_01_-_B1F_AVG1_ADC8192;SIN_CROTAL;BLOQUE_16CFG_SIN_CROTAL_20260602_130033_CFG001_CONFIG_01_-_B1F_AVG1_ADC8192;configurations;toma con tabla personalizada de configuraciones;CONFIG 01 - B1F_AVG1_ADC8192;527;13.181911;5603;1972;25.09;2051;31;31;1;100;411;8192;50;0;confirmada;2026-06-02T13:01:19.701
BLOQUE_16CFG_SIN_CROTAL_20260602_130033_CFG001_CONFIG_01_-_B1F_AVG1_ADC8192;SIN_CROTAL;BLOQUE_16CFG_SIN_CROTAL_20260602_130033_CFG001_CONFIG_01_-_B1F_AVG1_ADC8192;configurations;toma con tabla personalizada de configuraciones;CONFIG 01 - B1F_AVG1_ADC8192;528;13.202250;5616;1956;25.32;2060;31;31;1;100;411;8192;50;0;confirmada;2026-06-02T13:01:19.701
BLOQUE_16CFG_SIN_CROTAL_20260602_130033_CFG001_CONFIG_01_-_B1F_AVG1_ADC8192;SIN_CROTAL;BLOQUE_16CFG_SIN_CROTAL_20260602_130033_CFG001_CONFIG_01_-_B1F_AVG1_ADC8192;configurations;toma con tabla personalizada de configuraciones;CONFIG 01 - B1F_AVG1_ADC8192;529;13.231963;5612;1972;24.46;2026;31;31;1;100;411;8192;50;0;confirmada;2026-06-02T13:01:19.701
BLOQUE_16CFG_SIN_CROTAL_20260602_130033_CFG001_CONFIG_01_-_B1F_AVG1_ADC8192;SIN_CROTAL;BLOQUE_16CFG_SIN_CROTAL_20260602_130033_CFG001_CONFIG_01_-_B1F_AVG1_ADC8192;configurations;toma con tabla personalizada de configuraciones;CONFIG 01 - B1F_AVG1_ADC8192;530;13.251672;5605;1967;25.11;2052;31;31;1;100;411;8192;50;0;confirmada;2026-06-02T13:01:19.701
BLOQUE_16CFG_SIN_CROTAL_20260602_130033_CFG001_CONFIG_01_-_B1F_AVG1_ADC8192;SIN_CROTAL;BLOQUE_16CFG_SIN_CROTAL_20260602_130033_CFG001_CONFIG_01_-_B1F_AVG1_ADC8192;configurations;toma con tabla personalizada de configuraciones;CONFIG 01 - B1F_AVG1_ADC8192;531;13.282142;5612;1968;24.96;2046;31;31;1;100;411;8192;50;0;confirmada;2026-06-02T13:01:19.701
BLOQUE_16CFG_SIN_CROTAL_20260602_130033_CFG001_CONFIG_01_-_B1F_AVG1_ADC8192;SIN_CROTAL;BLOQUE_16CFG_SIN_CROTAL_20260602_130033_CFG001_CONFIG_01_-_B1F_AVG1_ADC8192;configurations;toma con tabla personalizada de configuraciones;CONFIG 01 - B1F_AVG1_ADC8192;532;13.302215;5608;1964;24.79;2039;31;31;1;100;411;8192;50;0;confirmada;2026-06-02T13:01:19.701
BLOQUE_16CFG_SIN_CROTAL_20260602_130033_CFG001_CONFIG_01_-_B1F_AVG1_ADC8192;SIN_CROTAL;BLOQUE_16CFG_SIN_CROTAL_20260602_130033_CFG001_CONFIG_01_-_B1F_AVG1_ADC8192;configurations;toma con tabla personalizada de configuraciones;CONFIG 01 - B1F_AVG1_ADC8192;533;13.332340;5605;1968;24.53;2029;31;31;1;100;411;8192;50;0;confirmada;2026-06-02T13:01:19.701
BLOQUE_16CFG_SIN_CROTAL_20260602_130033_CFG001_CONFIG_01_-_B1F_AVG1_ADC8192;SIN_CROTAL;BLOQUE_16CFG_SIN_CROTAL_20260602_130033_CFG001_CONFIG_01_-_B1F_AVG1_ADC8192;configurations;toma con tabla personalizada de configuraciones;CONFIG 01 - B1F_AVG1_ADC8192;534;13.352746;5605;1965;24.96;2046;31;31;1;100;411;8192;50;0;confirmada;2026-06-02T13:01:19.701
BLOQUE_16CFG_SIN_CROTAL_20260602_130033_CFG001_CONFIG_01_-_B1F_AVG1_ADC8192;SIN_CROTAL;BLOQUE_16CFG_SIN_CROTAL_20260602_130033_CFG001_CONFIG_01_-_B1F_AVG1_ADC8192;configurations;toma con tabla personalizada de configuraciones;CONFIG 01 - B1F_AVG1_ADC8192;535;13.382333;5607;1971;24.96;2046;31;31;1;100;411;8192;50;0;confirmada;2026-06-02T13:01:19.701
BLOQUE_16CFG_SIN_CROTAL_20260602_130033_CFG001_CONFIG_01_-_B1F_AVG1_ADC8192;SIN_CROTAL;BLOQUE_16CFG_SIN_CROTAL_20260602_130033_CFG001_CONFIG_01_-_B1F_AVG1_ADC8192;configurations;toma con tabla personalizada de configuraciones;CONFIG 01 - B1F_AVG1_ADC8192;536;13.402445;5611;1974;25.42;2064;31;31;1;100;411;8192;50;0;confirmada;2026-06-02T13:01:19.701
BLOQUE_16CFG_SIN_CROTAL_20260602_130033_CFG001_CONFIG_01_-_B1F_AVG1_ADC8192;SIN_CROTAL;BLOQUE_16CFG_SIN_CROTAL_20260602_130033_CFG001_CONFIG_01_-_B1F_AVG1_ADC8192;configurations;toma con tabla personalizada de configuraciones;CONFIG 01 - B1F_AVG1_ADC8192;537;13.432452;5610;1965;24.89;2043;31;31;1;100;411;8192;50;0;confirmada;2026-06-02T13:01:19.701
BLOQUE_16CFG_SIN_CROTAL_20260602_130033_CFG001_CONFIG_01_-_B1F_AVG1_ADC8192;SIN_CROTAL;BLOQUE_16CFG_SIN_CROTAL_20260602_130033_CFG001_CONFIG_01_-_B1F_AVG1_ADC8192;configurations;toma con tabla personalizada de configuraciones;CONFIG 01 - B1F_AVG1_ADC8192;538;13.452534;5612;1974;24.84;2041;31;31;1;100;411;8192;50;0;confirmada;2026-06-02T13:01:19.701
BLOQUE_16CFG_SIN_CROTAL_20260602_130033_CFG001_CONFIG_01_-_B1F_AVG1_ADC8192;SIN_CROTAL;BLOQUE_16CFG_SIN_CROTAL_20260602_130033_CFG001_CONFIG_01_-_B1F_AVG1_ADC8192;configurations;toma con tabla personalizada de configuraciones;CONFIG 01 - B1F_AVG1_ADC8192;539;13.482651;5613;1962;24.23;2017;31;31;1;100;411;8192;50;0;confirmada;2026-06-02T13:01:19.701
BLOQUE_16CFG_SIN_CROTAL_20260602_130033_CFG001_CONFIG_01_-_B1F_AVG1_ADC8192;SIN_CROTAL;BLOQUE_16CFG_SIN_CROTAL_20260602_130033_CFG001_CONFIG_01_-_B1F_AVG1_ADC8192;configurations;toma con tabla personalizada de configuraciones;CONFIG 01 - B1F_AVG1_ADC8192;540;13.502592;5610;1976;25.06;2050;31;31;1;100;411;8192;50;0;confirmada;2026-06-02T13:01:19.701
BLOQUE_16CFG_SIN_CROTAL_20260602_130033_CFG001_CONFIG_01_-_B1F_AVG1_ADC8192;SIN_CROTAL;BLOQUE_16CFG_SIN_CROTAL_20260602_130033_CFG001_CONFIG_01_-_B1F_AVG1_ADC8192;configurations;toma con tabla personalizada de configuraciones;CONFIG 01 - B1F_AVG1_ADC8192;541;13.532871;5603;1969;25.27;2058;31;31;1;100;411;8192;50;0;confirmada;2026-06-02T13:01:19.701
BLOQUE_16CFG_SIN_CROTAL_20260602_130033_CFG001_CONFIG_01_-_B1F_AVG1_ADC8192;SIN_CROTAL;BLOQUE_16CFG_SIN_CROTAL_20260602_130033_CFG001_CONFIG_01_-_B1F_AVG1_ADC8192;configurations;toma con tabla personalizada de configuraciones;CONFIG 01 - B1F_AVG1_ADC8192;542;13.553069;5610;1964;24.86;2042;31;31;1;100;411;8192;50;0;confirmada;2026-06-02T13:01:19.701
BLOQUE_16CFG_SIN_CROTAL_20260602_130033_CFG001_CONFIG_01_-_B1F_AVG1_ADC8192;SIN_CROTAL;BLOQUE_16CFG_SIN_CROTAL_20260602_130033_CFG001_CONFIG_01_-_B1F_AVG1_ADC8192;configurations;toma con tabla personalizada de configuraciones;CONFIG 01 - B1F_AVG1_ADC8192;543;13.582868;5614;1967;25.24;2057;31;31;1;100;411;8192;50;0;confirmada;2026-06-02T13:01:19.701
BLOQUE_16CFG_SIN_CROTAL_20260602_130033_CFG001_CONFIG_01_-_B1F_AVG1_ADC8192;SIN_CROTAL;BLOQUE_16CFG_SIN_CROTAL_20260602_130033_CFG001_CONFIG_01_-_B1F_AVG1_ADC8192;configurations;toma con tabla personalizada de configuraciones;CONFIG 01 - B1F_AVG1_ADC8192;544;13.603110;5610;1954;25.27;2058;31;31;1;100;411;8192;50;0;confirmada;2026-06-02T13:01:19.701
BLOQUE_16CFG_SIN_CROTAL_20260602_130033_CFG001_CONFIG_01_-_B1F_AVG1_ADC8192;SIN_CROTAL;BLOQUE_16CFG_SIN_CROTAL_20260602_130033_CFG001_CONFIG_01_-_B1F_AVG1_ADC8192;configurations;toma con tabla personalizada de configuraciones;CONFIG 01 - B1F_AVG1_ADC8192;545;13.633094;5609;1967;24.99;2047;31;31;1;100;411;8192;50;0;confirmada;2026-06-02T13:01:19.701
BLOQUE_16CFG_SIN_CROTAL_20260602_130033_CFG001_CONFIG_01_-_B1F_AVG1_ADC8192;SIN_CROTAL;BLOQUE_16CFG_SIN_CROTAL_20260602_130033_CFG001_CONFIG_01_-_B1F_AVG1_ADC8192;configurations;toma con tabla personalizada de configuraciones;CONFIG 01 - B1F_AVG1_ADC8192;546;13.652640;5607;1954;25.29;2059;31;31;1;100;411;8192;50;0;confirmada;2026-06-02T13:01:19.701
BLOQUE_16CFG_SIN_CROTAL_20260602_130033_CFG001_CONFIG_01_-_B1F_AVG1_ADC8192;SIN_CROTAL;BLOQUE_16CFG_SIN_CROTAL_20260602_130033_CFG001_CONFIG_01_-_B1F_AVG1_ADC8192;configurations;toma con tabla personalizada de configuraciones;CONFIG 01 - B1F_AVG1_ADC8192;547;13.683150;5606;1961;25.22;2056;31;31;1;100;411;8192;50;0;confirmada;2026-06-02T13:01:19.701
BLOQUE_16CFG_SIN_CROTAL_20260602_130033_CFG001_CONFIG_01_-_B1F_AVG1_ADC8192;SIN_CROTAL;BLOQUE_16CFG_SIN_CROTAL_20260602_130033_CFG001_CONFIG_01_-_B1F_AVG1_ADC8192;configurations;toma con tabla personalizada de configuraciones;CONFIG 01 - B1F_AVG1_ADC8192;548;13.703127;5612;1965;25.14;2053;31;31;1;100;411;8192;50;0;confirmada;2026-06-02T13:01:19.701
BLOQUE_16CFG_SIN_CROTAL_20260602_130033_CFG001_CONFIG_01_-_B1F_AVG1_ADC8192;SIN_CROTAL;BLOQUE_16CFG_SIN_CROTAL_20260602_130033_CFG001_CONFIG_01_-_B1F_AVG1_ADC8192;configurations;toma con tabla personalizada de configuraciones;CONFIG 01 - B1F_AVG1_ADC8192;549;13.733375;5611;1967;25.16;2054;31;31;1;100;411;8192;50;0;confirmada;2026-06-02T13:01:19.701
BLOQUE_16CFG_SIN_CROTAL_20260602_130033_CFG001_CONFIG_01_-_B1F_AVG1_ADC8192;SIN_CROTAL;BLOQUE_16CFG_SIN_CROTAL_20260602_130033_CFG001_CONFIG_01_-_B1F_AVG1_ADC8192;configurations;toma con tabla personalizada de configuraciones;CONFIG 01 - B1F_AVG1_ADC8192;550;13.753367;5614;1961;25.34;2061;31;31;1;100;411;8192;50;0;confirmada;2026-06-02T13:01:19.701
BLOQUE_16CFG_SIN_CROTAL_20260602_130033_CFG001_CONFIG_01_-_B1F_AVG1_ADC8192;SIN_CROTAL;BLOQUE_16CFG_SIN_CROTAL_20260602_130033_CFG001_CONFIG_01_-_B1F_AVG1_ADC8192;configurations;toma con tabla personalizada de configuraciones;CONFIG 01 - B1F_AVG1_ADC8192;551;13.783400;5610;1970;24.96;2046;31;31;1;100;411;8192;50;0;confirmada;2026-06-02T13:01:19.701
BLOQUE_16CFG_SIN_CROTAL_20260602_130033_CFG001_CONFIG_01_-_B1F_AVG1_ADC8192;SIN_CROTAL;BLOQUE_16CFG_SIN_CROTAL_20260602_130033_CFG001_CONFIG_01_-_B1F_AVG1_ADC8192;configurations;toma con tabla personalizada de configuraciones;CONFIG 01 - B1F_AVG1_ADC8192;552;13.803880;5613;1963;24.91;2044;31;31;1;100;411;8192;50;0;confirmada;2026-06-02T13:01:19.701
BLOQUE_16CFG_SIN_CROTAL_20260602_130033_CFG001_CONFIG_01_-_B1F_AVG1_ADC8192;SIN_CROTAL;BLOQUE_16CFG_SIN_CROTAL_20260602_130033_CFG001_CONFIG_01_-_B1F_AVG1_ADC8192;configurations;toma con tabla personalizada de configuraciones;CONFIG 01 - B1F_AVG1_ADC8192;553;13.833627;5616;1967;24.94;2045;31;31;1;100;411;8192;50;0;confirmada;2026-06-02T13:01:19.701
BLOQUE_16CFG_SIN_CROTAL_20260602_130033_CFG001_CONFIG_01_-_B1F_AVG1_ADC8192;SIN_CROTAL;BLOQUE_16CFG_SIN_CROTAL_20260602_130033_CFG001_CONFIG_01_-_B1F_AVG1_ADC8192;configurations;toma con tabla personalizada de configuraciones;CONFIG 01 - B1F_AVG1_ADC8192;554;13.853621;5612;1969;24.33;2021;31;31;1;100;411;8192;50;0;confirmada;2026-06-02T13:01:19.701
BLOQUE_16CFG_SIN_CROTAL_20260602_130033_CFG001_CONFIG_01_-_B1F_AVG1_ADC8192;SIN_CROTAL;BLOQUE_16CFG_SIN_CROTAL_20260602_130033_CFG001_CONFIG_01_-_B1F_AVG1_ADC8192;configurations;toma con tabla personalizada de configuraciones;CONFIG 01 - B1F_AVG1_ADC8192;555;13.883737;5612;1964;24.94;2045;31;31;1;100;411;8192;50;0;confirmada;2026-06-02T13:01:19.701
BLOQUE_16CFG_SIN_CROTAL_20260602_130033_CFG001_CONFIG_01_-_B1F_AVG1_ADC8192;SIN_CROTAL;BLOQUE_16CFG_SIN_CROTAL_20260602_130033_CFG001_CONFIG_01_-_B1F_AVG1_ADC8192;configurations;toma con tabla personalizada de configuraciones;CONFIG 01 - B1F_AVG1_ADC8192;556;13.903377;5608;1967;25.06;2050;31;31;1;100;411;8192;50;0;confirmada;2026-06-02T13:01:19.701
BLOQUE_16CFG_SIN_CROTAL_20260602_130033_CFG001_CONFIG_01_-_B1F_AVG1_ADC8192;SIN_CROTAL;BLOQUE_16CFG_SIN_CROTAL_20260602_130033_CFG001_CONFIG_01_-_B1F_AVG1_ADC8192;configurations;toma con tabla personalizada de configuraciones;CONFIG 01 - B1F_AVG1_ADC8192;557;13.933764;5603;1963;24.99;2047;31;31;1;100;411;8192;50;0;confirmada;2026-06-02T13:01:19.701
BLOQUE_16CFG_SIN_CROTAL_20260602_130033_CFG001_CONFIG_01_-_B1F_AVG1_ADC8192;SIN_CROTAL;BLOQUE_16CFG_SIN_CROTAL_20260602_130033_CFG001_CONFIG_01_-_B1F_AVG1_ADC8192;configurations;toma con tabla personalizada de configuraciones;CONFIG 01 - B1F_AVG1_ADC8192;558;13.953357;5600;1968;25.04;2049;31;31;1;100;411;8192;50;0;confirmada;2026-06-02T13:01:19.701
BLOQUE_16CFG_SIN_CROTAL_20260602_130033_CFG001_CONFIG_01_-_B1F_AVG1_ADC8192;SIN_CROTAL;BLOQUE_16CFG_SIN_CROTAL_20260602_130033_CFG001_CONFIG_01_-_B1F_AVG1_ADC8192;configurations;toma con tabla personalizada de configuraciones;CONFIG 01 - B1F_AVG1_ADC8192;559;13.983965;5604;1964;24.38;2023;31;31;1;100;411;8192;50;0;confirmada;2026-06-02T13:01:19.701
BLOQUE_16CFG_SIN_CROTAL_20260602_130033_CFG001_CONFIG_01_-_B1F_AVG1_ADC8192;SIN_CROTAL;BLOQUE_16CFG_SIN_CROTAL_20260602_130033_CFG001_CONFIG_01_-_B1F_AVG1_ADC8192;configurations;toma con tabla personalizada de configuraciones;CONFIG 01 - B1F_AVG1_ADC8192;560;14.004189;5607;1962;24.53;2029;31;31;1;100;411;8192;50;0;confirmada;2026-06-02T13:01:19.701
BLOQUE_16CFG_SIN_CROTAL_20260602_130033_CFG001_CONFIG_01_-_B1F_AVG1_ADC8192;SIN_CROTAL;BLOQUE_16CFG_SIN_CROTAL_20260602_130033_CFG001_CONFIG_01_-_B1F_AVG1_ADC8192;configurations;toma con tabla personalizada de configuraciones;CONFIG 01 - B1F_AVG1_ADC8192;561;14.034130;5611;1973;24.48;2027;31;31;1;100;411;8192;50;0;confirmada;2026-06-02T13:01:19.701
BLOQUE_16CFG_SIN_CROTAL_20260602_130033_CFG001_CONFIG_01_-_B1F_AVG1_ADC8192;SIN_CROTAL;BLOQUE_16CFG_SIN_CROTAL_20260602_130033_CFG001_CONFIG_01_-_B1F_AVG1_ADC8192;configurations;toma con tabla personalizada de configuraciones;CONFIG 01 - B1F_AVG1_ADC8192;562;14.053931;5610;1962;25.11;2052;31;31;1;100;411;8192;50;0;confirmada;2026-06-02T13:01:19.701
BLOQUE_16CFG_SIN_CROTAL_20260602_130033_CFG001_CONFIG_01_-_B1F_AVG1_ADC8192;SIN_CROTAL;BLOQUE_16CFG_SIN_CROTAL_20260602_130033_CFG001_CONFIG_01_-_B1F_AVG1_ADC8192;configurations;toma con tabla personalizada de configuraciones;CONFIG 01 - B1F_AVG1_ADC8192;563;14.084187;5610;1967;25.04;2049;31;31;1;100;411;8192;50;0;confirmada;2026-06-02T13:01:19.701
BLOQUE_16CFG_SIN_CROTAL_20260602_130033_CFG001_CONFIG_01_-_B1F_AVG1_ADC8192;SIN_CROTAL;BLOQUE_16CFG_SIN_CROTAL_20260602_130033_CFG001_CONFIG_01_-_B1F_AVG1_ADC8192;configurations;toma con tabla personalizada de configuraciones;CONFIG 01 - B1F_AVG1_ADC8192;564;14.104239;5608;1965;25.04;2049;31;31;1;100;411;8192;50;0;confirmada;2026-06-02T13:01:19.701
BLOQUE_16CFG_SIN_CROTAL_20260602_130033_CFG001_CONFIG_01_-_B1F_AVG1_ADC8192;SIN_CROTAL;BLOQUE_16CFG_SIN_CROTAL_20260602_130033_CFG001_CONFIG_01_-_B1F_AVG1_ADC8192;configurations;toma con tabla personalizada de configuraciones;CONFIG 01 - B1F_AVG1_ADC8192;565;14.134351;5612;1968;25.14;2053;31;31;1;100;411;8192;50;0;confirmada;2026-06-02T13:01:19.701
BLOQUE_16CFG_SIN_CROTAL_20260602_130033_CFG001_CONFIG_01_-_B1F_AVG1_ADC8192;SIN_CROTAL;BLOQUE_16CFG_SIN_CROTAL_20260602_130033_CFG001_CONFIG_01_-_B1F_AVG1_ADC8192;configurations;toma con tabla personalizada de configuraciones;CONFIG 01 - B1F_AVG1_ADC8192;566;14.154538;5610;1965;25.14;2053;31;31;1;100;411;8192;50;0;confirmada;2026-06-02T13:01:19.701
BLOQUE_16CFG_SIN_CROTAL_20260602_130033_CFG001_CONFIG_01_-_B1F_AVG1_ADC8192;SIN_CROTAL;BLOQUE_16CFG_SIN_CROTAL_20260602_130033_CFG001_CONFIG_01_-_B1F_AVG1_ADC8192;configurations;toma con tabla personalizada de configuraciones;CONFIG 01 - B1F_AVG1_ADC8192;567;14.184383;5612;1980;25.06;2050;31;31;1;100;411;8192;50;0;confirmada;2026-06-02T13:01:19.701
BLOQUE_16CFG_SIN_CROTAL_20260602_130033_CFG001_CONFIG_01_-_B1F_AVG1_ADC8192;SIN_CROTAL;BLOQUE_16CFG_SIN_CROTAL_20260602_130033_CFG001_CONFIG_01_-_B1F_AVG1_ADC8192;configurations;toma con tabla personalizada de configuraciones;CONFIG 01 - B1F_AVG1_ADC8192;568;14.203927;5610;1969;24.36;2022;31;31;1;100;411;8192;50;0;confirmada;2026-06-02T13:01:19.701
BLOQUE_16CFG_SIN_CROTAL_20260602_130033_CFG001_CONFIG_01_-_B1F_AVG1_ADC8192;SIN_CROTAL;BLOQUE_16CFG_SIN_CROTAL_20260602_130033_CFG001_CONFIG_01_-_B1F_AVG1_ADC8192;configurations;toma con tabla personalizada de configuraciones;CONFIG 01 - B1F_AVG1_ADC8192;569;14.234488;5603;1974;25.27;2058;31;31;1;100;411;8192;50;0;confirmada;2026-06-02T13:01:19.701
BLOQUE_16CFG_SIN_CROTAL_20260602_130033_CFG001_CONFIG_01_-_B1F_AVG1_ADC8192;SIN_CROTAL;BLOQUE_16CFG_SIN_CROTAL_20260602_130033_CFG001_CONFIG_01_-_B1F_AVG1_ADC8192;configurations;toma con tabla personalizada de configuraciones;CONFIG 01 - B1F_AVG1_ADC8192;570;14.254728;5610;1967;24.99;2047;31;31;1;100;411;8192;50;0;confirmada;2026-06-02T13:01:19.701
BLOQUE_16CFG_SIN_CROTAL_20260602_130033_CFG001_CONFIG_01_-_B1F_AVG1_ADC8192;SIN_CROTAL;BLOQUE_16CFG_SIN_CROTAL_20260602_130033_CFG001_CONFIG_01_-_B1F_AVG1_ADC8192;configurations;toma con tabla personalizada de configuraciones;CONFIG 01 - B1F_AVG1_ADC8192;571;14.284579;5619;1970;24.89;2043;31;31;1;100;411;8192;50;0;confirmada;2026-06-02T13:01:19.701
BLOQUE_16CFG_SIN_CROTAL_20260602_130033_CFG001_CONFIG_01_-_B1F_AVG1_ADC8192;SIN_CROTAL;BLOQUE_16CFG_SIN_CROTAL_20260602_130033_CFG001_CONFIG_01_-_B1F_AVG1_ADC8192;configurations;toma con tabla personalizada de configuraciones;CONFIG 01 - B1F_AVG1_ADC8192;572;14.305113;5613;1967;24.94;2045;31;31;1;100;411;8192;50;0;confirmada;2026-06-02T13:01:19.701
BLOQUE_16CFG_SIN_CROTAL_20260602_130033_CFG001_CONFIG_01_-_B1F_AVG1_ADC8192;SIN_CROTAL;BLOQUE_16CFG_SIN_CROTAL_20260602_130033_CFG001_CONFIG_01_-_B1F_AVG1_ADC8192;configurations;toma con tabla personalizada de configuraciones;CONFIG 01 - B1F_AVG1_ADC8192;573;14.334722;5606;1967;24.79;2039;31;31;1;100;411;8192;50;0;confirmada;2026-06-02T13:01:19.701
BLOQUE_16CFG_SIN_CROTAL_20260602_130033_CFG001_CONFIG_01_-_B1F_AVG1_ADC8192;SIN_CROTAL;BLOQUE_16CFG_SIN_CROTAL_20260602_130033_CFG001_CONFIG_01_-_B1F_AVG1_ADC8192;configurations;toma con tabla personalizada de configuraciones;CONFIG 01 - B1F_AVG1_ADC8192;574;14.354766;5619;1969;24.89;2043;31;31;1;100;411;8192;50;0;confirmada;2026-06-02T13:01:19.701
BLOQUE_16CFG_SIN_CROTAL_20260602_130033_CFG001_CONFIG_01_-_B1F_AVG1_ADC8192;SIN_CROTAL;BLOQUE_16CFG_SIN_CROTAL_20260602_130033_CFG001_CONFIG_01_-_B1F_AVG1_ADC8192;configurations;toma con tabla personalizada de configuraciones;CONFIG 01 - B1F_AVG1_ADC8192;575;14.384912;5616;1964;24.99;2047;31;31;1;100;411;8192;50;0;confirmada;2026-06-02T13:01:19.702
BLOQUE_16CFG_SIN_CROTAL_20260602_130033_CFG001_CONFIG_01_-_B1F_AVG1_ADC8192;SIN_CROTAL;BLOQUE_16CFG_SIN_CROTAL_20260602_130033_CFG001_CONFIG_01_-_B1F_AVG1_ADC8192;configurations;toma con tabla personalizada de configuraciones;CONFIG 01 - B1F_AVG1_ADC8192;576;14.404832;5608;1968;25.29;2059;31;31;1;100;411;8192;50;0;confirmada;2026-06-02T13:01:19.702
BLOQUE_16CFG_SIN_CROTAL_20260602_130033_CFG001_CONFIG_01_-_B1F_AVG1_ADC8192;SIN_CROTAL;BLOQUE_16CFG_SIN_CROTAL_20260602_130033_CFG001_CONFIG_01_-_B1F_AVG1_ADC8192;configurations;toma con tabla personalizada de configuraciones;CONFIG 01 - B1F_AVG1_ADC8192;577;14.435060;5609;1968;25.14;2053;31;31;1;100;411;8192;50;0;confirmada;2026-06-02T13:01:19.702
BLOQUE_16CFG_SIN_CROTAL_20260602_130033_CFG001_CONFIG_01_-_B1F_AVG1_ADC8192;SIN_CROTAL;BLOQUE_16CFG_SIN_CROTAL_20260602_130033_CFG001_CONFIG_01_-_B1F_AVG1_ADC8192;configurations;toma con tabla personalizada de configuraciones;CONFIG 01 - B1F_AVG1_ADC8192;578;14.455525;5616;1959;25.16;2054;31;31;1;100;411;8192;50;0;confirmada;2026-06-02T13:01:19.702
BLOQUE_16CFG_SIN_CROTAL_20260602_130033_CFG001_CONFIG_01_-_B1F_AVG1_ADC8192;SIN_CROTAL;BLOQUE_16CFG_SIN_CROTAL_20260602_130033_CFG001_CONFIG_01_-_B1F_AVG1_ADC8192;configurations;toma con tabla personalizada de configuraciones;CONFIG 01 - B1F_AVG1_ADC8192;579;14.485131;5604;1963;24.96;2046;31;31;1;100;411;8192;50;0;confirmada;2026-06-02T13:01:19.702
BLOQUE_16CFG_SIN_CROTAL_20260602_130033_CFG001_CONFIG_01_-_B1F_AVG1_ADC8192;SIN_CROTAL;BLOQUE_16CFG_SIN_CROTAL_20260602_130033_CFG001_CONFIG_01_-_B1F_AVG1_ADC8192;configurations;toma con tabla personalizada de configuraciones;CONFIG 01 - B1F_AVG1_ADC8192;580;14.505135;5622;1973;24.13;2013;31;31;1;100;411;8192;50;0;confirmada;2026-06-02T13:01:19.702
BLOQUE_16CFG_SIN_CROTAL_20260602_130033_CFG001_CONFIG_01_-_B1F_AVG1_ADC8192;SIN_CROTAL;BLOQUE_16CFG_SIN_CROTAL_20260602_130033_CFG001_CONFIG_01_-_B1F_AVG1_ADC8192;configurations;toma con tabla personalizada de configuraciones;CONFIG 01 - B1F_AVG1_ADC8192;581;14.535338;5619;1961;24.11;2012;31;31;1;100;411;8192;50;0;confirmada;2026-06-02T13:01:19.702
BLOQUE_16CFG_SIN_CROTAL_20260602_130033_CFG001_CONFIG_01_-_B1F_AVG1_ADC8192;SIN_CROTAL;BLOQUE_16CFG_SIN_CROTAL_20260602_130033_CFG001_CONFIG_01_-_B1F_AVG1_ADC8192;configurations;toma con tabla personalizada de configuraciones;CONFIG 01 - B1F_AVG1_ADC8192;582;14.555199;5612;1970;24.63;2033;31;31;1;100;411;8192;50;0;confirmada;2026-06-02T13:01:19.702
BLOQUE_16CFG_SIN_CROTAL_20260602_130033_CFG001_CONFIG_01_-_B1F_AVG1_ADC8192;SIN_CROTAL;BLOQUE_16CFG_SIN_CROTAL_20260602_130033_CFG001_CONFIG_01_-_B1F_AVG1_ADC8192;configurations;toma con tabla personalizada de configuraciones;CONFIG 01 - B1F_AVG1_ADC8192;583;14.585374;5604;1977;24.94;2045;31;31;1;100;411;8192;50;0;confirmada;2026-06-02T13:01:19.702
BLOQUE_16CFG_SIN_CROTAL_20260602_130033_CFG001_CONFIG_01_-_B1F_AVG1_ADC8192;SIN_CROTAL;BLOQUE_16CFG_SIN_CROTAL_20260602_130033_CFG001_CONFIG_01_-_B1F_AVG1_ADC8192;configurations;toma con tabla personalizada de configuraciones;CONFIG 01 - B1F_AVG1_ADC8192;584;14.605435;5605;1967;25.14;2053;31;31;1;100;411;8192;50;0;confirmada;2026-06-02T13:01:19.702
BLOQUE_16CFG_SIN_CROTAL_20260602_130033_CFG001_CONFIG_01_-_B1F_AVG1_ADC8192;SIN_CROTAL;BLOQUE_16CFG_SIN_CROTAL_20260602_130033_CFG001_CONFIG_01_-_B1F_AVG1_ADC8192;configurations;toma con tabla personalizada de configuraciones;CONFIG 01 - B1F_AVG1_ADC8192;585;14.635543;5611;1968;25.22;2056;31;31;1;100;411;8192;50;0;confirmada;2026-06-02T13:01:19.702
BLOQUE_16CFG_SIN_CROTAL_20260602_130033_CFG001_CONFIG_01_-_B1F_AVG1_ADC8192;SIN_CROTAL;BLOQUE_16CFG_SIN_CROTAL_20260602_130033_CFG001_CONFIG_01_-_B1F_AVG1_ADC8192;configurations;toma con tabla personalizada de configuraciones;CONFIG 01 - B1F_AVG1_ADC8192;586;14.655248;5605;1962;25.01;2048;31;31;1;100;411;8192;50;0;confirmada;2026-06-02T13:01:19.702
BLOQUE_16CFG_SIN_CROTAL_20260602_130033_CFG001_CONFIG_01_-_B1F_AVG1_ADC8192;SIN_CROTAL;BLOQUE_16CFG_SIN_CROTAL_20260602_130033_CFG001_CONFIG_01_-_B1F_AVG1_ADC8192;configurations;toma con tabla personalizada de configuraciones;CONFIG 01 - B1F_AVG1_ADC8192;587;14.685571;5611;1972;25.04;2049;31;31;1;100;411;8192;50;0;confirmada;2026-06-02T13:01:19.702
BLOQUE_16CFG_SIN_CROTAL_20260602_130033_CFG001_CONFIG_01_-_B1F_AVG1_ADC8192;SIN_CROTAL;BLOQUE_16CFG_SIN_CROTAL_20260602_130033_CFG001_CONFIG_01_-_B1F_AVG1_ADC8192;configurations;toma con tabla personalizada de configuraciones;CONFIG 01 - B1F_AVG1_ADC8192;588;14.706069;5610;1964;25.75;2077;31;31;1;100;411;8192;50;0;confirmada;2026-06-02T13:01:19.702
BLOQUE_16CFG_SIN_CROTAL_20260602_130033_CFG001_CONFIG_01_-_B1F_AVG1_ADC8192;SIN_CROTAL;BLOQUE_16CFG_SIN_CROTAL_20260602_130033_CFG001_CONFIG_01_-_B1F_AVG1_ADC8192;configurations;toma con tabla personalizada de configuraciones;CONFIG 01 - B1F_AVG1_ADC8192;589;14.735715;5614;1972;25.47;2066;31;31;1;100;411;8192;50;0;confirmada;2026-06-02T13:01:19.702
BLOQUE_16CFG_SIN_CROTAL_20260602_130033_CFG001_CONFIG_01_-_B1F_AVG1_ADC8192;SIN_CROTAL;BLOQUE_16CFG_SIN_CROTAL_20260602_130033_CFG001_CONFIG_01_-_B1F_AVG1_ADC8192;configurations;toma con tabla personalizada de configuraciones;CONFIG 01 - B1F_AVG1_ADC8192;590;14.755893;5610;1975;24.31;2020;31;31;1;100;411;8192;50;0;confirmada;2026-06-02T13:01:19.702
BLOQUE_16CFG_SIN_CROTAL_20260602_130033_CFG001_CONFIG_01_-_B1F_AVG1_ADC8192;SIN_CROTAL;BLOQUE_16CFG_SIN_CROTAL_20260602_130033_CFG001_CONFIG_01_-_B1F_AVG1_ADC8192;configurations;toma con tabla personalizada de configuraciones;CONFIG 01 - B1F_AVG1_ADC8192;591;14.785906;5622;1973;25.01;2048;31;31;1;100;411;8192;50;0;confirmada;2026-06-02T13:01:19.702
BLOQUE_16CFG_SIN_CROTAL_20260602_130033_CFG001_CONFIG_01_-_B1F_AVG1_ADC8192;SIN_CROTAL;BLOQUE_16CFG_SIN_CROTAL_20260602_130033_CFG001_CONFIG_01_-_B1F_AVG1_ADC8192;configurations;toma con tabla personalizada de configuraciones;CONFIG 01 - B1F_AVG1_ADC8192;592;14.805357;5610;1965;25.04;2049;31;31;1;100;411;8192;50;0;confirmada;2026-06-02T13:01:19.702
BLOQUE_16CFG_SIN_CROTAL_20260602_130033_CFG001_CONFIG_01_-_B1F_AVG1_ADC8192;SIN_CROTAL;BLOQUE_16CFG_SIN_CROTAL_20260602_130033_CFG001_CONFIG_01_-_B1F_AVG1_ADC8192;configurations;toma con tabla personalizada de configuraciones;CONFIG 01 - B1F_AVG1_ADC8192;593;14.835937;5608;1969;25.42;2064;31;31;1;100;411;8192;50;0;confirmada;2026-06-02T13:01:19.702
BLOQUE_16CFG_SIN_CROTAL_20260602_130033_CFG001_CONFIG_01_-_B1F_AVG1_ADC8192;SIN_CROTAL;BLOQUE_16CFG_SIN_CROTAL_20260602_130033_CFG001_CONFIG_01_-_B1F_AVG1_ADC8192;configurations;toma con tabla personalizada de configuraciones;CONFIG 01 - B1F_AVG1_ADC8192;594;14.856453;5605;1959;25.24;2057;31;31;1;100;411;8192;50;0;confirmada;2026-06-02T13:01:19.702
BLOQUE_16CFG_SIN_CROTAL_20260602_130033_CFG001_CONFIG_01_-_B1F_AVG1_ADC8192;SIN_CROTAL;BLOQUE_16CFG_SIN_CROTAL_20260602_130033_CFG001_CONFIG_01_-_B1F_AVG1_ADC8192;configurations;toma con tabla personalizada de configuraciones;CONFIG 01 - B1F_AVG1_ADC8192;595;14.886179;5604;1975;24.26;2018;31;31;1;100;411;8192;50;0;confirmada;2026-06-02T13:01:19.702
BLOQUE_16CFG_SIN_CROTAL_20260602_130033_CFG001_CONFIG_01_-_B1F_AVG1_ADC8192;SIN_CROTAL;BLOQUE_16CFG_SIN_CROTAL_20260602_130033_CFG001_CONFIG_01_-_B1F_AVG1_ADC8192;configurations;toma con tabla personalizada de configuraciones;CONFIG 01 - B1F_AVG1_ADC8192;596;14.906572;5611;1961;24.13;2013;31;31;1;100;411;8192;50;0;confirmada;2026-06-02T13:01:19.702
BLOQUE_16CFG_SIN_CROTAL_20260602_130033_CFG001_CONFIG_01_-_B1F_AVG1_ADC8192;SIN_CROTAL;BLOQUE_16CFG_SIN_CROTAL_20260602_130033_CFG001_CONFIG_01_-_B1F_AVG1_ADC8192;configurations;toma con tabla personalizada de configuraciones;CONFIG 01 - B1F_AVG1_ADC8192;597;14.936141;5619;1972;25.19;2055;31;31;1;100;411;8192;50;0;confirmada;2026-06-02T13:01:19.702
BLOQUE_16CFG_SIN_CROTAL_20260602_130033_CFG001_CONFIG_01_-_B1F_AVG1_ADC8192;SIN_CROTAL;BLOQUE_16CFG_SIN_CROTAL_20260602_130033_CFG001_CONFIG_01_-_B1F_AVG1_ADC8192;configurations;toma con tabla personalizada de configuraciones;CONFIG 01 - B1F_AVG1_ADC8192;598;14.955968;5607;1963;25.95;2085;31;31;1;100;411;8192;50;0;confirmada;2026-06-02T13:01:19.702
BLOQUE_16CFG_SIN_CROTAL_20260602_130033_CFG001_CONFIG_01_-_B1F_AVG1_ADC8192;SIN_CROTAL;BLOQUE_16CFG_SIN_CROTAL_20260602_130033_CFG001_CONFIG_01_-_B1F_AVG1_ADC8192;configurations;toma con tabla personalizada de configuraciones;CONFIG 01 - B1F_AVG1_ADC8192;599;14.986311;5607;1975;25.24;2057;31;31;1;100;411;8192;50;0;confirmada;2026-06-02T13:01:19.702
BLOQUE_16CFG_SIN_CROTAL_20260602_130033_CFG001_CONFIG_01_-_B1F_AVG1_ADC8192;SIN_CROTAL;BLOQUE_16CFG_SIN_CROTAL_20260602_130033_CFG001_CONFIG_01_-_B1F_AVG1_ADC8192;configurations;toma con tabla personalizada de configuraciones;CONFIG 01 - B1F_AVG1_ADC8192;600;15.006218;5613;1975;24.31;2020;31;31;1;100;411;8192;50;0;confirmada;2026-06-02T13:01:19.702
BLOQUE_16CFG_SIN_CROTAL_20260602_130033_CFG001_CONFIG_01_-_B1F_AVG1_ADC8192;SIN_CROTAL;BLOQUE_16CFG_SIN_CROTAL_20260602_130033_CFG001_CONFIG_01_-_B1F_AVG1_ADC8192;configurations;toma con tabla personalizada de configuraciones;CONFIG 01 - B1F_AVG1_ADC8192;601;15.036473;5608;1965;24.56;2030;31;31;1;100;411;8192;50;0;confirmada;2026-06-02T13:01:19.702
BLOQUE_16CFG_SIN_CROTAL_20260602_130033_CFG001_CONFIG_01_-_B1F_AVG1_ADC8192;SIN_CROTAL;BLOQUE_16CFG_SIN_CROTAL_20260602_130033_CFG001_CONFIG_01_-_B1F_AVG1_ADC8192;configurations;toma con tabla personalizada de configuraciones;CONFIG 01 - B1F_AVG1_ADC8192;602;15.056678;5618;1969;25.06;2050;31;31;1;100;411;8192;50;0;confirmada;2026-06-02T13:01:19.702
BLOQUE_16CFG_SIN_CROTAL_20260602_130033_CFG001_CONFIG_01_-_B1F_AVG1_ADC8192;SIN_CROTAL;BLOQUE_16CFG_SIN_CROTAL_20260602_130033_CFG001_CONFIG_01_-_B1F_AVG1_ADC8192;configurations;toma con tabla personalizada de configuraciones;CONFIG 01 - B1F_AVG1_ADC8192;603;15.086678;5609;1969;25.06;2050;31;31;1;100;411;8192;50;0;confirmada;2026-06-02T13:01:19.702
BLOQUE_16CFG_SIN_CROTAL_20260602_130033_CFG001_CONFIG_01_-_B1F_AVG1_ADC8192;SIN_CROTAL;BLOQUE_16CFG_SIN_CROTAL_20260602_130033_CFG001_CONFIG_01_-_B1F_AVG1_ADC8192;configurations;toma con tabla personalizada de configuraciones;CONFIG 01 - B1F_AVG1_ADC8192;604;15.107020;5622;1963;25.04;2049;31;31;1;100;411;8192;50;0;confirmada;2026-06-02T13:01:19.702
BLOQUE_16CFG_SIN_CROTAL_20260602_130033_CFG001_CONFIG_01_-_B1F_AVG1_ADC8192;SIN_CROTAL;BLOQUE_16CFG_SIN_CROTAL_20260602_130033_CFG001_CONFIG_01_-_B1F_AVG1_ADC8192;configurations;toma con tabla personalizada de configuraciones;CONFIG 01 - B1F_AVG1_ADC8192;605;15.136712;5613;1968;24.33;2021;31;31;1;100;411;8192;50;0;confirmada;2026-06-02T13:01:19.702
BLOQUE_16CFG_SIN_CROTAL_20260602_130033_CFG001_CONFIG_01_-_B1F_AVG1_ADC8192;SIN_CROTAL;BLOQUE_16CFG_SIN_CROTAL_20260602_130033_CFG001_CONFIG_01_-_B1F_AVG1_ADC8192;configurations;toma con tabla personalizada de configuraciones;CONFIG 01 - B1F_AVG1_ADC8192;606;15.156763;5613;1975;24.38;2023;31;31;1;100;411;8192;50;0;confirmada;2026-06-02T13:01:19.702
BLOQUE_16CFG_SIN_CROTAL_20260602_130033_CFG001_CONFIG_01_-_B1F_AVG1_ADC8192;SIN_CROTAL;BLOQUE_16CFG_SIN_CROTAL_20260602_130033_CFG001_CONFIG_01_-_B1F_AVG1_ADC8192;configurations;toma con tabla personalizada de configuraciones;CONFIG 01 - B1F_AVG1_ADC8192;607;15.186877;5616;1970;25.54;2069;31;31;1;100;411;8192;50;0;confirmada;2026-06-02T13:01:19.702
BLOQUE_16CFG_SIN_CROTAL_20260602_130033_CFG001_CONFIG_01_-_B1F_AVG1_ADC8192;SIN_CROTAL;BLOQUE_16CFG_SIN_CROTAL_20260602_130033_CFG001_CONFIG_01_-_B1F_AVG1_ADC8192;configurations;toma con tabla personalizada de configuraciones;CONFIG 01 - B1F_AVG1_ADC8192;608;15.206898;5616;1974;24.94;2045;31;31;1;100;411;8192;50;0;confirmada;2026-06-02T13:01:19.702
BLOQUE_16CFG_SIN_CROTAL_20260602_130033_CFG001_CONFIG_01_-_B1F_AVG1_ADC8192;SIN_CROTAL;BLOQUE_16CFG_SIN_CROTAL_20260602_130033_CFG001_CONFIG_01_-_B1F_AVG1_ADC8192;configurations;toma con tabla personalizada de configuraciones;CONFIG 01 - B1F_AVG1_ADC8192;609;15.237041;5614;1964;24.46;2026;31;31;1;100;411;8192;50;0;confirmada;2026-06-02T13:01:19.702
BLOQUE_16CFG_SIN_CROTAL_20260602_130033_CFG001_CONFIG_01_-_B1F_AVG1_ADC8192;SIN_CROTAL;BLOQUE_16CFG_SIN_CROTAL_20260602_130033_CFG001_CONFIG_01_-_B1F_AVG1_ADC8192;configurations;toma con tabla personalizada de configuraciones;CONFIG 01 - B1F_AVG1_ADC8192;610;15.256813;5615;1968;24.43;2025;31;31;1;100;411;8192;50;0;confirmada;2026-06-02T13:01:19.702
BLOQUE_16CFG_SIN_CROTAL_20260602_130033_CFG001_CONFIG_01_-_B1F_AVG1_ADC8192;SIN_CROTAL;BLOQUE_16CFG_SIN_CROTAL_20260602_130033_CFG001_CONFIG_01_-_B1F_AVG1_ADC8192;configurations;toma con tabla personalizada de configuraciones;CONFIG 01 - B1F_AVG1_ADC8192;611;15.287040;5618;1974;24.91;2044;31;31;1;100;411;8192;50;0;confirmada;2026-06-02T13:01:19.702
BLOQUE_16CFG_SIN_CROTAL_20260602_130033_CFG001_CONFIG_01_-_B1F_AVG1_ADC8192;SIN_CROTAL;BLOQUE_16CFG_SIN_CROTAL_20260602_130033_CFG001_CONFIG_01_-_B1F_AVG1_ADC8192;configurations;toma con tabla personalizada de configuraciones;CONFIG 01 - B1F_AVG1_ADC8192;612;15.307204;5610;1973;25.06;2050;31;31;1;100;411;8192;50;0;confirmada;2026-06-02T13:01:19.702
BLOQUE_16CFG_SIN_CROTAL_20260602_130033_CFG001_CONFIG_01_-_B1F_AVG1_ADC8192;SIN_CROTAL;BLOQUE_16CFG_SIN_CROTAL_20260602_130033_CFG001_CONFIG_01_-_B1F_AVG1_ADC8192;configurations;toma con tabla personalizada de configuraciones;CONFIG 01 - B1F_AVG1_ADC8192;613;15.337320;5611;1961;25.62;2072;31;31;1;100;411;8192;50;0;confirmada;2026-06-02T13:01:19.702
BLOQUE_16CFG_SIN_CROTAL_20260602_130033_CFG001_CONFIG_01_-_B1F_AVG1_ADC8192;SIN_CROTAL;BLOQUE_16CFG_SIN_CROTAL_20260602_130033_CFG001_CONFIG_01_-_B1F_AVG1_ADC8192;configurations;toma con tabla personalizada de configuraciones;CONFIG 01 - B1F_AVG1_ADC8192;614;15.357522;5622;1966;24.41;2024;31;31;1;100;411;8192;50;0;confirmada;2026-06-02T13:01:19.702
BLOQUE_16CFG_SIN_CROTAL_20260602_130033_CFG001_CONFIG_01_-_B1F_AVG1_ADC8192;SIN_CROTAL;BLOQUE_16CFG_SIN_CROTAL_20260602_130033_CFG001_CONFIG_01_-_B1F_AVG1_ADC8192;configurations;toma con tabla personalizada de configuraciones;CONFIG 01 - B1F_AVG1_ADC8192;615;15.387353;5615;1974;25.34;2061;31;31;1;100;411;8192;50;0;confirmada;2026-06-02T13:01:19.702
BLOQUE_16CFG_SIN_CROTAL_20260602_130033_CFG001_CONFIG_01_-_B1F_AVG1_ADC8192;SIN_CROTAL;BLOQUE_16CFG_SIN_CROTAL_20260602_130033_CFG001_CONFIG_01_-_B1F_AVG1_ADC8192;configurations;toma con tabla personalizada de configuraciones;CONFIG 01 - B1F_AVG1_ADC8192;616;15.407197;5606;1974;24.96;2046;31;31;1;100;411;8192;50;0;confirmada;2026-06-02T13:01:19.702
BLOQUE_16CFG_SIN_CROTAL_20260602_130033_CFG001_CONFIG_01_-_B1F_AVG1_ADC8192;SIN_CROTAL;BLOQUE_16CFG_SIN_CROTAL_20260602_130033_CFG001_CONFIG_01_-_B1F_AVG1_ADC8192;configurations;toma con tabla personalizada de configuraciones;CONFIG 01 - B1F_AVG1_ADC8192;617;15.437350;5613;1966;25.24;2057;31;31;1;100;411;8192;50;0;confirmada;2026-06-02T13:01:19.702
BLOQUE_16CFG_SIN_CROTAL_20260602_130033_CFG001_CONFIG_01_-_B1F_AVG1_ADC8192;SIN_CROTAL;BLOQUE_16CFG_SIN_CROTAL_20260602_130033_CFG001_CONFIG_01_-_B1F_AVG1_ADC8192;configurations;toma con tabla personalizada de configuraciones;CONFIG 01 - B1F_AVG1_ADC8192;618;15.457347;5610;1968;25.37;2062;31;31;1;100;411;8192;50;0;confirmada;2026-06-02T13:01:19.702
BLOQUE_16CFG_SIN_CROTAL_20260602_130033_CFG001_CONFIG_01_-_B1F_AVG1_ADC8192;SIN_CROTAL;BLOQUE_16CFG_SIN_CROTAL_20260602_130033_CFG001_CONFIG_01_-_B1F_AVG1_ADC8192;configurations;toma con tabla personalizada de configuraciones;CONFIG 01 - B1F_AVG1_ADC8192;619;15.487502;5601;1974;24.86;2042;31;31;1;100;411;8192;50;0;confirmada;2026-06-02T13:01:19.702
BLOQUE_16CFG_SIN_CROTAL_20260602_130033_CFG001_CONFIG_01_-_B1F_AVG1_ADC8192;SIN_CROTAL;BLOQUE_16CFG_SIN_CROTAL_20260602_130033_CFG001_CONFIG_01_-_B1F_AVG1_ADC8192;configurations;toma con tabla personalizada de configuraciones;CONFIG 01 - B1F_AVG1_ADC8192;620;15.508143;5603;1963;24.56;2030;31;31;1;100;411;8192;50;0;confirmada;2026-06-02T13:01:19.702
BLOQUE_16CFG_SIN_CROTAL_20260602_130033_CFG001_CONFIG_01_-_B1F_AVG1_ADC8192;SIN_CROTAL;BLOQUE_16CFG_SIN_CROTAL_20260602_130033_CFG001_CONFIG_01_-_B1F_AVG1_ADC8192;configurations;toma con tabla personalizada de configuraciones;CONFIG 01 - B1F_AVG1_ADC8192;621;15.537800;5610;1973;24.86;2042;31;31;1;100;411;8192;50;0;confirmada;2026-06-02T13:01:19.702
BLOQUE_16CFG_SIN_CROTAL_20260602_130033_CFG001_CONFIG_01_-_B1F_AVG1_ADC8192;SIN_CROTAL;BLOQUE_16CFG_SIN_CROTAL_20260602_130033_CFG001_CONFIG_01_-_B1F_AVG1_ADC8192;configurations;toma con tabla personalizada de configuraciones;CONFIG 01 - B1F_AVG1_ADC8192;622;15.557978;5615;1964;25.34;2061;31;31;1;100;411;8192;50;0;confirmada;2026-06-02T13:01:19.702
BLOQUE_16CFG_SIN_CROTAL_20260602_130033_CFG001_CONFIG_01_-_B1F_AVG1_ADC8192;SIN_CROTAL;BLOQUE_16CFG_SIN_CROTAL_20260602_130033_CFG001_CONFIG_01_-_B1F_AVG1_ADC8192;configurations;toma con tabla personalizada de configuraciones;CONFIG 01 - B1F_AVG1_ADC8192;623;15.587729;5614;1971;25.90;2083;31;31;1;100;411;8192;50;0;confirmada;2026-06-02T13:01:19.702
BLOQUE_16CFG_SIN_CROTAL_20260602_130033_CFG001_CONFIG_01_-_B1F_AVG1_ADC8192;SIN_CROTAL;BLOQUE_16CFG_SIN_CROTAL_20260602_130033_CFG001_CONFIG_01_-_B1F_AVG1_ADC8192;configurations;toma con tabla personalizada de configuraciones;CONFIG 01 - B1F_AVG1_ADC8192;624;15.607794;5605;1972;24.94;2045;31;31;1;100;411;8192;50;0;confirmada;2026-06-02T13:01:19.702
BLOQUE_16CFG_SIN_CROTAL_20260602_130033_CFG001_CONFIG_01_-_B1F_AVG1_ADC8192;SIN_CROTAL;BLOQUE_16CFG_SIN_CROTAL_20260602_130033_CFG001_CONFIG_01_-_B1F_AVG1_ADC8192;configurations;toma con tabla personalizada de configuraciones;CONFIG 01 - B1F_AVG1_ADC8192;625;15.637940;5611;1971;25.24;2057;31;31;1;100;411;8192;50;0;confirmada;2026-06-02T13:01:19.702
BLOQUE_16CFG_SIN_CROTAL_20260602_130033_CFG001_CONFIG_01_-_B1F_AVG1_ADC8192;SIN_CROTAL;BLOQUE_16CFG_SIN_CROTAL_20260602_130033_CFG001_CONFIG_01_-_B1F_AVG1_ADC8192;configurations;toma con tabla personalizada de configuraciones;CONFIG 01 - B1F_AVG1_ADC8192;626;15.658114;5619;1970;25.11;2052;31;31;1;100;411;8192;50;0;confirmada;2026-06-02T13:01:19.702
BLOQUE_16CFG_SIN_CROTAL_20260602_130033_CFG001_CONFIG_01_-_B1F_AVG1_ADC8192;SIN_CROTAL;BLOQUE_16CFG_SIN_CROTAL_20260602_130033_CFG001_CONFIG_01_-_B1F_AVG1_ADC8192;configurations;toma con tabla personalizada de configuraciones;CONFIG 01 - B1F_AVG1_ADC8192;627;15.688105;5612;1969;25.01;2048;31;31;1;100;411;8192;50;0;confirmada;2026-06-02T13:01:19.702
BLOQUE_16CFG_SIN_CROTAL_20260602_130033_CFG001_CONFIG_01_-_B1F_AVG1_ADC8192;SIN_CROTAL;BLOQUE_16CFG_SIN_CROTAL_20260602_130033_CFG001_CONFIG_01_-_B1F_AVG1_ADC8192;configurations;toma con tabla personalizada de configuraciones;CONFIG 01 - B1F_AVG1_ADC8192;628;15.708104;5611;1977;25.47;2066;31;31;1;100;411;8192;50;0;confirmada;2026-06-02T13:01:19.702
BLOQUE_16CFG_SIN_CROTAL_20260602_130033_CFG001_CONFIG_01_-_B1F_AVG1_ADC8192;SIN_CROTAL;BLOQUE_16CFG_SIN_CROTAL_20260602_130033_CFG001_CONFIG_01_-_B1F_AVG1_ADC8192;configurations;toma con tabla personalizada de configuraciones;CONFIG 01 - B1F_AVG1_ADC8192;629;15.738309;5606;1967;25.54;2069;31;31;1;100;411;8192;50;0;confirmada;2026-06-02T13:01:19.702
BLOQUE_16CFG_SIN_CROTAL_20260602_130033_CFG001_CONFIG_01_-_B1F_AVG1_ADC8192;SIN_CROTAL;BLOQUE_16CFG_SIN_CROTAL_20260602_130033_CFG001_CONFIG_01_-_B1F_AVG1_ADC8192;configurations;toma con tabla personalizada de configuraciones;CONFIG 01 - B1F_AVG1_ADC8192;630;15.758704;5612;1960;24.84;2041;31;31;1;100;411;8192;50;0;confirmada;2026-06-02T13:01:19.702
BLOQUE_16CFG_SIN_CROTAL_20260602_130033_CFG001_CONFIG_01_-_B1F_AVG1_ADC8192;SIN_CROTAL;BLOQUE_16CFG_SIN_CROTAL_20260602_130033_CFG001_CONFIG_01_-_B1F_AVG1_ADC8192;configurations;toma con tabla personalizada de configuraciones;CONFIG 01 - B1F_AVG1_ADC8192;631;15.788329;5622;1971;24.86;2042;31;31;1;100;411;8192;50;0;confirmada;2026-06-02T13:01:19.702
BLOQUE_16CFG_SIN_CROTAL_20260602_130033_CFG001_CONFIG_01_-_B1F_AVG1_ADC8192;SIN_CROTAL;BLOQUE_16CFG_SIN_CROTAL_20260602_130033_CFG001_CONFIG_01_-_B1F_AVG1_ADC8192;configurations;toma con tabla personalizada de configuraciones;CONFIG 01 - B1F_AVG1_ADC8192;632;15.807858;5606;1973;25.32;2060;31;31;1;100;411;8192;50;0;confirmada;2026-06-02T13:01:19.702
BLOQUE_16CFG_SIN_CROTAL_20260602_130033_CFG001_CONFIG_01_-_B1F_AVG1_ADC8192;SIN_CROTAL;BLOQUE_16CFG_SIN_CROTAL_20260602_130033_CFG001_CONFIG_01_-_B1F_AVG1_ADC8192;configurations;toma con tabla personalizada de configuraciones;CONFIG 01 - B1F_AVG1_ADC8192;633;15.838401;5620;1975;25.52;2068;31;31;1;100;411;8192;50;0;confirmada;2026-06-02T13:01:19.702
BLOQUE_16CFG_SIN_CROTAL_20260602_130033_CFG001_CONFIG_01_-_B1F_AVG1_ADC8192;SIN_CROTAL;BLOQUE_16CFG_SIN_CROTAL_20260602_130033_CFG001_CONFIG_01_-_B1F_AVG1_ADC8192;configurations;toma con tabla personalizada de configuraciones;CONFIG 01 - B1F_AVG1_ADC8192;634;15.858317;5612;1965;25.27;2058;31;31;1;100;411;8192;50;0;confirmada;2026-06-02T13:01:19.702
BLOQUE_16CFG_SIN_CROTAL_20260602_130033_CFG001_CONFIG_01_-_B1F_AVG1_ADC8192;SIN_CROTAL;BLOQUE_16CFG_SIN_CROTAL_20260602_130033_CFG001_CONFIG_01_-_B1F_AVG1_ADC8192;configurations;toma con tabla personalizada de configuraciones;CONFIG 01 - B1F_AVG1_ADC8192;635;15.888589;5615;1969;24.96;2046;31;31;1;100;411;8192;50;0;confirmada;2026-06-02T13:01:19.702
BLOQUE_16CFG_SIN_CROTAL_20260602_130033_CFG001_CONFIG_01_-_B1F_AVG1_ADC8192;SIN_CROTAL;BLOQUE_16CFG_SIN_CROTAL_20260602_130033_CFG001_CONFIG_01_-_B1F_AVG1_ADC8192;configurations;toma con tabla personalizada de configuraciones;CONFIG 01 - B1F_AVG1_ADC8192;636;15.908149;5610;1968;24.96;2046;31;31;1;100;411;8192;50;0;confirmada;2026-06-02T13:01:19.702
BLOQUE_16CFG_SIN_CROTAL_20260602_130033_CFG001_CONFIG_01_-_B1F_AVG1_ADC8192;SIN_CROTAL;BLOQUE_16CFG_SIN_CROTAL_20260602_130033_CFG001_CONFIG_01_-_B1F_AVG1_ADC8192;configurations;toma con tabla personalizada de configuraciones;CONFIG 01 - B1F_AVG1_ADC8192;637;15.938676;5606;1975;24.08;2011;31;31;1;100;411;8192;50;0;confirmada;2026-06-02T13:01:19.702
BLOQUE_16CFG_SIN_CROTAL_20260602_130033_CFG001_CONFIG_01_-_B1F_AVG1_ADC8192;SIN_CROTAL;BLOQUE_16CFG_SIN_CROTAL_20260602_130033_CFG001_CONFIG_01_-_B1F_AVG1_ADC8192;configurations;toma con tabla personalizada de configuraciones;CONFIG 01 - B1F_AVG1_ADC8192;638;15.958268;5610;1973;24.51;2028;31;31;1;100;411;8192;50;0;confirmada;2026-06-02T13:01:19.702
BLOQUE_16CFG_SIN_CROTAL_20260602_130033_CFG001_CONFIG_01_-_B1F_AVG1_ADC8192;SIN_CROTAL;BLOQUE_16CFG_SIN_CROTAL_20260602_130033_CFG001_CONFIG_01_-_B1F_AVG1_ADC8192;configurations;toma con tabla personalizada de configuraciones;CONFIG 01 - B1F_AVG1_ADC8192;639;15.988899;5609;1969;24.21;2016;31;31;1;100;411;8192;50;0;confirmada;2026-06-02T13:01:19.702
BLOQUE_16CFG_SIN_CROTAL_20260602_130033_CFG001_CONFIG_01_-_B1F_AVG1_ADC8192;SIN_CROTAL;BLOQUE_16CFG_SIN_CROTAL_20260602_130033_CFG001_CONFIG_01_-_B1F_AVG1_ADC8192;configurations;toma con tabla personalizada de configuraciones;CONFIG 01 - B1F_AVG1_ADC8192;640;16.008837;5611;1983;25.09;2051;31;31;1;100;411;8192;50;0;confirmada;2026-06-02T13:01:19.702
BLOQUE_16CFG_SIN_CROTAL_20260602_130033_CFG001_CONFIG_01_-_B1F_AVG1_ADC8192;SIN_CROTAL;BLOQUE_16CFG_SIN_CROTAL_20260602_130033_CFG001_CONFIG_01_-_B1F_AVG1_ADC8192;configurations;toma con tabla personalizada de configuraciones;CONFIG 01 - B1F_AVG1_ADC8192;641;16.039015;5612;1975;25.04;2049;31;31;1;100;411;8192;50;0;confirmada;2026-06-02T13:01:19.702
BLOQUE_16CFG_SIN_CROTAL_20260602_130033_CFG001_CONFIG_01_-_B1F_AVG1_ADC8192;SIN_CROTAL;BLOQUE_16CFG_SIN_CROTAL_20260602_130033_CFG001_CONFIG_01_-_B1F_AVG1_ADC8192;configurations;toma con tabla personalizada de configuraciones;CONFIG 01 - B1F_AVG1_ADC8192;642;16.059420;5621;1957;24.91;2044;31;31;1;100;411;8192;50;0;confirmada;2026-06-02T13:01:19.702
BLOQUE_16CFG_SIN_CROTAL_20260602_130033_CFG001_CONFIG_01_-_B1F_AVG1_ADC8192;SIN_CROTAL;BLOQUE_16CFG_SIN_CROTAL_20260602_130033_CFG001_CONFIG_01_-_B1F_AVG1_ADC8192;configurations;toma con tabla personalizada de configuraciones;CONFIG 01 - B1F_AVG1_ADC8192;643;16.089083;5611;1972;25.04;2049;31;31;1;100;411;8192;50;0;confirmada;2026-06-02T13:01:19.702
BLOQUE_16CFG_SIN_CROTAL_20260602_130033_CFG001_CONFIG_01_-_B1F_AVG1_ADC8192;SIN_CROTAL;BLOQUE_16CFG_SIN_CROTAL_20260602_130033_CFG001_CONFIG_01_-_B1F_AVG1_ADC8192;configurations;toma con tabla personalizada de configuraciones;CONFIG 01 - B1F_AVG1_ADC8192;644;16.109492;5621;1958;24.84;2041;31;31;1;100;411;8192;50;0;confirmada;2026-06-02T13:01:19.702
BLOQUE_16CFG_SIN_CROTAL_20260602_130033_CFG001_CONFIG_01_-_B1F_AVG1_ADC8192;SIN_CROTAL;BLOQUE_16CFG_SIN_CROTAL_20260602_130033_CFG001_CONFIG_01_-_B1F_AVG1_ADC8192;configurations;toma con tabla personalizada de configuraciones;CONFIG 01 - B1F_AVG1_ADC8192;645;16.139390;5613;1967;25.49;2067;31;31;1;100;411;8192;50;0;confirmada;2026-06-02T13:01:19.702
BLOQUE_16CFG_SIN_CROTAL_20260602_130033_CFG001_CONFIG_01_-_B1F_AVG1_ADC8192;SIN_CROTAL;BLOQUE_16CFG_SIN_CROTAL_20260602_130033_CFG001_CONFIG_01_-_B1F_AVG1_ADC8192;configurations;toma con tabla personalizada de configuraciones;CONFIG 01 - B1F_AVG1_ADC8192;646;16.159436;5610;1975;25.01;2048;31;31;1;100;411;8192;50;0;confirmada;2026-06-02T13:01:19.702
BLOQUE_16CFG_SIN_CROTAL_20260602_130033_CFG001_CONFIG_01_-_B1F_AVG1_ADC8192;SIN_CROTAL;BLOQUE_16CFG_SIN_CROTAL_20260602_130033_CFG001_CONFIG_01_-_B1F_AVG1_ADC8192;configurations;toma con tabla personalizada de configuraciones;CONFIG 01 - B1F_AVG1_ADC8192;647;16.189375;5617;1979;25.06;2050;31;31;1;100;411;8192;50;0;confirmada;2026-06-02T13:01:19.702
BLOQUE_16CFG_SIN_CROTAL_20260602_130033_CFG001_CONFIG_01_-_B1F_AVG1_ADC8192;SIN_CROTAL;BLOQUE_16CFG_SIN_CROTAL_20260602_130033_CFG001_CONFIG_01_-_B1F_AVG1_ADC8192;configurations;toma con tabla personalizada de configuraciones;CONFIG 01 - B1F_AVG1_ADC8192;648;16.208923;5609;1969;25.16;2054;31;31;1;100;411;8192;50;0;confirmada;2026-06-02T13:01:19.702
BLOQUE_16CFG_SIN_CROTAL_20260602_130033_CFG001_CONFIG_01_-_B1F_AVG1_ADC8192;SIN_CROTAL;BLOQUE_16CFG_SIN_CROTAL_20260602_130033_CFG001_CONFIG_01_-_B1F_AVG1_ADC8192;configurations;toma con tabla personalizada de configuraciones;CONFIG 01 - B1F_AVG1_ADC8192;649;16.239621;5615;1978;25.24;2057;31;31;1;100;411;8192;50;0;confirmada;2026-06-02T13:01:19.702
BLOQUE_16CFG_SIN_CROTAL_20260602_130033_CFG001_CONFIG_01_-_B1F_AVG1_ADC8192;SIN_CROTAL;BLOQUE_16CFG_SIN_CROTAL_20260602_130033_CFG001_CONFIG_01_-_B1F_AVG1_ADC8192;configurations;toma con tabla personalizada de configuraciones;CONFIG 01 - B1F_AVG1_ADC8192;650;16.259658;5621;1963;24.89;2043;31;31;1;100;411;8192;50;0;confirmada;2026-06-02T13:01:19.702
BLOQUE_16CFG_SIN_CROTAL_20260602_130033_CFG001_CONFIG_01_-_B1F_AVG1_ADC8192;SIN_CROTAL;BLOQUE_16CFG_SIN_CROTAL_20260602_130033_CFG001_CONFIG_01_-_B1F_AVG1_ADC8192;configurations;toma con tabla personalizada de configuraciones;CONFIG 01 - B1F_AVG1_ADC8192;651;16.289727;5613;1967;25.37;2062;31;31;1;100;411;8192;50;0;confirmada;2026-06-02T13:01:19.702
BLOQUE_16CFG_SIN_CROTAL_20260602_130033_CFG001_CONFIG_01_-_B1F_AVG1_ADC8192;SIN_CROTAL;BLOQUE_16CFG_SIN_CROTAL_20260602_130033_CFG001_CONFIG_01_-_B1F_AVG1_ADC8192;configurations;toma con tabla personalizada de configuraciones;CONFIG 01 - B1F_AVG1_ADC8192;652;16.309775;5610;1964;25.19;2055;31;31;1;100;411;8192;50;0;confirmada;2026-06-02T13:01:19.702
BLOQUE_16CFG_SIN_CROTAL_20260602_130033_CFG001_CONFIG_01_-_B1F_AVG1_ADC8192;SIN_CROTAL;BLOQUE_16CFG_SIN_CROTAL_20260602_130033_CFG001_CONFIG_01_-_B1F_AVG1_ADC8192;configurations;toma con tabla personalizada de configuraciones;CONFIG 01 - B1F_AVG1_ADC8192;653;16.339917;5606;1964;25.49;2067;31;31;1;100;411;8192;50;0;confirmada;2026-06-02T13:01:19.702
BLOQUE_16CFG_SIN_CROTAL_20260602_130033_CFG001_CONFIG_01_-_B1F_AVG1_ADC8192;SIN_CROTAL;BLOQUE_16CFG_SIN_CROTAL_20260602_130033_CFG001_CONFIG_01_-_B1F_AVG1_ADC8192;configurations;toma con tabla personalizada de configuraciones;CONFIG 01 - B1F_AVG1_ADC8192;654;16.359537;5612;1969;25.19;2055;31;31;1;100;411;8192;50;0;confirmada;2026-06-02T13:01:19.702
BLOQUE_16CFG_SIN_CROTAL_20260602_130033_CFG001_CONFIG_01_-_B1F_AVG1_ADC8192;SIN_CROTAL;BLOQUE_16CFG_SIN_CROTAL_20260602_130033_CFG001_CONFIG_01_-_B1F_AVG1_ADC8192;configurations;toma con tabla personalizada de configuraciones;CONFIG 01 - B1F_AVG1_ADC8192;655;16.390031;5615;1968;24.33;2021;31;31;1;100;411;8192;50;0;confirmada;2026-06-02T13:01:19.702
BLOQUE_16CFG_SIN_CROTAL_20260602_130033_CFG001_CONFIG_01_-_B1F_AVG1_ADC8192;SIN_CROTAL;BLOQUE_16CFG_SIN_CROTAL_20260602_130033_CFG001_CONFIG_01_-_B1F_AVG1_ADC8192;configurations;toma con tabla personalizada de configuraciones;CONFIG 01 - B1F_AVG1_ADC8192;656;16.410105;5609;1966;24.81;2040;31;31;1;100;411;8192;50;0;confirmada;2026-06-02T13:01:19.702
BLOQUE_16CFG_SIN_CROTAL_20260602_130033_CFG001_CONFIG_01_-_B1F_AVG1_ADC8192;SIN_CROTAL;BLOQUE_16CFG_SIN_CROTAL_20260602_130033_CFG001_CONFIG_01_-_B1F_AVG1_ADC8192;configurations;toma con tabla personalizada de configuraciones;CONFIG 01 - B1F_AVG1_ADC8192;657;16.440190;5617;1975;24.46;2026;31;31;1;100;411;8192;50;0;confirmada;2026-06-02T13:01:19.702
BLOQUE_16CFG_SIN_CROTAL_20260602_130033_CFG001_CONFIG_01_-_B1F_AVG1_ADC8192;SIN_CROTAL;BLOQUE_16CFG_SIN_CROTAL_20260602_130033_CFG001_CONFIG_01_-_B1F_AVG1_ADC8192;configurations;toma con tabla personalizada de configuraciones;CONFIG 01 - B1F_AVG1_ADC8192;658;16.460034;5622;1981;23.93;2005;31;31;1;100;411;8192;50;0;confirmada;2026-06-02T13:01:19.702
BLOQUE_16CFG_SIN_CROTAL_20260602_130033_CFG001_CONFIG_01_-_B1F_AVG1_ADC8192;SIN_CROTAL;BLOQUE_16CFG_SIN_CROTAL_20260602_130033_CFG001_CONFIG_01_-_B1F_AVG1_ADC8192;configurations;toma con tabla personalizada de configuraciones;CONFIG 01 - B1F_AVG1_ADC8192;659;16.490145;5621;1974;25.24;2057;31;31;1;100;411;8192;50;0;confirmada;2026-06-02T13:01:19.702
BLOQUE_16CFG_SIN_CROTAL_20260602_130033_CFG001_CONFIG_01_-_B1F_AVG1_ADC8192;SIN_CROTAL;BLOQUE_16CFG_SIN_CROTAL_20260602_130033_CFG001_CONFIG_01_-_B1F_AVG1_ADC8192;configurations;toma con tabla personalizada de configuraciones;CONFIG 01 - B1F_AVG1_ADC8192;660;16.510574;5619;1957;24.99;2047;31;31;1;100;411;8192;50;0;confirmada;2026-06-02T13:01:19.702
BLOQUE_16CFG_SIN_CROTAL_20260602_130033_CFG001_CONFIG_01_-_B1F_AVG1_ADC8192;SIN_CROTAL;BLOQUE_16CFG_SIN_CROTAL_20260602_130033_CFG001_CONFIG_01_-_B1F_AVG1_ADC8192;configurations;toma con tabla personalizada de configuraciones;CONFIG 01 - B1F_AVG1_ADC8192;661;16.540250;5609;1977;25.09;2051;31;31;1;100;411;8192;50;0;confirmada;2026-06-02T13:01:19.702
BLOQUE_16CFG_SIN_CROTAL_20260602_130033_CFG001_CONFIG_01_-_B1F_AVG1_ADC8192;SIN_CROTAL;BLOQUE_16CFG_SIN_CROTAL_20260602_130033_CFG001_CONFIG_01_-_B1F_AVG1_ADC8192;configurations;toma con tabla personalizada de configuraciones;CONFIG 01 - B1F_AVG1_ADC8192;662;16.560230;5618;1969;24.28;2019;31;31;1;100;411;8192;50;0;confirmada;2026-06-02T13:01:19.702
BLOQUE_16CFG_SIN_CROTAL_20260602_130033_CFG001_CONFIG_01_-_B1F_AVG1_ADC8192;SIN_CROTAL;BLOQUE_16CFG_SIN_CROTAL_20260602_130033_CFG001_CONFIG_01_-_B1F_AVG1_ADC8192;configurations;toma con tabla personalizada de configuraciones;CONFIG 01 - B1F_AVG1_ADC8192;663;16.590510;5615;1973;25.22;2056;31;31;1;100;411;8192;50;0;confirmada;2026-06-02T13:01:19.702
BLOQUE_16CFG_SIN_CROTAL_20260602_130033_CFG001_CONFIG_01_-_B1F_AVG1_ADC8192;SIN_CROTAL;BLOQUE_16CFG_SIN_CROTAL_20260602_130033_CFG001_CONFIG_01_-_B1F_AVG1_ADC8192;configurations;toma con tabla personalizada de configuraciones;CONFIG 01 - B1F_AVG1_ADC8192;664;16.609910;5609;1972;25.14;2053;31;31;1;100;411;8192;50;0;confirmada;2026-06-02T13:01:19.702
BLOQUE_16CFG_SIN_CROTAL_20260602_130033_CFG001_CONFIG_01_-_B1F_AVG1_ADC8192;SIN_CROTAL;BLOQUE_16CFG_SIN_CROTAL_20260602_130033_CFG001_CONFIG_01_-_B1F_AVG1_ADC8192;configurations;toma con tabla personalizada de configuraciones;CONFIG 01 - B1F_AVG1_ADC8192;665;16.640545;5608;1974;24.84;2041;31;31;1;100;411;8192;50;0;confirmada;2026-06-02T13:01:19.702
BLOQUE_16CFG_SIN_CROTAL_20260602_130033_CFG001_CONFIG_01_-_B1F_AVG1_ADC8192;SIN_CROTAL;BLOQUE_16CFG_SIN_CROTAL_20260602_130033_CFG001_CONFIG_01_-_B1F_AVG1_ADC8192;configurations;toma con tabla personalizada de configuraciones;CONFIG 01 - B1F_AVG1_ADC8192;666;16.660998;5616;1968;25.65;2073;31;31;1;100;411;8192;50;0;confirmada;2026-06-02T13:01:19.702
BLOQUE_16CFG_SIN_CROTAL_20260602_130033_CFG001_CONFIG_01_-_B1F_AVG1_ADC8192;SIN_CROTAL;BLOQUE_16CFG_SIN_CROTAL_20260602_130033_CFG001_CONFIG_01_-_B1F_AVG1_ADC8192;configurations;toma con tabla personalizada de configuraciones;CONFIG 01 - B1F_AVG1_ADC8192;667;16.690796;5617;1962;24.86;2042;31;31;1;100;411;8192;50;0;confirmada;2026-06-02T13:01:19.702
BLOQUE_16CFG_SIN_CROTAL_20260602_130033_CFG001_CONFIG_01_-_B1F_AVG1_ADC8192;SIN_CROTAL;BLOQUE_16CFG_SIN_CROTAL_20260602_130033_CFG001_CONFIG_01_-_B1F_AVG1_ADC8192;configurations;toma con tabla personalizada de configuraciones;CONFIG 01 - B1F_AVG1_ADC8192;668;16.711023;5613;1961;24.56;2030;31;31;1;100;411;8192;50;0;confirmada;2026-06-02T13:01:19.702
BLOQUE_16CFG_SIN_CROTAL_20260602_130033_CFG001_CONFIG_01_-_B1F_AVG1_ADC8192;SIN_CROTAL;BLOQUE_16CFG_SIN_CROTAL_20260602_130033_CFG001_CONFIG_01_-_B1F_AVG1_ADC8192;configurations;toma con tabla personalizada de configuraciones;CONFIG 01 - B1F_AVG1_ADC8192;669;16.740950;5610;1968;25.16;2054;31;31;1;100;411;8192;50;0;confirmada;2026-06-02T13:01:19.702
BLOQUE_16CFG_SIN_CROTAL_20260602_130033_CFG001_CONFIG_01_-_B1F_AVG1_ADC8192;SIN_CROTAL;BLOQUE_16CFG_SIN_CROTAL_20260602_130033_CFG001_CONFIG_01_-_B1F_AVG1_ADC8192;configurations;toma con tabla personalizada de configuraciones;CONFIG 01 - B1F_AVG1_ADC8192;670;16.761102;5621;1967;24.86;2042;31;31;1;100;411;8192;50;0;confirmada;2026-06-02T13:01:19.702
BLOQUE_16CFG_SIN_CROTAL_20260602_130033_CFG001_CONFIG_01_-_B1F_AVG1_ADC8192;SIN_CROTAL;BLOQUE_16CFG_SIN_CROTAL_20260602_130033_CFG001_CONFIG_01_-_B1F_AVG1_ADC8192;configurations;toma con tabla personalizada de configuraciones;CONFIG 01 - B1F_AVG1_ADC8192;671;16.791063;5613;1971;25.22;2056;31;31;1;100;411;8192;50;0;confirmada;2026-06-02T13:01:19.702
BLOQUE_16CFG_SIN_CROTAL_20260602_130033_CFG001_CONFIG_01_-_B1F_AVG1_ADC8192;SIN_CROTAL;BLOQUE_16CFG_SIN_CROTAL_20260602_130033_CFG001_CONFIG_01_-_B1F_AVG1_ADC8192;configurations;toma con tabla personalizada de configuraciones;CONFIG 01 - B1F_AVG1_ADC8192;672;16.811046;5602;1974;24.61;2032;31;31;1;100;411;8192;50;0;confirmada;2026-06-02T13:01:19.702
BLOQUE_16CFG_SIN_CROTAL_20260602_130033_CFG001_CONFIG_01_-_B1F_AVG1_ADC8192;SIN_CROTAL;BLOQUE_16CFG_SIN_CROTAL_20260602_130033_CFG001_CONFIG_01_-_B1F_AVG1_ADC8192;configurations;toma con tabla personalizada de configuraciones;CONFIG 01 - B1F_AVG1_ADC8192;673;16.841124;5609;1969;24.91;2044;31;31;1;100;411;8192;50;0;confirmada;2026-06-02T13:01:19.702
BLOQUE_16CFG_SIN_CROTAL_20260602_130033_CFG001_CONFIG_01_-_B1F_AVG1_ADC8192;SIN_CROTAL;BLOQUE_16CFG_SIN_CROTAL_20260602_130033_CFG001_CONFIG_01_-_B1F_AVG1_ADC8192;configurations;toma con tabla personalizada de configuraciones;CONFIG 01 - B1F_AVG1_ADC8192;674;16.861046;5616;1972;25.77;2078;31;31;1;100;411;8192;50;0;confirmada;2026-06-02T13:01:19.702
BLOQUE_16CFG_SIN_CROTAL_20260602_130033_CFG001_CONFIG_01_-_B1F_AVG1_ADC8192;SIN_CROTAL;BLOQUE_16CFG_SIN_CROTAL_20260602_130033_CFG001_CONFIG_01_-_B1F_AVG1_ADC8192;configurations;toma con tabla personalizada de configuraciones;CONFIG 01 - B1F_AVG1_ADC8192;675;16.891371;5606;1969;25.14;2053;31;31;1;100;411;8192;50;0;confirmada;2026-06-02T13:01:19.702
BLOQUE_16CFG_SIN_CROTAL_20260602_130033_CFG001_CONFIG_01_-_B1F_AVG1_ADC8192;SIN_CROTAL;BLOQUE_16CFG_SIN_CROTAL_20260602_130033_CFG001_CONFIG_01_-_B1F_AVG1_ADC8192;configurations;toma con tabla personalizada de configuraciones;CONFIG 01 - B1F_AVG1_ADC8192;676;16.911421;5614;1966;25.24;2057;31;31;1;100;411;8192;50;0;confirmada;2026-06-02T13:01:19.702
BLOQUE_16CFG_SIN_CROTAL_20260602_130033_CFG001_CONFIG_01_-_B1F_AVG1_ADC8192;SIN_CROTAL;BLOQUE_16CFG_SIN_CROTAL_20260602_130033_CFG001_CONFIG_01_-_B1F_AVG1_ADC8192;configurations;toma con tabla personalizada de configuraciones;CONFIG 01 - B1F_AVG1_ADC8192;677;16.941397;5608;1974;25.27;2058;31;31;1;100;411;8192;50;0;confirmada;2026-06-02T13:01:19.702
BLOQUE_16CFG_SIN_CROTAL_20260602_130033_CFG001_CONFIG_01_-_B1F_AVG1_ADC8192;SIN_CROTAL;BLOQUE_16CFG_SIN_CROTAL_20260602_130033_CFG001_CONFIG_01_-_B1F_AVG1_ADC8192;configurations;toma con tabla personalizada de configuraciones;CONFIG 01 - B1F_AVG1_ADC8192;678;16.961728;5616;1966;25.27;2058;31;31;1;100;411;8192;50;0;confirmada;2026-06-02T13:01:19.702
BLOQUE_16CFG_SIN_CROTAL_20260602_130033_CFG001_CONFIG_01_-_B1F_AVG1_ADC8192;SIN_CROTAL;BLOQUE_16CFG_SIN_CROTAL_20260602_130033_CFG001_CONFIG_01_-_B1F_AVG1_ADC8192;configurations;toma con tabla personalizada de configuraciones;CONFIG 01 - B1F_AVG1_ADC8192;679;16.991477;5614;1964;25.01;2048;31;31;1;100;411;8192;50;0;confirmada;2026-06-02T13:01:19.702
BLOQUE_16CFG_SIN_CROTAL_20260602_130033_CFG001_CONFIG_01_-_B1F_AVG1_ADC8192;SIN_CROTAL;BLOQUE_16CFG_SIN_CROTAL_20260602_130033_CFG001_CONFIG_01_-_B1F_AVG1_ADC8192;configurations;toma con tabla personalizada de configuraciones;CONFIG 01 - B1F_AVG1_ADC8192;680;17.011397;5614;1966;24.51;2028;31;31;1;100;411;8192;50;0;confirmada;2026-06-02T13:01:19.702
BLOQUE_16CFG_SIN_CROTAL_20260602_130033_CFG001_CONFIG_01_-_B1F_AVG1_ADC8192;SIN_CROTAL;BLOQUE_16CFG_SIN_CROTAL_20260602_130033_CFG001_CONFIG_01_-_B1F_AVG1_ADC8192;configurations;toma con tabla personalizada de configuraciones;CONFIG 01 - B1F_AVG1_ADC8192;681;17.041643;5611;1969;24.81;2040;31;31;1;100;411;8192;50;0;confirmada;2026-06-02T13:01:19.702
BLOQUE_16CFG_SIN_CROTAL_20260602_130033_CFG001_CONFIG_01_-_B1F_AVG1_ADC8192;SIN_CROTAL;BLOQUE_16CFG_SIN_CROTAL_20260602_130033_CFG001_CONFIG_01_-_B1F_AVG1_ADC8192;configurations;toma con tabla personalizada de configuraciones;CONFIG 01 - B1F_AVG1_ADC8192;682;17.062186;5612;1963;24.56;2030;31;31;1;100;411;8192;50;0;confirmada;2026-06-02T13:01:19.702
BLOQUE_16CFG_SIN_CROTAL_20260602_130033_CFG001_CONFIG_01_-_B1F_AVG1_ADC8192;SIN_CROTAL;BLOQUE_16CFG_SIN_CROTAL_20260602_130033_CFG001_CONFIG_01_-_B1F_AVG1_ADC8192;configurations;toma con tabla personalizada de configuraciones;CONFIG 01 - B1F_AVG1_ADC8192;683;17.091758;5617;1977;25.22;2056;31;31;1;100;411;8192;50;0;confirmada;2026-06-02T13:01:19.702
BLOQUE_16CFG_SIN_CROTAL_20260602_130033_CFG001_CONFIG_01_-_B1F_AVG1_ADC8192;SIN_CROTAL;BLOQUE_16CFG_SIN_CROTAL_20260602_130033_CFG001_CONFIG_01_-_B1F_AVG1_ADC8192;configurations;toma con tabla personalizada de configuraciones;CONFIG 01 - B1F_AVG1_ADC8192;684;17.111872;5616;1971;24.58;2031;31;31;1;100;411;8192;50;0;confirmada;2026-06-02T13:01:19.702
BLOQUE_16CFG_SIN_CROTAL_20260602_130033_CFG001_CONFIG_01_-_B1F_AVG1_ADC8192;SIN_CROTAL;BLOQUE_16CFG_SIN_CROTAL_20260602_130033_CFG001_CONFIG_01_-_B1F_AVG1_ADC8192;configurations;toma con tabla personalizada de configuraciones;CONFIG 01 - B1F_AVG1_ADC8192;685;17.141845;5610;1970;24.31;2020;31;31;1;100;411;8192;50;0;confirmada;2026-06-02T13:01:19.703
BLOQUE_16CFG_SIN_CROTAL_20260602_130033_CFG001_CONFIG_01_-_B1F_AVG1_ADC8192;SIN_CROTAL;BLOQUE_16CFG_SIN_CROTAL_20260602_130033_CFG001_CONFIG_01_-_B1F_AVG1_ADC8192;configurations;toma con tabla personalizada de configuraciones;CONFIG 01 - B1F_AVG1_ADC8192;686;17.161810;5610;1972;25.14;2053;31;31;1;100;411;8192;50;0;confirmada;2026-06-02T13:01:19.703
BLOQUE_16CFG_SIN_CROTAL_20260602_130033_CFG001_CONFIG_01_-_B1F_AVG1_ADC8192;SIN_CROTAL;BLOQUE_16CFG_SIN_CROTAL_20260602_130033_CFG001_CONFIG_01_-_B1F_AVG1_ADC8192;configurations;toma con tabla personalizada de configuraciones;CONFIG 01 - B1F_AVG1_ADC8192;687;17.192158;5612;1972;25.14;2053;31;31;1;100;411;8192;50;0;confirmada;2026-06-02T13:01:19.703
BLOQUE_16CFG_SIN_CROTAL_20260602_130033_CFG001_CONFIG_01_-_B1F_AVG1_ADC8192;SIN_CROTAL;BLOQUE_16CFG_SIN_CROTAL_20260602_130033_CFG001_CONFIG_01_-_B1F_AVG1_ADC8192;configurations;toma con tabla personalizada de configuraciones;CONFIG 01 - B1F_AVG1_ADC8192;688;17.212170;5619;1971;24.71;2036;31;31;1;100;411;8192;50;0;confirmada;2026-06-02T13:01:19.703
BLOQUE_16CFG_SIN_CROTAL_20260602_130033_CFG001_CONFIG_01_-_B1F_AVG1_ADC8192;SIN_CROTAL;BLOQUE_16CFG_SIN_CROTAL_20260602_130033_CFG001_CONFIG_01_-_B1F_AVG1_ADC8192;configurations;toma con tabla personalizada de configuraciones;CONFIG 01 - B1F_AVG1_ADC8192;689;17.242298;5623;1965;24.51;2028;31;31;1;100;411;8192;50;0;confirmada;2026-06-02T13:01:19.703
BLOQUE_16CFG_SIN_CROTAL_20260602_130033_CFG001_CONFIG_01_-_B1F_AVG1_ADC8192;SIN_CROTAL;BLOQUE_16CFG_SIN_CROTAL_20260602_130033_CFG001_CONFIG_01_-_B1F_AVG1_ADC8192;configurations;toma con tabla personalizada de configuraciones;CONFIG 01 - B1F_AVG1_ADC8192;690;17.261961;5613;1970;24.86;2042;31;31;1;100;411;8192;50;0;confirmada;2026-06-02T13:01:19.703
BLOQUE_16CFG_SIN_CROTAL_20260602_130033_CFG001_CONFIG_01_-_B1F_AVG1_ADC8192;SIN_CROTAL;BLOQUE_16CFG_SIN_CROTAL_20260602_130033_CFG001_CONFIG_01_-_B1F_AVG1_ADC8192;configurations;toma con tabla personalizada de configuraciones;CONFIG 01 - B1F_AVG1_ADC8192;691;17.292267;5620;1975;24.33;2021;31;31;1;100;411;8192;50;0;confirmada;2026-06-02T13:01:19.703
BLOQUE_16CFG_SIN_CROTAL_20260602_130033_CFG001_CONFIG_01_-_B1F_AVG1_ADC8192;SIN_CROTAL;BLOQUE_16CFG_SIN_CROTAL_20260602_130033_CFG001_CONFIG_01_-_B1F_AVG1_ADC8192;configurations;toma con tabla personalizada de configuraciones;CONFIG 01 - B1F_AVG1_ADC8192;692;17.312347;5618;1976;24.94;2045;31;31;1;100;411;8192;50;0;confirmada;2026-06-02T13:01:19.703
BLOQUE_16CFG_SIN_CROTAL_20260602_130033_CFG001_CONFIG_01_-_B1F_AVG1_ADC8192;SIN_CROTAL;BLOQUE_16CFG_SIN_CROTAL_20260602_130033_CFG001_CONFIG_01_-_B1F_AVG1_ADC8192;configurations;toma con tabla personalizada de configuraciones;CONFIG 01 - B1F_AVG1_ADC8192;693;17.342360;5608;1977;24.58;2031;31;31;1;100;411;8192;50;0;confirmada;2026-06-02T13:01:19.703
BLOQUE_16CFG_SIN_CROTAL_20260602_130033_CFG001_CONFIG_01_-_B1F_AVG1_ADC8192;SIN_CROTAL;BLOQUE_16CFG_SIN_CROTAL_20260602_130033_CFG001_CONFIG_01_-_B1F_AVG1_ADC8192;configurations;toma con tabla personalizada de configuraciones;CONFIG 01 - B1F_AVG1_ADC8192;694;17.362522;5615;1968;24.84;2041;31;31;1;100;411;8192;50;0;confirmada;2026-06-02T13:01:19.703
BLOQUE_16CFG_SIN_CROTAL_20260602_130033_CFG001_CONFIG_01_-_B1F_AVG1_ADC8192;SIN_CROTAL;BLOQUE_16CFG_SIN_CROTAL_20260602_130033_CFG001_CONFIG_01_-_B1F_AVG1_ADC8192;configurations;toma con tabla personalizada de configuraciones;CONFIG 01 - B1F_AVG1_ADC8192;695;17.392589;5615;1968;24.63;2033;31;31;1;100;411;8192;50;0;confirmada;2026-06-02T13:01:19.703
BLOQUE_16CFG_SIN_CROTAL_20260602_130033_CFG001_CONFIG_01_-_B1F_AVG1_ADC8192;SIN_CROTAL;BLOQUE_16CFG_SIN_CROTAL_20260602_130033_CFG001_CONFIG_01_-_B1F_AVG1_ADC8192;configurations;toma con tabla personalizada de configuraciones;CONFIG 01 - B1F_AVG1_ADC8192;696;17.412683;5621;1970;24.66;2034;31;31;1;100;411;8192;50;0;confirmada;2026-06-02T13:01:19.703
BLOQUE_16CFG_SIN_CROTAL_20260602_130033_CFG001_CONFIG_01_-_B1F_AVG1_ADC8192;SIN_CROTAL;BLOQUE_16CFG_SIN_CROTAL_20260602_130033_CFG001_CONFIG_01_-_B1F_AVG1_ADC8192;configurations;toma con tabla personalizada de configuraciones;CONFIG 01 - B1F_AVG1_ADC8192;697;17.442770;5604;1969;25.09;2051;31;31;1;100;411;8192;50;0;confirmada;2026-06-02T13:01:19.703
BLOQUE_16CFG_SIN_CROTAL_20260602_130033_CFG001_CONFIG_01_-_B1F_AVG1_ADC8192;SIN_CROTAL;BLOQUE_16CFG_SIN_CROTAL_20260602_130033_CFG001_CONFIG_01_-_B1F_AVG1_ADC8192;configurations;toma con tabla personalizada de configuraciones;CONFIG 01 - B1F_AVG1_ADC8192;698;17.462341;5601;1972;24.89;2043;31;31;1;100;411;8192;50;0;confirmada;2026-06-02T13:01:19.703
BLOQUE_16CFG_SIN_CROTAL_20260602_130033_CFG001_CONFIG_01_-_B1F_AVG1_ADC8192;SIN_CROTAL;BLOQUE_16CFG_SIN_CROTAL_20260602_130033_CFG001_CONFIG_01_-_B1F_AVG1_ADC8192;configurations;toma con tabla personalizada de configuraciones;CONFIG 01 - B1F_AVG1_ADC8192;699;17.492927;5618;1966;25.34;2061;31;31;1;100;411;8192;50;0;confirmada;2026-06-02T13:01:19.703
BLOQUE_16CFG_SIN_CROTAL_20260602_130033_CFG001_CONFIG_01_-_B1F_AVG1_ADC8192;SIN_CROTAL;BLOQUE_16CFG_SIN_CROTAL_20260602_130033_CFG001_CONFIG_01_-_B1F_AVG1_ADC8192;configurations;toma con tabla personalizada de configuraciones;CONFIG 01 - B1F_AVG1_ADC8192;700;17.512411;5606;1962;25.11;2052;31;31;1;100;411;8192;50;0;confirmada;2026-06-02T13:01:19.703
BLOQUE_16CFG_SIN_CROTAL_20260602_130033_CFG001_CONFIG_01_-_B1F_AVG1_ADC8192;SIN_CROTAL;BLOQUE_16CFG_SIN_CROTAL_20260602_130033_CFG001_CONFIG_01_-_B1F_AVG1_ADC8192;configurations;toma con tabla personalizada de configuraciones;CONFIG 01 - B1F_AVG1_ADC8192;701;17.543060;5620;1974;24.21;2016;31;31;1;100;411;8192;50;0;confirmada;2026-06-02T13:01:19.703
BLOQUE_16CFG_SIN_CROTAL_20260602_130033_CFG001_CONFIG_01_-_B1F_AVG1_ADC8192;SIN_CROTAL;BLOQUE_16CFG_SIN_CROTAL_20260602_130033_CFG001_CONFIG_01_-_B1F_AVG1_ADC8192;configurations;toma con tabla personalizada de configuraciones;CONFIG 01 - B1F_AVG1_ADC8192;702;17.562824;5623;1967;25.04;2049;31;31;1;100;411;8192;50;0;confirmada;2026-06-02T13:01:19.703
BLOQUE_16CFG_SIN_CROTAL_20260602_130033_CFG001_CONFIG_01_-_B1F_AVG1_ADC8192;SIN_CROTAL;BLOQUE_16CFG_SIN_CROTAL_20260602_130033_CFG001_CONFIG_01_-_B1F_AVG1_ADC8192;configurations;toma con tabla personalizada de configuraciones;CONFIG 01 - B1F_AVG1_ADC8192;703;17.593197;5612;1976;23.25;1978;31;31;1;100;411;8192;50;0;confirmada;2026-06-02T13:01:19.703
BLOQUE_16CFG_SIN_CROTAL_20260602_130033_CFG001_CONFIG_01_-_B1F_AVG1_ADC8192;SIN_CROTAL;BLOQUE_16CFG_SIN_CROTAL_20260602_130033_CFG001_CONFIG_01_-_B1F_AVG1_ADC8192;configurations;toma con tabla personalizada de configuraciones;CONFIG 01 - B1F_AVG1_ADC8192;704;17.612743;5604;1961;24.68;2035;31;31;1;100;411;8192;50;0;confirmada;2026-06-02T13:01:19.703
BLOQUE_16CFG_SIN_CROTAL_20260602_130033_CFG001_CONFIG_01_-_B1F_AVG1_ADC8192;SIN_CROTAL;BLOQUE_16CFG_SIN_CROTAL_20260602_130033_CFG001_CONFIG_01_-_B1F_AVG1_ADC8192;configurations;toma con tabla personalizada de configuraciones;CONFIG 01 - B1F_AVG1_ADC8192;705;17.643146;5613;1973;24.76;2038;31;31;1;100;411;8192;50;0;confirmada;2026-06-02T13:01:19.703
BLOQUE_16CFG_SIN_CROTAL_20260602_130033_CFG001_CONFIG_01_-_B1F_AVG1_ADC8192;SIN_CROTAL;BLOQUE_16CFG_SIN_CROTAL_20260602_130033_CFG001_CONFIG_01_-_B1F_AVG1_ADC8192;configurations;toma con tabla personalizada de configuraciones;CONFIG 01 - B1F_AVG1_ADC8192;706;17.663408;5616;1969;24.51;2028;31;31;1;100;411;8192;50;0;confirmada;2026-06-02T13:01:19.703
BLOQUE_16CFG_SIN_CROTAL_20260602_130033_CFG001_CONFIG_01_-_B1F_AVG1_ADC8192;SIN_CROTAL;BLOQUE_16CFG_SIN_CROTAL_20260602_130033_CFG001_CONFIG_01_-_B1F_AVG1_ADC8192;configurations;toma con tabla personalizada de configuraciones;CONFIG 01 - B1F_AVG1_ADC8192;707;17.693393;5620;1965;24.58;2031;31;31;1;100;411;8192;50;0;confirmada;2026-06-02T13:01:19.703
BLOQUE_16CFG_SIN_CROTAL_20260602_130033_CFG001_CONFIG_01_-_B1F_AVG1_ADC8192;SIN_CROTAL;BLOQUE_16CFG_SIN_CROTAL_20260602_130033_CFG001_CONFIG_01_-_B1F_AVG1_ADC8192;configurations;toma con tabla personalizada de configuraciones;CONFIG 01 - B1F_AVG1_ADC8192;708;17.713564;5616;1966;24.99;2047;31;31;1;100;411;8192;50;0;confirmada;2026-06-02T13:01:19.703
BLOQUE_16CFG_SIN_CROTAL_20260602_130033_CFG001_CONFIG_01_-_B1F_AVG1_ADC8192;SIN_CROTAL;BLOQUE_16CFG_SIN_CROTAL_20260602_130033_CFG001_CONFIG_01_-_B1F_AVG1_ADC8192;configurations;toma con tabla personalizada de configuraciones;CONFIG 01 - B1F_AVG1_ADC8192;709;17.743579;5616;1969;24.66;2034;31;31;1;100;411;8192;50;0;confirmada;2026-06-02T13:01:19.703
BLOQUE_16CFG_SIN_CROTAL_20260602_130033_CFG001_CONFIG_01_-_B1F_AVG1_ADC8192;SIN_CROTAL;BLOQUE_16CFG_SIN_CROTAL_20260602_130033_CFG001_CONFIG_01_-_B1F_AVG1_ADC8192;configurations;toma con tabla personalizada de configuraciones;CONFIG 01 - B1F_AVG1_ADC8192;710;17.763813;5625;1962;24.96;2046;31;31;1;100;411;8192;50;0;confirmada;2026-06-02T13:01:19.703
BLOQUE_16CFG_SIN_CROTAL_20260602_130033_CFG001_CONFIG_01_-_B1F_AVG1_ADC8192;SIN_CROTAL;BLOQUE_16CFG_SIN_CROTAL_20260602_130033_CFG001_CONFIG_01_-_B1F_AVG1_ADC8192;configurations;toma con tabla personalizada de configuraciones;CONFIG 01 - B1F_AVG1_ADC8192;711;17.793551;5614;1970;25.01;2048;31;31;1;100;411;8192;50;0;confirmada;2026-06-02T13:01:19.703
BLOQUE_16CFG_SIN_CROTAL_20260602_130033_CFG001_CONFIG_01_-_B1F_AVG1_ADC8192;SIN_CROTAL;BLOQUE_16CFG_SIN_CROTAL_20260602_130033_CFG001_CONFIG_01_-_B1F_AVG1_ADC8192;configurations;toma con tabla personalizada de configuraciones;CONFIG 01 - B1F_AVG1_ADC8192;712;17.813703;5606;1977;24.43;2025;31;31;1;100;411;8192;50;0;confirmada;2026-06-02T13:01:19.703
BLOQUE_16CFG_SIN_CROTAL_20260602_130033_CFG001_CONFIG_01_-_B1F_AVG1_ADC8192;SIN_CROTAL;BLOQUE_16CFG_SIN_CROTAL_20260602_130033_CFG001_CONFIG_01_-_B1F_AVG1_ADC8192;configurations;toma con tabla personalizada de configuraciones;CONFIG 01 - B1F_AVG1_ADC8192;713;17.843727;5610;1971;25.14;2053;31;31;1;100;411;8192;50;0;confirmada;2026-06-02T13:01:19.703
BLOQUE_16CFG_SIN_CROTAL_20260602_130033_CFG001_CONFIG_01_-_B1F_AVG1_ADC8192;SIN_CROTAL;BLOQUE_16CFG_SIN_CROTAL_20260602_130033_CFG001_CONFIG_01_-_B1F_AVG1_ADC8192;configurations;toma con tabla personalizada de configuraciones;CONFIG 01 - B1F_AVG1_ADC8192;714;17.863780;5618;1966;25.11;2052;31;31;1;100;411;8192;50;0;confirmada;2026-06-02T13:01:19.703
BLOQUE_16CFG_SIN_CROTAL_20260602_130033_CFG001_CONFIG_01_-_B1F_AVG1_ADC8192;SIN_CROTAL;BLOQUE_16CFG_SIN_CROTAL_20260602_130033_CFG001_CONFIG_01_-_B1F_AVG1_ADC8192;configurations;toma con tabla personalizada de configuraciones;CONFIG 01 - B1F_AVG1_ADC8192;715;17.893837;5610;1973;23.88;2003;31;31;1;100;411;8192;50;0;confirmada;2026-06-02T13:01:19.703
BLOQUE_16CFG_SIN_CROTAL_20260602_130033_CFG001_CONFIG_01_-_B1F_AVG1_ADC8192;SIN_CROTAL;BLOQUE_16CFG_SIN_CROTAL_20260602_130033_CFG001_CONFIG_01_-_B1F_AVG1_ADC8192;configurations;toma con tabla personalizada de configuraciones;CONFIG 01 - B1F_AVG1_ADC8192;716;17.914178;5612;1960;24.89;2043;31;31;1;100;411;8192;50;0;confirmada;2026-06-02T13:01:19.703
BLOQUE_16CFG_SIN_CROTAL_20260602_130033_CFG001_CONFIG_01_-_B1F_AVG1_ADC8192;SIN_CROTAL;BLOQUE_16CFG_SIN_CROTAL_20260602_130033_CFG001_CONFIG_01_-_B1F_AVG1_ADC8192;configurations;toma con tabla personalizada de configuraciones;CONFIG 01 - B1F_AVG1_ADC8192;717;17.944035;5610;1972;24.86;2042;31;31;1;100;411;8192;50;0;confirmada;2026-06-02T13:01:19.703
BLOQUE_16CFG_SIN_CROTAL_20260602_130033_CFG001_CONFIG_01_-_B1F_AVG1_ADC8192;SIN_CROTAL;BLOQUE_16CFG_SIN_CROTAL_20260602_130033_CFG001_CONFIG_01_-_B1F_AVG1_ADC8192;configurations;toma con tabla personalizada de configuraciones;CONFIG 01 - B1F_AVG1_ADC8192;718;17.964094;5615;1974;25.04;2049;31;31;1;100;411;8192;50;0;confirmada;2026-06-02T13:01:19.703
BLOQUE_16CFG_SIN_CROTAL_20260602_130033_CFG001_CONFIG_01_-_B1F_AVG1_ADC8192;SIN_CROTAL;BLOQUE_16CFG_SIN_CROTAL_20260602_130033_CFG001_CONFIG_01_-_B1F_AVG1_ADC8192;configurations;toma con tabla personalizada de configuraciones;CONFIG 01 - B1F_AVG1_ADC8192;719;17.994227;5617;1972;24.73;2037;31;31;1;100;411;8192;50;0;confirmada;2026-06-02T13:01:19.703
BLOQUE_16CFG_SIN_CROTAL_20260602_130033_CFG001_CONFIG_01_-_B1F_AVG1_ADC8192;SIN_CROTAL;BLOQUE_16CFG_SIN_CROTAL_20260602_130033_CFG001_CONFIG_01_-_B1F_AVG1_ADC8192;configurations;toma con tabla personalizada de configuraciones;CONFIG 01 - B1F_AVG1_ADC8192;720;18.013722;5614;1964;24.16;2014;31;31;1;100;411;8192;50;0;confirmada;2026-06-02T13:01:19.703
BLOQUE_16CFG_SIN_CROTAL_20260602_130033_CFG001_CONFIG_01_-_B1F_AVG1_ADC8192;SIN_CROTAL;BLOQUE_16CFG_SIN_CROTAL_20260602_130033_CFG001_CONFIG_01_-_B1F_AVG1_ADC8192;configurations;toma con tabla personalizada de configuraciones;CONFIG 01 - B1F_AVG1_ADC8192;721;18.044261;5617;1972;24.86;2042;31;31;1;100;411;8192;50;0;confirmada;2026-06-02T13:01:19.703
BLOQUE_16CFG_SIN_CROTAL_20260602_130033_CFG001_CONFIG_01_-_B1F_AVG1_ADC8192;SIN_CROTAL;BLOQUE_16CFG_SIN_CROTAL_20260602_130033_CFG001_CONFIG_01_-_B1F_AVG1_ADC8192;configurations;toma con tabla personalizada de configuraciones;CONFIG 01 - B1F_AVG1_ADC8192;722;18.064347;5615;1959;24.31;2020;31;31;1;100;411;8192;50;0;confirmada;2026-06-02T13:01:19.703
BLOQUE_16CFG_SIN_CROTAL_20260602_130033_CFG001_CONFIG_01_-_B1F_AVG1_ADC8192;SIN_CROTAL;BLOQUE_16CFG_SIN_CROTAL_20260602_130033_CFG001_CONFIG_01_-_B1F_AVG1_ADC8192;configurations;toma con tabla personalizada de configuraciones;CONFIG 01 - B1F_AVG1_ADC8192;723;18.094489;5611;1979;25.01;2048;31;31;1;100;411;8192;50;0;confirmada;2026-06-02T13:01:19.703
BLOQUE_16CFG_SIN_CROTAL_20260602_130033_CFG001_CONFIG_01_-_B1F_AVG1_ADC8192;SIN_CROTAL;BLOQUE_16CFG_SIN_CROTAL_20260602_130033_CFG001_CONFIG_01_-_B1F_AVG1_ADC8192;configurations;toma con tabla personalizada de configuraciones;CONFIG 01 - B1F_AVG1_ADC8192;724;18.114645;5619;1978;25.27;2058;31;31;1;100;411;8192;50;0;confirmada;2026-06-02T13:01:19.703
BLOQUE_16CFG_SIN_CROTAL_20260602_130033_CFG001_CONFIG_01_-_B1F_AVG1_ADC8192;SIN_CROTAL;BLOQUE_16CFG_SIN_CROTAL_20260602_130033_CFG001_CONFIG_01_-_B1F_AVG1_ADC8192;configurations;toma con tabla personalizada de configuraciones;CONFIG 01 - B1F_AVG1_ADC8192;725;18.144671;5614;1974;24.96;2046;31;31;1;100;411;8192;50;0;confirmada;2026-06-02T13:01:19.703
BLOQUE_16CFG_SIN_CROTAL_20260602_130033_CFG001_CONFIG_01_-_B1F_AVG1_ADC8192;SIN_CROTAL;BLOQUE_16CFG_SIN_CROTAL_20260602_130033_CFG001_CONFIG_01_-_B1F_AVG1_ADC8192;configurations;toma con tabla personalizada de configuraciones;CONFIG 01 - B1F_AVG1_ADC8192;726;18.164689;5612;1977;24.53;2029;31;31;1;100;411;8192;50;0;confirmada;2026-06-02T13:01:19.703
BLOQUE_16CFG_SIN_CROTAL_20260602_130033_CFG001_CONFIG_01_-_B1F_AVG1_ADC8192;SIN_CROTAL;BLOQUE_16CFG_SIN_CROTAL_20260602_130033_CFG001_CONFIG_01_-_B1F_AVG1_ADC8192;configurations;toma con tabla personalizada de configuraciones;CONFIG 01 - B1F_AVG1_ADC8192;727;18.194792;5615;1966;24.76;2038;31;31;1;100;411;8192;50;0;confirmada;2026-06-02T13:01:19.703
BLOQUE_16CFG_SIN_CROTAL_20260602_130033_CFG001_CONFIG_01_-_B1F_AVG1_ADC8192;SIN_CROTAL;BLOQUE_16CFG_SIN_CROTAL_20260602_130033_CFG001_CONFIG_01_-_B1F_AVG1_ADC8192;configurations;toma con tabla personalizada de configuraciones;CONFIG 01 - B1F_AVG1_ADC8192;728;18.214710;5611;1970;25.16;2054;31;31;1;100;411;8192;50;0;confirmada;2026-06-02T13:01:19.703
BLOQUE_16CFG_SIN_CROTAL_20260602_130033_CFG001_CONFIG_01_-_B1F_AVG1_ADC8192;SIN_CROTAL;BLOQUE_16CFG_SIN_CROTAL_20260602_130033_CFG001_CONFIG_01_-_B1F_AVG1_ADC8192;configurations;toma con tabla personalizada de configuraciones;CONFIG 01 - B1F_AVG1_ADC8192;729;18.244894;5618;1971;24.41;2024;31;31;1;100;411;8192;50;0;confirmada;2026-06-02T13:01:19.703
BLOQUE_16CFG_SIN_CROTAL_20260602_130033_CFG001_CONFIG_01_-_B1F_AVG1_ADC8192;SIN_CROTAL;BLOQUE_16CFG_SIN_CROTAL_20260602_130033_CFG001_CONFIG_01_-_B1F_AVG1_ADC8192;configurations;toma con tabla personalizada de configuraciones;CONFIG 01 - B1F_AVG1_ADC8192;730;18.264575;5605;1969;24.73;2037;31;31;1;100;411;8192;50;0;confirmada;2026-06-02T13:01:19.703
BLOQUE_16CFG_SIN_CROTAL_20260602_130033_CFG001_CONFIG_01_-_B1F_AVG1_ADC8192;SIN_CROTAL;BLOQUE_16CFG_SIN_CROTAL_20260602_130033_CFG001_CONFIG_01_-_B1F_AVG1_ADC8192;configurations;toma con tabla personalizada de configuraciones;CONFIG 01 - B1F_AVG1_ADC8192;731;18.294847;5616;1977;25.22;2056;31;31;1;100;411;8192;50;0;confirmada;2026-06-02T13:01:19.703
BLOQUE_16CFG_SIN_CROTAL_20260602_130033_CFG001_CONFIG_01_-_B1F_AVG1_ADC8192;SIN_CROTAL;BLOQUE_16CFG_SIN_CROTAL_20260602_130033_CFG001_CONFIG_01_-_B1F_AVG1_ADC8192;configurations;toma con tabla personalizada de configuraciones;CONFIG 01 - B1F_AVG1_ADC8192;732;18.314871;5603;1966;25.54;2069;31;31;1;100;411;8192;50;0;confirmada;2026-06-02T13:01:19.703
BLOQUE_16CFG_SIN_CROTAL_20260602_130033_CFG001_CONFIG_01_-_B1F_AVG1_ADC8192;SIN_CROTAL;BLOQUE_16CFG_SIN_CROTAL_20260602_130033_CFG001_CONFIG_01_-_B1F_AVG1_ADC8192;configurations;toma con tabla personalizada de configuraciones;CONFIG 01 - B1F_AVG1_ADC8192;733;18.345048;5612;1971;24.68;2035;31;31;1;100;411;8192;50;0;confirmada;2026-06-02T13:01:19.703
BLOQUE_16CFG_SIN_CROTAL_20260602_130033_CFG001_CONFIG_01_-_B1F_AVG1_ADC8192;SIN_CROTAL;BLOQUE_16CFG_SIN_CROTAL_20260602_130033_CFG001_CONFIG_01_-_B1F_AVG1_ADC8192;configurations;toma con tabla personalizada de configuraciones;CONFIG 01 - B1F_AVG1_ADC8192;734;18.364974;5610;1977;25.11;2052;31;31;1;100;411;8192;50;0;confirmada;2026-06-02T13:01:19.703
BLOQUE_16CFG_SIN_CROTAL_20260602_130033_CFG001_CONFIG_01_-_B1F_AVG1_ADC8192;SIN_CROTAL;BLOQUE_16CFG_SIN_CROTAL_20260602_130033_CFG001_CONFIG_01_-_B1F_AVG1_ADC8192;configurations;toma con tabla personalizada de configuraciones;CONFIG 01 - B1F_AVG1_ADC8192;735;18.395250;5621;1978;24.28;2019;31;31;1;100;411;8192;50;0;confirmada;2026-06-02T13:01:19.703
BLOQUE_16CFG_SIN_CROTAL_20260602_130033_CFG001_CONFIG_01_-_B1F_AVG1_ADC8192;SIN_CROTAL;BLOQUE_16CFG_SIN_CROTAL_20260602_130033_CFG001_CONFIG_01_-_B1F_AVG1_ADC8192;configurations;toma con tabla personalizada de configuraciones;CONFIG 01 - B1F_AVG1_ADC8192;736;18.414787;5609;1962;25.24;2057;31;31;1;100;411;8192;50;0;confirmada;2026-06-02T13:01:19.703
BLOQUE_16CFG_SIN_CROTAL_20260602_130033_CFG001_CONFIG_01_-_B1F_AVG1_ADC8192;SIN_CROTAL;BLOQUE_16CFG_SIN_CROTAL_20260602_130033_CFG001_CONFIG_01_-_B1F_AVG1_ADC8192;configurations;toma con tabla personalizada de configuraciones;CONFIG 01 - B1F_AVG1_ADC8192;737;18.445267;5610;1967;24.91;2044;31;31;1;100;411;8192;50;0;confirmada;2026-06-02T13:01:19.703
BLOQUE_16CFG_SIN_CROTAL_20260602_130033_CFG001_CONFIG_01_-_B1F_AVG1_ADC8192;SIN_CROTAL;BLOQUE_16CFG_SIN_CROTAL_20260602_130033_CFG001_CONFIG_01_-_B1F_AVG1_ADC8192;configurations;toma con tabla personalizada de configuraciones;CONFIG 01 - B1F_AVG1_ADC8192;738;18.465025;5608;1968;24.38;2023;31;31;1;100;411;8192;50;0;confirmada;2026-06-02T13:01:19.703
BLOQUE_16CFG_SIN_CROTAL_20260602_130033_CFG001_CONFIG_01_-_B1F_AVG1_ADC8192;SIN_CROTAL;BLOQUE_16CFG_SIN_CROTAL_20260602_130033_CFG001_CONFIG_01_-_B1F_AVG1_ADC8192;configurations;toma con tabla personalizada de configuraciones;CONFIG 01 - B1F_AVG1_ADC8192;739;18.495456;5622;1971;25.19;2055;31;31;1;100;411;8192;50;0;confirmada;2026-06-02T13:01:19.703
BLOQUE_16CFG_SIN_CROTAL_20260602_130033_CFG001_CONFIG_01_-_B1F_AVG1_ADC8192;SIN_CROTAL;BLOQUE_16CFG_SIN_CROTAL_20260602_130033_CFG001_CONFIG_01_-_B1F_AVG1_ADC8192;configurations;toma con tabla personalizada de configuraciones;CONFIG 01 - B1F_AVG1_ADC8192;740;18.515542;5623;1970;24.81;2040;31;31;1;100;411;8192;50;0;confirmada;2026-06-02T13:01:19.703
BLOQUE_16CFG_SIN_CROTAL_20260602_130033_CFG001_CONFIG_01_-_B1F_AVG1_ADC8192;SIN_CROTAL;BLOQUE_16CFG_SIN_CROTAL_20260602_130033_CFG001_CONFIG_01_-_B1F_AVG1_ADC8192;configurations;toma con tabla personalizada de configuraciones;CONFIG 01 - B1F_AVG1_ADC8192;741;18.545543;5610;1978;24.51;2028;31;31;1;100;411;8192;50;0;confirmada;2026-06-02T13:01:19.703
BLOQUE_16CFG_SIN_CROTAL_20260602_130033_CFG001_CONFIG_01_-_B1F_AVG1_ADC8192;SIN_CROTAL;BLOQUE_16CFG_SIN_CROTAL_20260602_130033_CFG001_CONFIG_01_-_B1F_AVG1_ADC8192;configurations;toma con tabla personalizada de configuraciones;CONFIG 01 - B1F_AVG1_ADC8192;742;18.565091;5610;1975;24.58;2031;31;31;1;100;411;8192;50;0;confirmada;2026-06-02T13:01:19.703
BLOQUE_16CFG_SIN_CROTAL_20260602_130033_CFG001_CONFIG_01_-_B1F_AVG1_ADC8192;SIN_CROTAL;BLOQUE_16CFG_SIN_CROTAL_20260602_130033_CFG001_CONFIG_01_-_B1F_AVG1_ADC8192;configurations;toma con tabla personalizada de configuraciones;CONFIG 01 - B1F_AVG1_ADC8192;743;18.595836;5614;1961;24.36;2022;31;31;1;100;411;8192;50;0;confirmada;2026-06-02T13:01:19.703
BLOQUE_16CFG_SIN_CROTAL_20260602_130033_CFG001_CONFIG_01_-_B1F_AVG1_ADC8192;SIN_CROTAL;BLOQUE_16CFG_SIN_CROTAL_20260602_130033_CFG001_CONFIG_01_-_B1F_AVG1_ADC8192;configurations;toma con tabla personalizada de configuraciones;CONFIG 01 - B1F_AVG1_ADC8192;744;18.615945;5615;1969;25.11;2052;31;31;1;100;411;8192;50;0;confirmada;2026-06-02T13:01:19.703
BLOQUE_16CFG_SIN_CROTAL_20260602_130033_CFG001_CONFIG_01_-_B1F_AVG1_ADC8192;SIN_CROTAL;BLOQUE_16CFG_SIN_CROTAL_20260602_130033_CFG001_CONFIG_01_-_B1F_AVG1_ADC8192;configurations;toma con tabla personalizada de configuraciones;CONFIG 01 - B1F_AVG1_ADC8192;745;18.645879;5610;1982;25.06;2050;31;31;1;100;411;8192;50;0;confirmada;2026-06-02T13:01:19.703
BLOQUE_16CFG_SIN_CROTAL_20260602_130033_CFG001_CONFIG_01_-_B1F_AVG1_ADC8192;SIN_CROTAL;BLOQUE_16CFG_SIN_CROTAL_20260602_130033_CFG001_CONFIG_01_-_B1F_AVG1_ADC8192;configurations;toma con tabla personalizada de configuraciones;CONFIG 01 - B1F_AVG1_ADC8192;746;18.665859;5619;1979;25.06;2050;31;31;1;100;411;8192;50;0;confirmada;2026-06-02T13:01:19.703
BLOQUE_16CFG_SIN_CROTAL_20260602_130033_CFG001_CONFIG_01_-_B1F_AVG1_ADC8192;SIN_CROTAL;BLOQUE_16CFG_SIN_CROTAL_20260602_130033_CFG001_CONFIG_01_-_B1F_AVG1_ADC8192;configurations;toma con tabla personalizada de configuraciones;CONFIG 01 - B1F_AVG1_ADC8192;747;18.696104;5618;1974;24.94;2045;31;31;1;100;411;8192;50;0;confirmada;2026-06-02T13:01:19.703
BLOQUE_16CFG_SIN_CROTAL_20260602_130033_CFG001_CONFIG_01_-_B1F_AVG1_ADC8192;SIN_CROTAL;BLOQUE_16CFG_SIN_CROTAL_20260602_130033_CFG001_CONFIG_01_-_B1F_AVG1_ADC8192;configurations;toma con tabla personalizada de configuraciones;CONFIG 01 - B1F_AVG1_ADC8192;748;18.716153;5615;1972;24.36;2022;31;31;1;100;411;8192;50;0;confirmada;2026-06-02T13:01:19.703
BLOQUE_16CFG_SIN_CROTAL_20260602_130033_CFG001_CONFIG_01_-_B1F_AVG1_ADC8192;SIN_CROTAL;BLOQUE_16CFG_SIN_CROTAL_20260602_130033_CFG001_CONFIG_01_-_B1F_AVG1_ADC8192;configurations;toma con tabla personalizada de configuraciones;CONFIG 01 - B1F_AVG1_ADC8192;749;18.746033;5619;1975;24.81;2040;31;31;1;100;411;8192;50;0;confirmada;2026-06-02T13:01:19.703
BLOQUE_16CFG_SIN_CROTAL_20260602_130033_CFG001_CONFIG_01_-_B1F_AVG1_ADC8192;SIN_CROTAL;BLOQUE_16CFG_SIN_CROTAL_20260602_130033_CFG001_CONFIG_01_-_B1F_AVG1_ADC8192;configurations;toma con tabla personalizada de configuraciones;CONFIG 01 - B1F_AVG1_ADC8192;750;18.766316;5617;1972;24.89;2043;31;31;1;100;411;8192;50;0;confirmada;2026-06-02T13:01:19.703
BLOQUE_16CFG_SIN_CROTAL_20260602_130033_CFG001_CONFIG_01_-_B1F_AVG1_ADC8192;SIN_CROTAL;BLOQUE_16CFG_SIN_CROTAL_20260602_130033_CFG001_CONFIG_01_-_B1F_AVG1_ADC8192;configurations;toma con tabla personalizada de configuraciones;CONFIG 01 - B1F_AVG1_ADC8192;751;18.796200;5615;1972;23.98;2007;31;31;1;100;411;8192;50;0;confirmada;2026-06-02T13:01:19.703
BLOQUE_16CFG_SIN_CROTAL_20260602_130033_CFG001_CONFIG_01_-_B1F_AVG1_ADC8192;SIN_CROTAL;BLOQUE_16CFG_SIN_CROTAL_20260602_130033_CFG001_CONFIG_01_-_B1F_AVG1_ADC8192;configurations;toma con tabla personalizada de configuraciones;CONFIG 01 - B1F_AVG1_ADC8192;752;18.815816;5610;1980;25.42;2064;31;31;1;100;411;8192;50;0;confirmada;2026-06-02T13:01:19.703
BLOQUE_16CFG_SIN_CROTAL_20260602_130033_CFG001_CONFIG_01_-_B1F_AVG1_ADC8192;SIN_CROTAL;BLOQUE_16CFG_SIN_CROTAL_20260602_130033_CFG001_CONFIG_01_-_B1F_AVG1_ADC8192;configurations;toma con tabla personalizada de configuraciones;CONFIG 01 - B1F_AVG1_ADC8192;753;18.846402;5614;1975;25.01;2048;31;31;1;100;411;8192;50;0;confirmada;2026-06-02T13:01:19.703
BLOQUE_16CFG_SIN_CROTAL_20260602_130033_CFG001_CONFIG_01_-_B1F_AVG1_ADC8192;SIN_CROTAL;BLOQUE_16CFG_SIN_CROTAL_20260602_130033_CFG001_CONFIG_01_-_B1F_AVG1_ADC8192;configurations;toma con tabla personalizada de configuraciones;CONFIG 01 - B1F_AVG1_ADC8192;754;18.866577;5621;1979;24.68;2035;31;31;1;100;411;8192;50;0;confirmada;2026-06-02T13:01:19.703
BLOQUE_16CFG_SIN_CROTAL_20260602_130033_CFG001_CONFIG_01_-_B1F_AVG1_ADC8192;SIN_CROTAL;BLOQUE_16CFG_SIN_CROTAL_20260602_130033_CFG001_CONFIG_01_-_B1F_AVG1_ADC8192;configurations;toma con tabla personalizada de configuraciones;CONFIG 01 - B1F_AVG1_ADC8192;755;18.896463;5608;1981;24.79;2039;31;31;1;100;411;8192;50;0;confirmada;2026-06-02T13:01:19.703
BLOQUE_16CFG_SIN_CROTAL_20260602_130033_CFG001_CONFIG_01_-_B1F_AVG1_ADC8192;SIN_CROTAL;BLOQUE_16CFG_SIN_CROTAL_20260602_130033_CFG001_CONFIG_01_-_B1F_AVG1_ADC8192;configurations;toma con tabla personalizada de configuraciones;CONFIG 01 - B1F_AVG1_ADC8192;756;18.917000;5605;1961;24.89;2043;31;31;1;100;411;8192;50;0;confirmada;2026-06-02T13:01:19.703
BLOQUE_16CFG_SIN_CROTAL_20260602_130033_CFG001_CONFIG_01_-_B1F_AVG1_ADC8192;SIN_CROTAL;BLOQUE_16CFG_SIN_CROTAL_20260602_130033_CFG001_CONFIG_01_-_B1F_AVG1_ADC8192;configurations;toma con tabla personalizada de configuraciones;CONFIG 01 - B1F_AVG1_ADC8192;757;18.946573;5622;1975;25.09;2051;31;31;1;100;411;8192;50;0;confirmada;2026-06-02T13:01:19.703
BLOQUE_16CFG_SIN_CROTAL_20260602_130033_CFG001_CONFIG_01_-_B1F_AVG1_ADC8192;SIN_CROTAL;BLOQUE_16CFG_SIN_CROTAL_20260602_130033_CFG001_CONFIG_01_-_B1F_AVG1_ADC8192;configurations;toma con tabla personalizada de configuraciones;CONFIG 01 - B1F_AVG1_ADC8192;758;18.967089;5620;1975;25.34;2061;31;31;1;100;411;8192;50;0;confirmada;2026-06-02T13:01:19.703
BLOQUE_16CFG_SIN_CROTAL_20260602_130033_CFG001_CONFIG_01_-_B1F_AVG1_ADC8192;SIN_CROTAL;BLOQUE_16CFG_SIN_CROTAL_20260602_130033_CFG001_CONFIG_01_-_B1F_AVG1_ADC8192;configurations;toma con tabla personalizada de configuraciones;CONFIG 01 - B1F_AVG1_ADC8192;759;18.996708;5622;1969;24.96;2046;31;31;1;100;411;8192;50;0;confirmada;2026-06-02T13:01:19.703
BLOQUE_16CFG_SIN_CROTAL_20260602_130033_CFG001_CONFIG_01_-_B1F_AVG1_ADC8192;SIN_CROTAL;BLOQUE_16CFG_SIN_CROTAL_20260602_130033_CFG001_CONFIG_01_-_B1F_AVG1_ADC8192;configurations;toma con tabla personalizada de configuraciones;CONFIG 01 - B1F_AVG1_ADC8192;760;19.016280;5604;1965;24.43;2025;31;31;1;100;411;8192;50;0;confirmada;2026-06-02T13:01:19.703
BLOQUE_16CFG_SIN_CROTAL_20260602_130033_CFG001_CONFIG_01_-_B1F_AVG1_ADC8192;SIN_CROTAL;BLOQUE_16CFG_SIN_CROTAL_20260602_130033_CFG001_CONFIG_01_-_B1F_AVG1_ADC8192;configurations;toma con tabla personalizada de configuraciones;CONFIG 01 - B1F_AVG1_ADC8192;761;19.046912;5602;1975;25.16;2054;31;31;1;100;411;8192;50;0;confirmada;2026-06-02T13:01:19.703
BLOQUE_16CFG_SIN_CROTAL_20260602_130033_CFG001_CONFIG_01_-_B1F_AVG1_ADC8192;SIN_CROTAL;BLOQUE_16CFG_SIN_CROTAL_20260602_130033_CFG001_CONFIG_01_-_B1F_AVG1_ADC8192;configurations;toma con tabla personalizada de configuraciones;CONFIG 01 - B1F_AVG1_ADC8192;762;19.066574;5611;1968;25.06;2050;31;31;1;100;411;8192;50;0;confirmada;2026-06-02T13:01:19.703
BLOQUE_16CFG_SIN_CROTAL_20260602_130033_CFG001_CONFIG_01_-_B1F_AVG1_ADC8192;SIN_CROTAL;BLOQUE_16CFG_SIN_CROTAL_20260602_130033_CFG001_CONFIG_01_-_B1F_AVG1_ADC8192;configurations;toma con tabla personalizada de configuraciones;CONFIG 01 - B1F_AVG1_ADC8192;763;19.096991;5615;1971;24.94;2045;31;31;1;100;411;8192;50;0;confirmada;2026-06-02T13:01:19.703
BLOQUE_16CFG_SIN_CROTAL_20260602_130033_CFG001_CONFIG_01_-_B1F_AVG1_ADC8192;SIN_CROTAL;BLOQUE_16CFG_SIN_CROTAL_20260602_130033_CFG001_CONFIG_01_-_B1F_AVG1_ADC8192;configurations;toma con tabla personalizada de configuraciones;CONFIG 01 - B1F_AVG1_ADC8192;764;19.116649;5605;1962;24.73;2037;31;31;1;100;411;8192;50;0;confirmada;2026-06-02T13:01:19.703
BLOQUE_16CFG_SIN_CROTAL_20260602_130033_CFG001_CONFIG_01_-_B1F_AVG1_ADC8192;SIN_CROTAL;BLOQUE_16CFG_SIN_CROTAL_20260602_130033_CFG001_CONFIG_01_-_B1F_AVG1_ADC8192;configurations;toma con tabla personalizada de configuraciones;CONFIG 01 - B1F_AVG1_ADC8192;765;19.147099;5621;1979;25.09;2051;31;31;1;100;411;8192;50;0;confirmada;2026-06-02T13:01:19.703
BLOQUE_16CFG_SIN_CROTAL_20260602_130033_CFG001_CONFIG_01_-_B1F_AVG1_ADC8192;SIN_CROTAL;BLOQUE_16CFG_SIN_CROTAL_20260602_130033_CFG001_CONFIG_01_-_B1F_AVG1_ADC8192;configurations;toma con tabla personalizada de configuraciones;CONFIG 01 - B1F_AVG1_ADC8192;766;19.166718;5609;1965;25.04;2049;31;31;1;100;411;8192;50;0;confirmada;2026-06-02T13:01:19.703
BLOQUE_16CFG_SIN_CROTAL_20260602_130033_CFG001_CONFIG_01_-_B1F_AVG1_ADC8192;SIN_CROTAL;BLOQUE_16CFG_SIN_CROTAL_20260602_130033_CFG001_CONFIG_01_-_B1F_AVG1_ADC8192;configurations;toma con tabla personalizada de configuraciones;CONFIG 01 - B1F_AVG1_ADC8192;767;19.197267;5618;1978;25.06;2050;31;31;1;100;411;8192;50;0;confirmada;2026-06-02T13:01:19.703
BLOQUE_16CFG_SIN_CROTAL_20260602_130033_CFG001_CONFIG_01_-_B1F_AVG1_ADC8192;SIN_CROTAL;BLOQUE_16CFG_SIN_CROTAL_20260602_130033_CFG001_CONFIG_01_-_B1F_AVG1_ADC8192;configurations;toma con tabla personalizada de configuraciones;CONFIG 01 - B1F_AVG1_ADC8192;768;19.217274;5624;1970;25.60;2071;31;31;1;100;411;8192;50;0;confirmada;2026-06-02T13:01:19.703
BLOQUE_16CFG_SIN_CROTAL_20260602_130033_CFG001_CONFIG_01_-_B1F_AVG1_ADC8192;SIN_CROTAL;BLOQUE_16CFG_SIN_CROTAL_20260602_130033_CFG001_CONFIG_01_-_B1F_AVG1_ADC8192;configurations;toma con tabla personalizada de configuraciones;CONFIG 01 - B1F_AVG1_ADC8192;769;19.247448;5614;1966;25.14;2053;31;31;1;100;411;8192;50;0;confirmada;2026-06-02T13:01:19.703
BLOQUE_16CFG_SIN_CROTAL_20260602_130033_CFG001_CONFIG_01_-_B1F_AVG1_ADC8192;SIN_CROTAL;BLOQUE_16CFG_SIN_CROTAL_20260602_130033_CFG001_CONFIG_01_-_B1F_AVG1_ADC8192;configurations;toma con tabla personalizada de configuraciones;CONFIG 01 - B1F_AVG1_ADC8192;770;19.267506;5614;1978;24.56;2030;31;31;1;100;411;8192;50;0;confirmada;2026-06-02T13:01:19.703
BLOQUE_16CFG_SIN_CROTAL_20260602_130033_CFG001_CONFIG_01_-_B1F_AVG1_ADC8192;SIN_CROTAL;BLOQUE_16CFG_SIN_CROTAL_20260602_130033_CFG001_CONFIG_01_-_B1F_AVG1_ADC8192;configurations;toma con tabla personalizada de configuraciones;CONFIG 01 - B1F_AVG1_ADC8192;771;19.297447;5618;1971;25.19;2055;31;31;1;100;411;8192;50;0;confirmada;2026-06-02T13:01:19.703
BLOQUE_16CFG_SIN_CROTAL_20260602_130033_CFG001_CONFIG_01_-_B1F_AVG1_ADC8192;SIN_CROTAL;BLOQUE_16CFG_SIN_CROTAL_20260602_130033_CFG001_CONFIG_01_-_B1F_AVG1_ADC8192;configurations;toma con tabla personalizada de configuraciones;CONFIG 01 - B1F_AVG1_ADC8192;772;19.317038;5608;1970;25.14;2053;31;31;1;100;411;8192;50;0;confirmada;2026-06-02T13:01:19.703
BLOQUE_16CFG_SIN_CROTAL_20260602_130033_CFG001_CONFIG_01_-_B1F_AVG1_ADC8192;SIN_CROTAL;BLOQUE_16CFG_SIN_CROTAL_20260602_130033_CFG001_CONFIG_01_-_B1F_AVG1_ADC8192;configurations;toma con tabla personalizada de configuraciones;CONFIG 01 - B1F_AVG1_ADC8192;773;19.347783;5621;1979;24.99;2047;31;31;1;100;411;8192;50;0;confirmada;2026-06-02T13:01:19.703
BLOQUE_16CFG_SIN_CROTAL_20260602_130033_CFG001_CONFIG_01_-_B1F_AVG1_ADC8192;SIN_CROTAL;BLOQUE_16CFG_SIN_CROTAL_20260602_130033_CFG001_CONFIG_01_-_B1F_AVG1_ADC8192;configurations;toma con tabla personalizada de configuraciones;CONFIG 01 - B1F_AVG1_ADC8192;774;19.367967;5621;1963;24.94;2045;31;31;1;100;411;8192;50;0;confirmada;2026-06-02T13:01:19.703
BLOQUE_16CFG_SIN_CROTAL_20260602_130033_CFG001_CONFIG_01_-_B1F_AVG1_ADC8192;SIN_CROTAL;BLOQUE_16CFG_SIN_CROTAL_20260602_130033_CFG001_CONFIG_01_-_B1F_AVG1_ADC8192;configurations;toma con tabla personalizada de configuraciones;CONFIG 01 - B1F_AVG1_ADC8192;775;19.397873;5611;1973;24.84;2041;31;31;1;100;411;8192;50;0;confirmada;2026-06-02T13:01:19.703
BLOQUE_16CFG_SIN_CROTAL_20260602_130033_CFG001_CONFIG_01_-_B1F_AVG1_ADC8192;SIN_CROTAL;BLOQUE_16CFG_SIN_CROTAL_20260602_130033_CFG001_CONFIG_01_-_B1F_AVG1_ADC8192;configurations;toma con tabla personalizada de configuraciones;CONFIG 01 - B1F_AVG1_ADC8192;776;19.418389;5612;1967;25.01;2048;31;31;1;100;411;8192;50;0;confirmada;2026-06-02T13:01:19.703
BLOQUE_16CFG_SIN_CROTAL_20260602_130033_CFG001_CONFIG_01_-_B1F_AVG1_ADC8192;SIN_CROTAL;BLOQUE_16CFG_SIN_CROTAL_20260602_130033_CFG001_CONFIG_01_-_B1F_AVG1_ADC8192;configurations;toma con tabla personalizada de configuraciones;CONFIG 01 - B1F_AVG1_ADC8192;777;19.447953;5620;1982;25.04;2049;31;31;1;100;411;8192;50;0;confirmada;2026-06-02T13:01:19.704
BLOQUE_16CFG_SIN_CROTAL_20260602_130033_CFG001_CONFIG_01_-_B1F_AVG1_ADC8192;SIN_CROTAL;BLOQUE_16CFG_SIN_CROTAL_20260602_130033_CFG001_CONFIG_01_-_B1F_AVG1_ADC8192;configurations;toma con tabla personalizada de configuraciones;CONFIG 01 - B1F_AVG1_ADC8192;778;19.467923;5616;1969;25.19;2055;31;31;1;100;411;8192;50;0;confirmada;2026-06-02T13:01:19.704
BLOQUE_16CFG_SIN_CROTAL_20260602_130033_CFG001_CONFIG_01_-_B1F_AVG1_ADC8192;SIN_CROTAL;BLOQUE_16CFG_SIN_CROTAL_20260602_130033_CFG001_CONFIG_01_-_B1F_AVG1_ADC8192;configurations;toma con tabla personalizada de configuraciones;CONFIG 01 - B1F_AVG1_ADC8192;779;19.498144;5609;1974;24.46;2026;31;31;1;100;411;8192;50;0;confirmada;2026-06-02T13:01:19.704
BLOQUE_16CFG_SIN_CROTAL_20260602_130033_CFG001_CONFIG_01_-_B1F_AVG1_ADC8192;SIN_CROTAL;BLOQUE_16CFG_SIN_CROTAL_20260602_130033_CFG001_CONFIG_01_-_B1F_AVG1_ADC8192;configurations;toma con tabla personalizada de configuraciones;CONFIG 01 - B1F_AVG1_ADC8192;780;19.517603;5614;1969;24.91;2044;31;31;1;100;411;8192;50;0;confirmada;2026-06-02T13:01:19.704
BLOQUE_16CFG_SIN_CROTAL_20260602_130033_CFG001_CONFIG_01_-_B1F_AVG1_ADC8192;SIN_CROTAL;BLOQUE_16CFG_SIN_CROTAL_20260602_130033_CFG001_CONFIG_01_-_B1F_AVG1_ADC8192;configurations;toma con tabla personalizada de configuraciones;CONFIG 01 - B1F_AVG1_ADC8192;781;19.548204;5616;1965;24.89;2043;31;31;1;100;411;8192;50;0;confirmada;2026-06-02T13:01:19.704
BLOQUE_16CFG_SIN_CROTAL_20260602_130033_CFG001_CONFIG_01_-_B1F_AVG1_ADC8192;SIN_CROTAL;BLOQUE_16CFG_SIN_CROTAL_20260602_130033_CFG001_CONFIG_01_-_B1F_AVG1_ADC8192;configurations;toma con tabla personalizada de configuraciones;CONFIG 01 - B1F_AVG1_ADC8192;782;19.568379;5616;1967;24.31;2020;31;31;1;100;411;8192;50;0;confirmada;2026-06-02T13:01:19.704
BLOQUE_16CFG_SIN_CROTAL_20260602_130033_CFG001_CONFIG_01_-_B1F_AVG1_ADC8192;SIN_CROTAL;BLOQUE_16CFG_SIN_CROTAL_20260602_130033_CFG001_CONFIG_01_-_B1F_AVG1_ADC8192;configurations;toma con tabla personalizada de configuraciones;CONFIG 01 - B1F_AVG1_ADC8192;783;19.598232;5612;1973;25.06;2050;31;31;1;100;411;8192;50;0;confirmada;2026-06-02T13:01:19.704
BLOQUE_16CFG_SIN_CROTAL_20260602_130033_CFG001_CONFIG_01_-_B1F_AVG1_ADC8192;SIN_CROTAL;BLOQUE_16CFG_SIN_CROTAL_20260602_130033_CFG001_CONFIG_01_-_B1F_AVG1_ADC8192;configurations;toma con tabla personalizada de configuraciones;CONFIG 01 - B1F_AVG1_ADC8192;784;19.618490;5621;1971;24.86;2042;31;31;1;100;411;8192;50;0;confirmada;2026-06-02T13:01:19.704
BLOQUE_16CFG_SIN_CROTAL_20260602_130033_CFG001_CONFIG_01_-_B1F_AVG1_ADC8192;SIN_CROTAL;BLOQUE_16CFG_SIN_CROTAL_20260602_130033_CFG001_CONFIG_01_-_B1F_AVG1_ADC8192;configurations;toma con tabla personalizada de configuraciones;CONFIG 01 - B1F_AVG1_ADC8192;785;19.648505;5611;1977;25.22;2056;31;31;1;100;411;8192;50;0;confirmada;2026-06-02T13:01:19.704
BLOQUE_16CFG_SIN_CROTAL_20260602_130033_CFG001_CONFIG_01_-_B1F_AVG1_ADC8192;SIN_CROTAL;BLOQUE_16CFG_SIN_CROTAL_20260602_130033_CFG001_CONFIG_01_-_B1F_AVG1_ADC8192;configurations;toma con tabla personalizada de configuraciones;CONFIG 01 - B1F_AVG1_ADC8192;786;19.668232;5615;1965;24.73;2037;31;31;1;100;411;8192;50;0;confirmada;2026-06-02T13:01:19.704
BLOQUE_16CFG_SIN_CROTAL_20260602_130033_CFG001_CONFIG_01_-_B1F_AVG1_ADC8192;SIN_CROTAL;BLOQUE_16CFG_SIN_CROTAL_20260602_130033_CFG001_CONFIG_01_-_B1F_AVG1_ADC8192;configurations;toma con tabla personalizada de configuraciones;CONFIG 01 - B1F_AVG1_ADC8192;787;19.698684;5613;1977;24.66;2034;31;31;1;100;411;8192;50;0;confirmada;2026-06-02T13:01:19.704
BLOQUE_16CFG_SIN_CROTAL_20260602_130033_CFG001_CONFIG_01_-_B1F_AVG1_ADC8192;SIN_CROTAL;BLOQUE_16CFG_SIN_CROTAL_20260602_130033_CFG001_CONFIG_01_-_B1F_AVG1_ADC8192;configurations;toma con tabla personalizada de configuraciones;CONFIG 01 - B1F_AVG1_ADC8192;788;19.718656;5617;1978;25.06;2050;31;31;1;100;411;8192;50;0;confirmada;2026-06-02T13:01:19.704
BLOQUE_16CFG_SIN_CROTAL_20260602_130033_CFG001_CONFIG_01_-_B1F_AVG1_ADC8192;SIN_CROTAL;BLOQUE_16CFG_SIN_CROTAL_20260602_130033_CFG001_CONFIG_01_-_B1F_AVG1_ADC8192;configurations;toma con tabla personalizada de configuraciones;CONFIG 01 - B1F_AVG1_ADC8192;789;19.748657;5613;1968;25.11;2052;31;31;1;100;411;8192;50;0;confirmada;2026-06-02T13:01:19.704
BLOQUE_16CFG_SIN_CROTAL_20260602_130033_CFG001_CONFIG_01_-_B1F_AVG1_ADC8192;SIN_CROTAL;BLOQUE_16CFG_SIN_CROTAL_20260602_130033_CFG001_CONFIG_01_-_B1F_AVG1_ADC8192;configurations;toma con tabla personalizada de configuraciones;CONFIG 01 - B1F_AVG1_ADC8192;790;19.768955;5619;1969;26.18;2094;31;31;1;100;411;8192;50;0;confirmada;2026-06-02T13:01:19.704
BLOQUE_16CFG_SIN_CROTAL_20260602_130033_CFG001_CONFIG_01_-_B1F_AVG1_ADC8192;SIN_CROTAL;BLOQUE_16CFG_SIN_CROTAL_20260602_130033_CFG001_CONFIG_01_-_B1F_AVG1_ADC8192;configurations;toma con tabla personalizada de configuraciones;CONFIG 01 - B1F_AVG1_ADC8192;791;19.798956;5616;1973;24.41;2024;31;31;1;100;411;8192;50;0;confirmada;2026-06-02T13:01:19.704
BLOQUE_16CFG_SIN_CROTAL_20260602_130033_CFG001_CONFIG_01_-_B1F_AVG1_ADC8192;SIN_CROTAL;BLOQUE_16CFG_SIN_CROTAL_20260602_130033_CFG001_CONFIG_01_-_B1F_AVG1_ADC8192;configurations;toma con tabla personalizada de configuraciones;CONFIG 01 - B1F_AVG1_ADC8192;792;19.818937;5624;1982;24.38;2023;31;31;1;100;411;8192;50;0;confirmada;2026-06-02T13:01:19.704
BLOQUE_16CFG_SIN_CROTAL_20260602_130033_CFG001_CONFIG_01_-_B1F_AVG1_ADC8192;SIN_CROTAL;BLOQUE_16CFG_SIN_CROTAL_20260602_130033_CFG001_CONFIG_01_-_B1F_AVG1_ADC8192;configurations;toma con tabla personalizada de configuraciones;CONFIG 01 - B1F_AVG1_ADC8192;793;19.848954;5620;1975;24.76;2038;31;31;1;100;411;8192;50;0;confirmada;2026-06-02T13:01:19.704
BLOQUE_16CFG_SIN_CROTAL_20260602_130033_CFG001_CONFIG_01_-_B1F_AVG1_ADC8192;SIN_CROTAL;BLOQUE_16CFG_SIN_CROTAL_20260602_130033_CFG001_CONFIG_01_-_B1F_AVG1_ADC8192;configurations;toma con tabla personalizada de configuraciones;CONFIG 01 - B1F_AVG1_ADC8192;794;19.868903;5616;1982;25.09;2051;31;31;1;100;411;8192;50;0;confirmada;2026-06-02T13:01:19.704
BLOQUE_16CFG_SIN_CROTAL_20260602_130033_CFG001_CONFIG_01_-_B1F_AVG1_ADC8192;SIN_CROTAL;BLOQUE_16CFG_SIN_CROTAL_20260602_130033_CFG001_CONFIG_01_-_B1F_AVG1_ADC8192;configurations;toma con tabla personalizada de configuraciones;CONFIG 01 - B1F_AVG1_ADC8192;795;19.899078;5612;1977;24.46;2026;31;31;1;100;411;8192;50;0;confirmada;2026-06-02T13:01:19.704
BLOQUE_16CFG_SIN_CROTAL_20260602_130033_CFG001_CONFIG_01_-_B1F_AVG1_ADC8192;SIN_CROTAL;BLOQUE_16CFG_SIN_CROTAL_20260602_130033_CFG001_CONFIG_01_-_B1F_AVG1_ADC8192;configurations;toma con tabla personalizada de configuraciones;CONFIG 01 - B1F_AVG1_ADC8192;796;19.919497;5623;1967;25.14;2053;31;31;1;100;411;8192;50;0;confirmada;2026-06-02T13:01:19.704
BLOQUE_16CFG_SIN_CROTAL_20260602_130033_CFG001_CONFIG_01_-_B1F_AVG1_ADC8192;SIN_CROTAL;BLOQUE_16CFG_SIN_CROTAL_20260602_130033_CFG001_CONFIG_01_-_B1F_AVG1_ADC8192;configurations;toma con tabla personalizada de configuraciones;CONFIG 01 - B1F_AVG1_ADC8192;797;19.949189;5618;1972;24.58;2031;31;31;1;100;411;8192;50;0;confirmada;2026-06-02T13:01:19.704
BLOQUE_16CFG_SIN_CROTAL_20260602_130033_CFG001_CONFIG_01_-_B1F_AVG1_ADC8192;SIN_CROTAL;BLOQUE_16CFG_SIN_CROTAL_20260602_130033_CFG001_CONFIG_01_-_B1F_AVG1_ADC8192;configurations;toma con tabla personalizada de configuraciones;CONFIG 01 - B1F_AVG1_ADC8192;798;19.969245;5615;1978;24.99;2047;31;31;1;100;411;8192;50;0;confirmada;2026-06-02T13:01:19.704
BLOQUE_16CFG_SIN_CROTAL_20260602_130033_CFG001_CONFIG_01_-_B1F_AVG1_ADC8192;SIN_CROTAL;BLOQUE_16CFG_SIN_CROTAL_20260602_130033_CFG001_CONFIG_01_-_B1F_AVG1_ADC8192;configurations;toma con tabla personalizada de configuraciones;CONFIG 01 - B1F_AVG1_ADC8192;799;19.999495;5610;1977;24.48;2027;31;31;1;100;411;8192;50;0;confirmada;2026-06-02T13:01:19.704
BLOQUE_16CFG_SIN_CROTAL_20260602_130033_CFG001_CONFIG_01_-_B1F_AVG1_ADC8192;SIN_CROTAL;BLOQUE_16CFG_SIN_CROTAL_20260602_130033_CFG001_CONFIG_01_-_B1F_AVG1_ADC8192;configurations;toma con tabla personalizada de configuraciones;CONFIG 01 - B1F_AVG1_ADC8192;800;20.019537;5620;1970;24.66;2034;31;31;1;100;411;8192;50;0;confirmada;2026-06-02T13:01:19.704
BLOQUE_16CFG_SIN_CROTAL_20260602_130033_CFG001_CONFIG_01_-_B1F_AVG1_ADC8192;SIN_CROTAL;BLOQUE_16CFG_SIN_CROTAL_20260602_130033_CFG001_CONFIG_01_-_B1F_AVG1_ADC8192;configurations;toma con tabla personalizada de configuraciones;CONFIG 01 - B1F_AVG1_ADC8192;801;20.049607;5630;1967;25.22;2056;31;31;1;100;411;8192;50;0;confirmada;2026-06-02T13:01:19.704
BLOQUE_16CFG_SIN_CROTAL_20260602_130033_CFG001_CONFIG_01_-_B1F_AVG1_ADC8192;SIN_CROTAL;BLOQUE_16CFG_SIN_CROTAL_20260602_130033_CFG001_CONFIG_01_-_B1F_AVG1_ADC8192;configurations;toma con tabla personalizada de configuraciones;CONFIG 01 - B1F_AVG1_ADC8192;802;20.069127;5619;1967;24.79;2039;31;31;1;100;411;8192;50;0;confirmada;2026-06-02T13:01:19.704
BLOQUE_16CFG_SIN_CROTAL_20260602_130033_CFG001_CONFIG_01_-_B1F_AVG1_ADC8192;SIN_CROTAL;BLOQUE_16CFG_SIN_CROTAL_20260602_130033_CFG001_CONFIG_01_-_B1F_AVG1_ADC8192;configurations;toma con tabla personalizada de configuraciones;CONFIG 01 - B1F_AVG1_ADC8192;803;20.099606;5620;1965;25.42;2064;31;31;1;100;411;8192;50;0;confirmada;2026-06-02T13:01:19.704
BLOQUE_16CFG_SIN_CROTAL_20260602_130033_CFG001_CONFIG_01_-_B1F_AVG1_ADC8192;SIN_CROTAL;BLOQUE_16CFG_SIN_CROTAL_20260602_130033_CFG001_CONFIG_01_-_B1F_AVG1_ADC8192;configurations;toma con tabla personalizada de configuraciones;CONFIG 01 - B1F_AVG1_ADC8192;804;20.120047;5624;1972;24.91;2044;31;31;1;100;411;8192;50;0;confirmada;2026-06-02T13:01:19.704
BLOQUE_16CFG_SIN_CROTAL_20260602_130033_CFG001_CONFIG_01_-_B1F_AVG1_ADC8192;SIN_CROTAL;BLOQUE_16CFG_SIN_CROTAL_20260602_130033_CFG001_CONFIG_01_-_B1F_AVG1_ADC8192;configurations;toma con tabla personalizada de configuraciones;CONFIG 01 - B1F_AVG1_ADC8192;805;20.149812;5618;1976;25.04;2049;31;31;1;100;411;8192;50;0;confirmada;2026-06-02T13:01:19.704
BLOQUE_16CFG_SIN_CROTAL_20260602_130033_CFG001_CONFIG_01_-_B1F_AVG1_ADC8192;SIN_CROTAL;BLOQUE_16CFG_SIN_CROTAL_20260602_130033_CFG001_CONFIG_01_-_B1F_AVG1_ADC8192;configurations;toma con tabla personalizada de configuraciones;CONFIG 01 - B1F_AVG1_ADC8192;806;20.169646;5616;1969;25.22;2056;31;31;1;100;411;8192;50;0;confirmada;2026-06-02T13:01:19.704
BLOQUE_16CFG_SIN_CROTAL_20260602_130033_CFG001_CONFIG_01_-_B1F_AVG1_ADC8192;SIN_CROTAL;BLOQUE_16CFG_SIN_CROTAL_20260602_130033_CFG001_CONFIG_01_-_B1F_AVG1_ADC8192;configurations;toma con tabla personalizada de configuraciones;CONFIG 01 - B1F_AVG1_ADC8192;807;20.199993;5612;1974;24.38;2023;31;31;1;100;411;8192;50;0;confirmada;2026-06-02T13:01:19.704
BLOQUE_16CFG_SIN_CROTAL_20260602_130033_CFG001_CONFIG_01_-_B1F_AVG1_ADC8192;SIN_CROTAL;BLOQUE_16CFG_SIN_CROTAL_20260602_130033_CFG001_CONFIG_01_-_B1F_AVG1_ADC8192;configurations;toma con tabla personalizada de configuraciones;CONFIG 01 - B1F_AVG1_ADC8192;808;20.219782;5617;1975;25.09;2051;31;31;1;100;411;8192;50;0;confirmada;2026-06-02T13:01:19.704
BLOQUE_16CFG_SIN_CROTAL_20260602_130033_CFG001_CONFIG_01_-_B1F_AVG1_ADC8192;SIN_CROTAL;BLOQUE_16CFG_SIN_CROTAL_20260602_130033_CFG001_CONFIG_01_-_B1F_AVG1_ADC8192;configurations;toma con tabla personalizada de configuraciones;CONFIG 01 - B1F_AVG1_ADC8192;809;20.250021;5615;1978;25.14;2053;31;31;1;100;411;8192;50;0;confirmada;2026-06-02T13:01:19.704
BLOQUE_16CFG_SIN_CROTAL_20260602_130033_CFG001_CONFIG_01_-_B1F_AVG1_ADC8192;SIN_CROTAL;BLOQUE_16CFG_SIN_CROTAL_20260602_130033_CFG001_CONFIG_01_-_B1F_AVG1_ADC8192;configurations;toma con tabla personalizada de configuraciones;CONFIG 01 - B1F_AVG1_ADC8192;810;20.270121;5618;1980;24.84;2041;31;31;1;100;411;8192;50;0;confirmada;2026-06-02T13:01:19.704
BLOQUE_16CFG_SIN_CROTAL_20260602_130033_CFG001_CONFIG_01_-_B1F_AVG1_ADC8192;SIN_CROTAL;BLOQUE_16CFG_SIN_CROTAL_20260602_130033_CFG001_CONFIG_01_-_B1F_AVG1_ADC8192;configurations;toma con tabla personalizada de configuraciones;CONFIG 01 - B1F_AVG1_ADC8192;811;20.300099;5611;1974;25.06;2050;31;31;1;100;411;8192;50;0;confirmada;2026-06-02T13:01:19.704
BLOQUE_16CFG_SIN_CROTAL_20260602_130033_CFG001_CONFIG_01_-_B1F_AVG1_ADC8192;SIN_CROTAL;BLOQUE_16CFG_SIN_CROTAL_20260602_130033_CFG001_CONFIG_01_-_B1F_AVG1_ADC8192;configurations;toma con tabla personalizada de configuraciones;CONFIG 01 - B1F_AVG1_ADC8192;812;20.320384;5610;1970;25.82;2080;31;31;1;100;411;8192;50;0;confirmada;2026-06-02T13:01:19.704
BLOQUE_16CFG_SIN_CROTAL_20260602_130033_CFG001_CONFIG_01_-_B1F_AVG1_ADC8192;SIN_CROTAL;BLOQUE_16CFG_SIN_CROTAL_20260602_130033_CFG001_CONFIG_01_-_B1F_AVG1_ADC8192;configurations;toma con tabla personalizada de configuraciones;CONFIG 01 - B1F_AVG1_ADC8192;813;20.350245;5612;1965;24.46;2026;31;31;1;100;411;8192;50;0;confirmada;2026-06-02T13:01:19.704
BLOQUE_16CFG_SIN_CROTAL_20260602_130033_CFG001_CONFIG_01_-_B1F_AVG1_ADC8192;SIN_CROTAL;BLOQUE_16CFG_SIN_CROTAL_20260602_130033_CFG001_CONFIG_01_-_B1F_AVG1_ADC8192;configurations;toma con tabla personalizada de configuraciones;CONFIG 01 - B1F_AVG1_ADC8192;814;20.370365;5622;1973;25.01;2048;31;31;1;100;411;8192;50;0;confirmada;2026-06-02T13:01:19.704
BLOQUE_16CFG_SIN_CROTAL_20260602_130033_CFG001_CONFIG_01_-_B1F_AVG1_ADC8192;SIN_CROTAL;BLOQUE_16CFG_SIN_CROTAL_20260602_130033_CFG001_CONFIG_01_-_B1F_AVG1_ADC8192;configurations;toma con tabla personalizada de configuraciones;CONFIG 01 - B1F_AVG1_ADC8192;815;20.400446;5606;1976;24.96;2046;31;31;1;100;411;8192;50;0;confirmada;2026-06-02T13:01:19.704
BLOQUE_16CFG_SIN_CROTAL_20260602_130033_CFG001_CONFIG_01_-_B1F_AVG1_ADC8192;SIN_CROTAL;BLOQUE_16CFG_SIN_CROTAL_20260602_130033_CFG001_CONFIG_01_-_B1F_AVG1_ADC8192;configurations;toma con tabla personalizada de configuraciones;CONFIG 01 - B1F_AVG1_ADC8192;816;20.420080;5613;1976;25.37;2062;31;31;1;100;411;8192;50;0;confirmada;2026-06-02T13:01:19.704
BLOQUE_16CFG_SIN_CROTAL_20260602_130033_CFG001_CONFIG_01_-_B1F_AVG1_ADC8192;SIN_CROTAL;BLOQUE_16CFG_SIN_CROTAL_20260602_130033_CFG001_CONFIG_01_-_B1F_AVG1_ADC8192;configurations;toma con tabla personalizada de configuraciones;CONFIG 01 - B1F_AVG1_ADC8192;817;20.450534;5614;1980;24.38;2023;31;31;1;100;411;8192;50;0;confirmada;2026-06-02T13:01:19.704
BLOQUE_16CFG_SIN_CROTAL_20260602_130033_CFG001_CONFIG_01_-_B1F_AVG1_ADC8192;SIN_CROTAL;BLOQUE_16CFG_SIN_CROTAL_20260602_130033_CFG001_CONFIG_01_-_B1F_AVG1_ADC8192;configurations;toma con tabla personalizada de configuraciones;CONFIG 01 - B1F_AVG1_ADC8192;818;20.470144;5614;1973;24.81;2040;31;31;1;100;411;8192;50;0;confirmada;2026-06-02T13:01:19.704
BLOQUE_16CFG_SIN_CROTAL_20260602_130033_CFG001_CONFIG_01_-_B1F_AVG1_ADC8192;SIN_CROTAL;BLOQUE_16CFG_SIN_CROTAL_20260602_130033_CFG001_CONFIG_01_-_B1F_AVG1_ADC8192;configurations;toma con tabla personalizada de configuraciones;CONFIG 01 - B1F_AVG1_ADC8192;819;20.500750;5612;1969;25.14;2053;31;31;1;100;411;8192;50;0;confirmada;2026-06-02T13:01:19.704
BLOQUE_16CFG_SIN_CROTAL_20260602_130033_CFG001_CONFIG_01_-_B1F_AVG1_ADC8192;SIN_CROTAL;BLOQUE_16CFG_SIN_CROTAL_20260602_130033_CFG001_CONFIG_01_-_B1F_AVG1_ADC8192;configurations;toma con tabla personalizada de configuraciones;CONFIG 01 - B1F_AVG1_ADC8192;820;20.520725;5616;1976;25.14;2053;31;31;1;100;411;8192;50;0;confirmada;2026-06-02T13:01:19.704
BLOQUE_16CFG_SIN_CROTAL_20260602_130033_CFG001_CONFIG_01_-_B1F_AVG1_ADC8192;SIN_CROTAL;BLOQUE_16CFG_SIN_CROTAL_20260602_130033_CFG001_CONFIG_01_-_B1F_AVG1_ADC8192;configurations;toma con tabla personalizada de configuraciones;CONFIG 01 - B1F_AVG1_ADC8192;821;20.550782;5618;1974;24.81;2040;31;31;1;100;411;8192;50;0;confirmada;2026-06-02T13:01:19.704
BLOQUE_16CFG_SIN_CROTAL_20260602_130033_CFG001_CONFIG_01_-_B1F_AVG1_ADC8192;SIN_CROTAL;BLOQUE_16CFG_SIN_CROTAL_20260602_130033_CFG001_CONFIG_01_-_B1F_AVG1_ADC8192;configurations;toma con tabla personalizada de configuraciones;CONFIG 01 - B1F_AVG1_ADC8192;822;20.570747;5619;1972;25.44;2065;31;31;1;100;411;8192;50;0;confirmada;2026-06-02T13:01:19.704
BLOQUE_16CFG_SIN_CROTAL_20260602_130033_CFG001_CONFIG_01_-_B1F_AVG1_ADC8192;SIN_CROTAL;BLOQUE_16CFG_SIN_CROTAL_20260602_130033_CFG001_CONFIG_01_-_B1F_AVG1_ADC8192;configurations;toma con tabla personalizada de configuraciones;CONFIG 01 - B1F_AVG1_ADC8192;823;20.601095;5626;1963;24.36;2022;31;31;1;100;411;8192;50;0;confirmada;2026-06-02T13:01:19.704
BLOQUE_16CFG_SIN_CROTAL_20260602_130033_CFG001_CONFIG_01_-_B1F_AVG1_ADC8192;SIN_CROTAL;BLOQUE_16CFG_SIN_CROTAL_20260602_130033_CFG001_CONFIG_01_-_B1F_AVG1_ADC8192;configurations;toma con tabla personalizada de configuraciones;CONFIG 01 - B1F_AVG1_ADC8192;824;20.620860;5616;1966;24.86;2042;31;31;1;100;411;8192;50;0;confirmada;2026-06-02T13:01:19.704
BLOQUE_16CFG_SIN_CROTAL_20260602_130033_CFG001_CONFIG_01_-_B1F_AVG1_ADC8192;SIN_CROTAL;BLOQUE_16CFG_SIN_CROTAL_20260602_130033_CFG001_CONFIG_01_-_B1F_AVG1_ADC8192;configurations;toma con tabla personalizada de configuraciones;CONFIG 01 - B1F_AVG1_ADC8192;825;20.651139;5619;1976;24.86;2042;31;31;1;100;411;8192;50;0;confirmada;2026-06-02T13:01:19.704
BLOQUE_16CFG_SIN_CROTAL_20260602_130033_CFG001_CONFIG_01_-_B1F_AVG1_ADC8192;SIN_CROTAL;BLOQUE_16CFG_SIN_CROTAL_20260602_130033_CFG001_CONFIG_01_-_B1F_AVG1_ADC8192;configurations;toma con tabla personalizada de configuraciones;CONFIG 01 - B1F_AVG1_ADC8192;826;20.671531;5625;1958;25.04;2049;31;31;1;100;411;8192;50;0;confirmada;2026-06-02T13:01:19.704
BLOQUE_16CFG_SIN_CROTAL_20260602_130033_CFG001_CONFIG_01_-_B1F_AVG1_ADC8192;SIN_CROTAL;BLOQUE_16CFG_SIN_CROTAL_20260602_130033_CFG001_CONFIG_01_-_B1F_AVG1_ADC8192;configurations;toma con tabla personalizada de configuraciones;CONFIG 01 - B1F_AVG1_ADC8192;827;20.701249;5619;1982;24.43;2025;31;31;1;100;411;8192;50;0;confirmada;2026-06-02T13:01:19.704
BLOQUE_16CFG_SIN_CROTAL_20260602_130033_CFG001_CONFIG_01_-_B1F_AVG1_ADC8192;SIN_CROTAL;BLOQUE_16CFG_SIN_CROTAL_20260602_130033_CFG001_CONFIG_01_-_B1F_AVG1_ADC8192;configurations;toma con tabla personalizada de configuraciones;CONFIG 01 - B1F_AVG1_ADC8192;828;20.721377;5615;1969;24.99;2047;31;31;1;100;411;8192;50;0;confirmada;2026-06-02T13:01:19.704
BLOQUE_16CFG_SIN_CROTAL_20260602_130033_CFG001_CONFIG_01_-_B1F_AVG1_ADC8192;SIN_CROTAL;BLOQUE_16CFG_SIN_CROTAL_20260602_130033_CFG001_CONFIG_01_-_B1F_AVG1_ADC8192;configurations;toma con tabla personalizada de configuraciones;CONFIG 01 - B1F_AVG1_ADC8192;829;20.751461;5615;1969;24.58;2031;31;31;1;100;411;8192;50;0;confirmada;2026-06-02T13:01:19.704
BLOQUE_16CFG_SIN_CROTAL_20260602_130033_CFG001_CONFIG_01_-_B1F_AVG1_ADC8192;SIN_CROTAL;BLOQUE_16CFG_SIN_CROTAL_20260602_130033_CFG001_CONFIG_01_-_B1F_AVG1_ADC8192;configurations;toma con tabla personalizada de configuraciones;CONFIG 01 - B1F_AVG1_ADC8192;830;20.770894;5616;1966;24.41;2024;31;31;1;100;411;8192;50;0;confirmada;2026-06-02T13:01:19.704
BLOQUE_16CFG_SIN_CROTAL_20260602_130033_CFG001_CONFIG_01_-_B1F_AVG1_ADC8192;SIN_CROTAL;BLOQUE_16CFG_SIN_CROTAL_20260602_130033_CFG001_CONFIG_01_-_B1F_AVG1_ADC8192;configurations;toma con tabla personalizada de configuraciones;CONFIG 01 - B1F_AVG1_ADC8192;831;20.801520;5618;1966;24.84;2041;31;31;1;100;411;8192;50;0;confirmada;2026-06-02T13:01:19.704
BLOQUE_16CFG_SIN_CROTAL_20260602_130033_CFG001_CONFIG_01_-_B1F_AVG1_ADC8192;SIN_CROTAL;BLOQUE_16CFG_SIN_CROTAL_20260602_130033_CFG001_CONFIG_01_-_B1F_AVG1_ADC8192;configurations;toma con tabla personalizada de configuraciones;CONFIG 01 - B1F_AVG1_ADC8192;832;20.821248;5619;1962;24.33;2021;31;31;1;100;411;8192;50;0;confirmada;2026-06-02T13:01:19.704
BLOQUE_16CFG_SIN_CROTAL_20260602_130033_CFG001_CONFIG_01_-_B1F_AVG1_ADC8192;SIN_CROTAL;BLOQUE_16CFG_SIN_CROTAL_20260602_130033_CFG001_CONFIG_01_-_B1F_AVG1_ADC8192;configurations;toma con tabla personalizada de configuraciones;CONFIG 01 - B1F_AVG1_ADC8192;833;20.851687;5617;1980;24.43;2025;31;31;1;100;411;8192;50;0;confirmada;2026-06-02T13:01:19.704
BLOQUE_16CFG_SIN_CROTAL_20260602_130033_CFG001_CONFIG_01_-_B1F_AVG1_ADC8192;SIN_CROTAL;BLOQUE_16CFG_SIN_CROTAL_20260602_130033_CFG001_CONFIG_01_-_B1F_AVG1_ADC8192;configurations;toma con tabla personalizada de configuraciones;CONFIG 01 - B1F_AVG1_ADC8192;834;20.871932;5623;1965;25.29;2059;31;31;1;100;411;8192;50;0;confirmada;2026-06-02T13:01:19.704
BLOQUE_16CFG_SIN_CROTAL_20260602_130033_CFG001_CONFIG_01_-_B1F_AVG1_ADC8192;SIN_CROTAL;BLOQUE_16CFG_SIN_CROTAL_20260602_130033_CFG001_CONFIG_01_-_B1F_AVG1_ADC8192;configurations;toma con tabla personalizada de configuraciones;CONFIG 01 - B1F_AVG1_ADC8192;835;20.901765;5624;1969;24.94;2045;31;31;1;100;411;8192;50;0;confirmada;2026-06-02T13:01:19.704
BLOQUE_16CFG_SIN_CROTAL_20260602_130033_CFG001_CONFIG_01_-_B1F_AVG1_ADC8192;SIN_CROTAL;BLOQUE_16CFG_SIN_CROTAL_20260602_130033_CFG001_CONFIG_01_-_B1F_AVG1_ADC8192;configurations;toma con tabla personalizada de configuraciones;CONFIG 01 - B1F_AVG1_ADC8192;836;20.922306;5607;1957;25.01;2048;31;31;1;100;411;8192;50;0;confirmada;2026-06-02T13:01:19.704
BLOQUE_16CFG_SIN_CROTAL_20260602_130033_CFG001_CONFIG_01_-_B1F_AVG1_ADC8192;SIN_CROTAL;BLOQUE_16CFG_SIN_CROTAL_20260602_130033_CFG001_CONFIG_01_-_B1F_AVG1_ADC8192;configurations;toma con tabla personalizada de configuraciones;CONFIG 01 - B1F_AVG1_ADC8192;837;20.951975;5614;1974;25.98;2086;31;31;1;100;411;8192;50;0;confirmada;2026-06-02T13:01:19.704
BLOQUE_16CFG_SIN_CROTAL_20260602_130033_CFG001_CONFIG_01_-_B1F_AVG1_ADC8192;SIN_CROTAL;BLOQUE_16CFG_SIN_CROTAL_20260602_130033_CFG001_CONFIG_01_-_B1F_AVG1_ADC8192;configurations;toma con tabla personalizada de configuraciones;CONFIG 01 - B1F_AVG1_ADC8192;838;20.971989;5615;1971;24.58;2031;31;31;1;100;411;8192;50;0;confirmada;2026-06-02T13:01:19.704
BLOQUE_16CFG_SIN_CROTAL_20260602_130033_CFG001_CONFIG_01_-_B1F_AVG1_ADC8192;SIN_CROTAL;BLOQUE_16CFG_SIN_CROTAL_20260602_130033_CFG001_CONFIG_01_-_B1F_AVG1_ADC8192;configurations;toma con tabla personalizada de configuraciones;CONFIG 01 - B1F_AVG1_ADC8192;839;21.002038;5617;1980;24.18;2015;31;31;1;100;411;8192;50;0;confirmada;2026-06-02T13:01:19.704
BLOQUE_16CFG_SIN_CROTAL_20260602_130033_CFG001_CONFIG_01_-_B1F_AVG1_ADC8192;SIN_CROTAL;BLOQUE_16CFG_SIN_CROTAL_20260602_130033_CFG001_CONFIG_01_-_B1F_AVG1_ADC8192;configurations;toma con tabla personalizada de configuraciones;CONFIG 01 - B1F_AVG1_ADC8192;840;21.021819;5617;1967;24.96;2046;31;31;1;100;411;8192;50;0;confirmada;2026-06-02T13:01:19.704
BLOQUE_16CFG_SIN_CROTAL_20260602_130033_CFG001_CONFIG_01_-_B1F_AVG1_ADC8192;SIN_CROTAL;BLOQUE_16CFG_SIN_CROTAL_20260602_130033_CFG001_CONFIG_01_-_B1F_AVG1_ADC8192;configurations;toma con tabla personalizada de configuraciones;CONFIG 01 - B1F_AVG1_ADC8192;841;21.052328;5611;1972;24.71;2036;31;31;1;100;411;8192;50;0;confirmada;2026-06-02T13:01:19.704
BLOQUE_16CFG_SIN_CROTAL_20260602_130033_CFG001_CONFIG_01_-_B1F_AVG1_ADC8192;SIN_CROTAL;BLOQUE_16CFG_SIN_CROTAL_20260602_130033_CFG001_CONFIG_01_-_B1F_AVG1_ADC8192;configurations;toma con tabla personalizada de configuraciones;CONFIG 01 - B1F_AVG1_ADC8192;842;21.071989;5618;1974;25.16;2054;31;31;1;100;411;8192;50;0;confirmada;2026-06-02T13:01:19.704
BLOQUE_16CFG_SIN_CROTAL_20260602_130033_CFG001_CONFIG_01_-_B1F_AVG1_ADC8192;SIN_CROTAL;BLOQUE_16CFG_SIN_CROTAL_20260602_130033_CFG001_CONFIG_01_-_B1F_AVG1_ADC8192;configurations;toma con tabla personalizada de configuraciones;CONFIG 01 - B1F_AVG1_ADC8192;843;21.102284;5615;1978;25.09;2051;31;31;1;100;411;8192;50;0;confirmada;2026-06-02T13:01:19.704
BLOQUE_16CFG_SIN_CROTAL_20260602_130033_CFG001_CONFIG_01_-_B1F_AVG1_ADC8192;SIN_CROTAL;BLOQUE_16CFG_SIN_CROTAL_20260602_130033_CFG001_CONFIG_01_-_B1F_AVG1_ADC8192;configurations;toma con tabla personalizada de configuraciones;CONFIG 01 - B1F_AVG1_ADC8192;844;21.122227;5622;1967;25.11;2052;31;31;1;100;411;8192;50;0;confirmada;2026-06-02T13:01:19.704
BLOQUE_16CFG_SIN_CROTAL_20260602_130033_CFG001_CONFIG_01_-_B1F_AVG1_ADC8192;SIN_CROTAL;BLOQUE_16CFG_SIN_CROTAL_20260602_130033_CFG001_CONFIG_01_-_B1F_AVG1_ADC8192;configurations;toma con tabla personalizada de configuraciones;CONFIG 01 - B1F_AVG1_ADC8192;845;21.152401;5613;1974;25.27;2058;31;31;1;100;411;8192;50;0;confirmada;2026-06-02T13:01:19.704
BLOQUE_16CFG_SIN_CROTAL_20260602_130033_CFG001_CONFIG_01_-_B1F_AVG1_ADC8192;SIN_CROTAL;BLOQUE_16CFG_SIN_CROTAL_20260602_130033_CFG001_CONFIG_01_-_B1F_AVG1_ADC8192;configurations;toma con tabla personalizada de configuraciones;CONFIG 01 - B1F_AVG1_ADC8192;846;21.172512;5612;1971;24.94;2045;31;31;1;100;411;8192;50;0;confirmada;2026-06-02T13:01:19.704
BLOQUE_16CFG_SIN_CROTAL_20260602_130033_CFG001_CONFIG_01_-_B1F_AVG1_ADC8192;SIN_CROTAL;BLOQUE_16CFG_SIN_CROTAL_20260602_130033_CFG001_CONFIG_01_-_B1F_AVG1_ADC8192;configurations;toma con tabla personalizada de configuraciones;CONFIG 01 - B1F_AVG1_ADC8192;847;21.202735;5605;1977;25.16;2054;31;31;1;100;411;8192;50;0;confirmada;2026-06-02T13:01:19.704
BLOQUE_16CFG_SIN_CROTAL_20260602_130033_CFG001_CONFIG_01_-_B1F_AVG1_ADC8192;SIN_CROTAL;BLOQUE_16CFG_SIN_CROTAL_20260602_130033_CFG001_CONFIG_01_-_B1F_AVG1_ADC8192;configurations;toma con tabla personalizada de configuraciones;CONFIG 01 - B1F_AVG1_ADC8192;848;21.222883;5623;1965;25.19;2055;31;31;1;100;411;8192;50;0;confirmada;2026-06-02T13:01:19.704
BLOQUE_16CFG_SIN_CROTAL_20260602_130033_CFG001_CONFIG_01_-_B1F_AVG1_ADC8192;SIN_CROTAL;BLOQUE_16CFG_SIN_CROTAL_20260602_130033_CFG001_CONFIG_01_-_B1F_AVG1_ADC8192;configurations;toma con tabla personalizada de configuraciones;CONFIG 01 - B1F_AVG1_ADC8192;849;21.252848;5603;1970;25.42;2064;31;31;1;100;411;8192;50;0;confirmada;2026-06-02T13:01:19.704
BLOQUE_16CFG_SIN_CROTAL_20260602_130033_CFG001_CONFIG_01_-_B1F_AVG1_ADC8192;SIN_CROTAL;BLOQUE_16CFG_SIN_CROTAL_20260602_130033_CFG001_CONFIG_01_-_B1F_AVG1_ADC8192;configurations;toma con tabla personalizada de configuraciones;CONFIG 01 - B1F_AVG1_ADC8192;850;21.272334;5603;1969;25.09;2051;31;31;1;100;411;8192;50;0;confirmada;2026-06-02T13:01:19.704
BLOQUE_16CFG_SIN_CROTAL_20260602_130033_CFG001_CONFIG_01_-_B1F_AVG1_ADC8192;SIN_CROTAL;BLOQUE_16CFG_SIN_CROTAL_20260602_130033_CFG001_CONFIG_01_-_B1F_AVG1_ADC8192;configurations;toma con tabla personalizada de configuraciones;CONFIG 01 - B1F_AVG1_ADC8192;851;21.302883;5610;1971;24.58;2031;31;31;1;100;411;8192;50;0;confirmada;2026-06-02T13:01:19.704
BLOQUE_16CFG_SIN_CROTAL_20260602_130033_CFG001_CONFIG_01_-_B1F_AVG1_ADC8192;SIN_CROTAL;BLOQUE_16CFG_SIN_CROTAL_20260602_130033_CFG001_CONFIG_01_-_B1F_AVG1_ADC8192;configurations;toma con tabla personalizada de configuraciones;CONFIG 01 - B1F_AVG1_ADC8192;852;21.322963;5613;1974;24.81;2040;31;31;1;100;411;8192;50;0;confirmada;2026-06-02T13:01:19.704
BLOQUE_16CFG_SIN_CROTAL_20260602_130033_CFG001_CONFIG_01_-_B1F_AVG1_ADC8192;SIN_CROTAL;BLOQUE_16CFG_SIN_CROTAL_20260602_130033_CFG001_CONFIG_01_-_B1F_AVG1_ADC8192;configurations;toma con tabla personalizada de configuraciones;CONFIG 01 - B1F_AVG1_ADC8192;853;21.352959;5615;1974;24.96;2046;31;31;1;100;411;8192;50;0;confirmada;2026-06-02T13:01:19.704
BLOQUE_16CFG_SIN_CROTAL_20260602_130033_CFG001_CONFIG_01_-_B1F_AVG1_ADC8192;SIN_CROTAL;BLOQUE_16CFG_SIN_CROTAL_20260602_130033_CFG001_CONFIG_01_-_B1F_AVG1_ADC8192;configurations;toma con tabla personalizada de configuraciones;CONFIG 01 - B1F_AVG1_ADC8192;854;21.373480;5618;1969;24.36;2022;31;31;1;100;411;8192;50;0;confirmada;2026-06-02T13:01:19.704
BLOQUE_16CFG_SIN_CROTAL_20260602_130033_CFG001_CONFIG_01_-_B1F_AVG1_ADC8192;SIN_CROTAL;BLOQUE_16CFG_SIN_CROTAL_20260602_130033_CFG001_CONFIG_01_-_B1F_AVG1_ADC8192;configurations;toma con tabla personalizada de configuraciones;CONFIG 01 - B1F_AVG1_ADC8192;855;21.403276;5610;1973;24.68;2035;31;31;1;100;411;8192;50;0;confirmada;2026-06-02T13:01:19.704
BLOQUE_16CFG_SIN_CROTAL_20260602_130033_CFG001_CONFIG_01_-_B1F_AVG1_ADC8192;SIN_CROTAL;BLOQUE_16CFG_SIN_CROTAL_20260602_130033_CFG001_CONFIG_01_-_B1F_AVG1_ADC8192;configurations;toma con tabla personalizada de configuraciones;CONFIG 01 - B1F_AVG1_ADC8192;856;21.423265;5611;1974;25.16;2054;31;31;1;100;411;8192;50;0;confirmada;2026-06-02T13:01:19.704
BLOQUE_16CFG_SIN_CROTAL_20260602_130033_CFG001_CONFIG_01_-_B1F_AVG1_ADC8192;SIN_CROTAL;BLOQUE_16CFG_SIN_CROTAL_20260602_130033_CFG001_CONFIG_01_-_B1F_AVG1_ADC8192;configurations;toma con tabla personalizada de configuraciones;CONFIG 01 - B1F_AVG1_ADC8192;857;21.453316;5613;1980;24.79;2039;31;31;1;100;411;8192;50;0;confirmada;2026-06-02T13:01:19.704
BLOQUE_16CFG_SIN_CROTAL_20260602_130033_CFG001_CONFIG_01_-_B1F_AVG1_ADC8192;SIN_CROTAL;BLOQUE_16CFG_SIN_CROTAL_20260602_130033_CFG001_CONFIG_01_-_B1F_AVG1_ADC8192;configurations;toma con tabla personalizada de configuraciones;CONFIG 01 - B1F_AVG1_ADC8192;858;21.473318;5614;1965;25.34;2061;31;31;1;100;411;8192;50;0;confirmada;2026-06-02T13:01:19.704
BLOQUE_16CFG_SIN_CROTAL_20260602_130033_CFG001_CONFIG_01_-_B1F_AVG1_ADC8192;SIN_CROTAL;BLOQUE_16CFG_SIN_CROTAL_20260602_130033_CFG001_CONFIG_01_-_B1F_AVG1_ADC8192;configurations;toma con tabla personalizada de configuraciones;CONFIG 01 - B1F_AVG1_ADC8192;859;21.503530;5615;1968;25.04;2049;31;31;1;100;411;8192;50;0;confirmada;2026-06-02T13:01:19.704
BLOQUE_16CFG_SIN_CROTAL_20260602_130033_CFG001_CONFIG_01_-_B1F_AVG1_ADC8192;SIN_CROTAL;BLOQUE_16CFG_SIN_CROTAL_20260602_130033_CFG001_CONFIG_01_-_B1F_AVG1_ADC8192;configurations;toma con tabla personalizada de configuraciones;CONFIG 01 - B1F_AVG1_ADC8192;860;21.523109;5610;1966;24.79;2039;31;31;1;100;411;8192;50;0;confirmada;2026-06-02T13:01:19.704
BLOQUE_16CFG_SIN_CROTAL_20260602_130033_CFG001_CONFIG_01_-_B1F_AVG1_ADC8192;SIN_CROTAL;BLOQUE_16CFG_SIN_CROTAL_20260602_130033_CFG001_CONFIG_01_-_B1F_AVG1_ADC8192;configurations;toma con tabla personalizada de configuraciones;CONFIG 01 - B1F_AVG1_ADC8192;861;21.553498;5618;1974;25.22;2056;31;31;1;100;411;8192;50;0;confirmada;2026-06-02T13:01:19.704
BLOQUE_16CFG_SIN_CROTAL_20260602_130033_CFG001_CONFIG_01_-_B1F_AVG1_ADC8192;SIN_CROTAL;BLOQUE_16CFG_SIN_CROTAL_20260602_130033_CFG001_CONFIG_01_-_B1F_AVG1_ADC8192;configurations;toma con tabla personalizada de configuraciones;CONFIG 01 - B1F_AVG1_ADC8192;862;21.573101;5611;1969;25.47;2066;31;31;1;100;411;8192;50;0;confirmada;2026-06-02T13:01:19.704
BLOQUE_16CFG_SIN_CROTAL_20260602_130033_CFG001_CONFIG_01_-_B1F_AVG1_ADC8192;SIN_CROTAL;BLOQUE_16CFG_SIN_CROTAL_20260602_130033_CFG001_CONFIG_01_-_B1F_AVG1_ADC8192;configurations;toma con tabla personalizada de configuraciones;CONFIG 01 - B1F_AVG1_ADC8192;863;21.603796;5614;1966;24.86;2042;31;31;1;100;411;8192;50;0;confirmada;2026-06-02T13:01:19.704
BLOQUE_16CFG_SIN_CROTAL_20260602_130033_CFG001_CONFIG_01_-_B1F_AVG1_ADC8192;SIN_CROTAL;BLOQUE_16CFG_SIN_CROTAL_20260602_130033_CFG001_CONFIG_01_-_B1F_AVG1_ADC8192;configurations;toma con tabla personalizada de configuraciones;CONFIG 01 - B1F_AVG1_ADC8192;864;21.623838;5621;1970;24.73;2037;31;31;1;100;411;8192;50;0;confirmada;2026-06-02T13:01:19.704
BLOQUE_16CFG_SIN_CROTAL_20260602_130033_CFG001_CONFIG_01_-_B1F_AVG1_ADC8192;SIN_CROTAL;BLOQUE_16CFG_SIN_CROTAL_20260602_130033_CFG001_CONFIG_01_-_B1F_AVG1_ADC8192;configurations;toma con tabla personalizada de configuraciones;CONFIG 01 - B1F_AVG1_ADC8192;865;21.653753;5619;1975;25.09;2051;31;31;1;100;411;8192;50;0;confirmada;2026-06-02T13:01:19.704
BLOQUE_16CFG_SIN_CROTAL_20260602_130033_CFG001_CONFIG_01_-_B1F_AVG1_ADC8192;SIN_CROTAL;BLOQUE_16CFG_SIN_CROTAL_20260602_130033_CFG001_CONFIG_01_-_B1F_AVG1_ADC8192;configurations;toma con tabla personalizada de configuraciones;CONFIG 01 - B1F_AVG1_ADC8192;866;21.673470;5612;1968;24.31;2020;31;31;1;100;411;8192;50;0;confirmada;2026-06-02T13:01:19.704
BLOQUE_16CFG_SIN_CROTAL_20260602_130033_CFG001_CONFIG_01_-_B1F_AVG1_ADC8192;SIN_CROTAL;BLOQUE_16CFG_SIN_CROTAL_20260602_130033_CFG001_CONFIG_01_-_B1F_AVG1_ADC8192;configurations;toma con tabla personalizada de configuraciones;CONFIG 01 - B1F_AVG1_ADC8192;867;21.703906;5611;1979;24.33;2021;31;31;1;100;411;8192;50;0;confirmada;2026-06-02T13:01:19.704
BLOQUE_16CFG_SIN_CROTAL_20260602_130033_CFG001_CONFIG_01_-_B1F_AVG1_ADC8192;SIN_CROTAL;BLOQUE_16CFG_SIN_CROTAL_20260602_130033_CFG001_CONFIG_01_-_B1F_AVG1_ADC8192;configurations;toma con tabla personalizada de configuraciones;CONFIG 01 - B1F_AVG1_ADC8192;868;21.723879;5617;1972;24.86;2042;31;31;1;100;411;8192;50;0;confirmada;2026-06-02T13:01:19.704
BLOQUE_16CFG_SIN_CROTAL_20260602_130033_CFG001_CONFIG_01_-_B1F_AVG1_ADC8192;SIN_CROTAL;BLOQUE_16CFG_SIN_CROTAL_20260602_130033_CFG001_CONFIG_01_-_B1F_AVG1_ADC8192;configurations;toma con tabla personalizada de configuraciones;CONFIG 01 - B1F_AVG1_ADC8192;869;21.754148;5618;1969;25.57;2070;31;31;1;100;411;8192;50;0;confirmada;2026-06-02T13:01:19.704
BLOQUE_16CFG_SIN_CROTAL_20260602_130033_CFG001_CONFIG_01_-_B1F_AVG1_ADC8192;SIN_CROTAL;BLOQUE_16CFG_SIN_CROTAL_20260602_130033_CFG001_CONFIG_01_-_B1F_AVG1_ADC8192;configurations;toma con tabla personalizada de configuraciones;CONFIG 01 - B1F_AVG1_ADC8192;870;21.774323;5614;1966;24.00;2008;31;31;1;100;411;8192;50;0;confirmada;2026-06-02T13:01:19.704
BLOQUE_16CFG_SIN_CROTAL_20260602_130033_CFG001_CONFIG_01_-_B1F_AVG1_ADC8192;SIN_CROTAL;BLOQUE_16CFG_SIN_CROTAL_20260602_130033_CFG001_CONFIG_01_-_B1F_AVG1_ADC8192;configurations;toma con tabla personalizada de configuraciones;CONFIG 01 - B1F_AVG1_ADC8192;871;21.804324;5618;1963;24.33;2021;31;31;1;100;411;8192;50;0;confirmada;2026-06-02T13:01:19.704
BLOQUE_16CFG_SIN_CROTAL_20260602_130033_CFG001_CONFIG_01_-_B1F_AVG1_ADC8192;SIN_CROTAL;BLOQUE_16CFG_SIN_CROTAL_20260602_130033_CFG001_CONFIG_01_-_B1F_AVG1_ADC8192;configurations;toma con tabla personalizada de configuraciones;CONFIG 01 - B1F_AVG1_ADC8192;872;21.824603;5619;1969;25.06;2050;31;31;1;100;411;8192;50;0;confirmada;2026-06-02T13:01:19.704
BLOQUE_16CFG_SIN_CROTAL_20260602_130033_CFG001_CONFIG_01_-_B1F_AVG1_ADC8192;SIN_CROTAL;BLOQUE_16CFG_SIN_CROTAL_20260602_130033_CFG001_CONFIG_01_-_B1F_AVG1_ADC8192;configurations;toma con tabla personalizada de configuraciones;CONFIG 01 - B1F_AVG1_ADC8192;873;21.854263;5615;1975;24.48;2027;31;31;1;100;411;8192;50;0;confirmada;2026-06-02T13:01:19.704
BLOQUE_16CFG_SIN_CROTAL_20260602_130033_CFG001_CONFIG_01_-_B1F_AVG1_ADC8192;SIN_CROTAL;BLOQUE_16CFG_SIN_CROTAL_20260602_130033_CFG001_CONFIG_01_-_B1F_AVG1_ADC8192;configurations;toma con tabla personalizada de configuraciones;CONFIG 01 - B1F_AVG1_ADC8192;874;21.874229;5606;1970;24.79;2039;31;31;1;100;411;8192;50;0;confirmada;2026-06-02T13:01:19.704
BLOQUE_16CFG_SIN_CROTAL_20260602_130033_CFG001_CONFIG_01_-_B1F_AVG1_ADC8192;SIN_CROTAL;BLOQUE_16CFG_SIN_CROTAL_20260602_130033_CFG001_CONFIG_01_-_B1F_AVG1_ADC8192;configurations;toma con tabla personalizada de configuraciones;CONFIG 01 - B1F_AVG1_ADC8192;875;21.904560;5616;1973;26.15;2093;31;31;1;100;411;8192;50;0;confirmada;2026-06-02T13:01:19.704
BLOQUE_16CFG_SIN_CROTAL_20260602_130033_CFG001_CONFIG_01_-_B1F_AVG1_ADC8192;SIN_CROTAL;BLOQUE_16CFG_SIN_CROTAL_20260602_130033_CFG001_CONFIG_01_-_B1F_AVG1_ADC8192;configurations;toma con tabla personalizada de configuraciones;CONFIG 01 - B1F_AVG1_ADC8192;876;21.924807;5625;1966;25.42;2064;31;31;1;100;411;8192;50;0;confirmada;2026-06-02T13:01:19.704
BLOQUE_16CFG_SIN_CROTAL_20260602_130033_CFG001_CONFIG_01_-_B1F_AVG1_ADC8192;SIN_CROTAL;BLOQUE_16CFG_SIN_CROTAL_20260602_130033_CFG001_CONFIG_01_-_B1F_AVG1_ADC8192;configurations;toma con tabla personalizada de configuraciones;CONFIG 01 - B1F_AVG1_ADC8192;877;21.954598;5617;1972;25.37;2062;31;31;1;100;411;8192;50;0;confirmada;2026-06-02T13:01:19.704
BLOQUE_16CFG_SIN_CROTAL_20260602_130033_CFG001_CONFIG_01_-_B1F_AVG1_ADC8192;SIN_CROTAL;BLOQUE_16CFG_SIN_CROTAL_20260602_130033_CFG001_CONFIG_01_-_B1F_AVG1_ADC8192;configurations;toma con tabla personalizada de configuraciones;CONFIG 01 - B1F_AVG1_ADC8192;878;21.974446;5610;1976;24.41;2024;31;31;1;100;411;8192;50;0;confirmada;2026-06-02T13:01:19.704
BLOQUE_16CFG_SIN_CROTAL_20260602_130033_CFG001_CONFIG_01_-_B1F_AVG1_ADC8192;SIN_CROTAL;BLOQUE_16CFG_SIN_CROTAL_20260602_130033_CFG001_CONFIG_01_-_B1F_AVG1_ADC8192;configurations;toma con tabla personalizada de configuraciones;CONFIG 01 - B1F_AVG1_ADC8192;879;22.004706;5614;1977;25.14;2053;31;31;1;100;411;8192;50;0;confirmada;2026-06-02T13:01:19.704
BLOQUE_16CFG_SIN_CROTAL_20260602_130033_CFG001_CONFIG_01_-_B1F_AVG1_ADC8192;SIN_CROTAL;BLOQUE_16CFG_SIN_CROTAL_20260602_130033_CFG001_CONFIG_01_-_B1F_AVG1_ADC8192;configurations;toma con tabla personalizada de configuraciones;CONFIG 01 - B1F_AVG1_ADC8192;880;22.024704;5613;1978;24.51;2028;31;31;1;100;411;8192;50;0;confirmada;2026-06-02T13:01:19.704
BLOQUE_16CFG_SIN_CROTAL_20260602_130033_CFG001_CONFIG_01_-_B1F_AVG1_ADC8192;SIN_CROTAL;BLOQUE_16CFG_SIN_CROTAL_20260602_130033_CFG001_CONFIG_01_-_B1F_AVG1_ADC8192;configurations;toma con tabla personalizada de configuraciones;CONFIG 01 - B1F_AVG1_ADC8192;881;22.054897;5612;1968;25.57;2070;31;31;1;100;411;8192;50;0;confirmada;2026-06-02T13:01:19.704
BLOQUE_16CFG_SIN_CROTAL_20260602_130033_CFG001_CONFIG_01_-_B1F_AVG1_ADC8192;SIN_CROTAL;BLOQUE_16CFG_SIN_CROTAL_20260602_130033_CFG001_CONFIG_01_-_B1F_AVG1_ADC8192;configurations;toma con tabla personalizada de configuraciones;CONFIG 01 - B1F_AVG1_ADC8192;882;22.075033;5616;1978;25.22;2056;31;31;1;100;411;8192;50;0;confirmada;2026-06-02T13:01:19.704
BLOQUE_16CFG_SIN_CROTAL_20260602_130033_CFG001_CONFIG_01_-_B1F_AVG1_ADC8192;SIN_CROTAL;BLOQUE_16CFG_SIN_CROTAL_20260602_130033_CFG001_CONFIG_01_-_B1F_AVG1_ADC8192;configurations;toma con tabla personalizada de configuraciones;CONFIG 01 - B1F_AVG1_ADC8192;883;22.105131;5614;1970;25.37;2062;31;31;1;100;411;8192;50;0;confirmada;2026-06-02T13:01:19.704
BLOQUE_16CFG_SIN_CROTAL_20260602_130033_CFG001_CONFIG_01_-_B1F_AVG1_ADC8192;SIN_CROTAL;BLOQUE_16CFG_SIN_CROTAL_20260602_130033_CFG001_CONFIG_01_-_B1F_AVG1_ADC8192;configurations;toma con tabla personalizada de configuraciones;CONFIG 01 - B1F_AVG1_ADC8192;884;22.125105;5607;1955;25.34;2061;31;31;1;100;411;8192;50;0;confirmada;2026-06-02T13:01:19.704
BLOQUE_16CFG_SIN_CROTAL_20260602_130033_CFG001_CONFIG_01_-_B1F_AVG1_ADC8192;SIN_CROTAL;BLOQUE_16CFG_SIN_CROTAL_20260602_130033_CFG001_CONFIG_01_-_B1F_AVG1_ADC8192;configurations;toma con tabla personalizada de configuraciones;CONFIG 01 - B1F_AVG1_ADC8192;885;22.155074;5622;1975;25.09;2051;31;31;1;100;411;8192;50;0;confirmada;2026-06-02T13:01:19.704
BLOQUE_16CFG_SIN_CROTAL_20260602_130033_CFG001_CONFIG_01_-_B1F_AVG1_ADC8192;SIN_CROTAL;BLOQUE_16CFG_SIN_CROTAL_20260602_130033_CFG001_CONFIG_01_-_B1F_AVG1_ADC8192;configurations;toma con tabla personalizada de configuraciones;CONFIG 01 - B1F_AVG1_ADC8192;886;22.175111;5624;1971;25.01;2048;31;31;1;100;411;8192;50;0;confirmada;2026-06-02T13:01:19.704
BLOQUE_16CFG_SIN_CROTAL_20260602_130033_CFG001_CONFIG_01_-_B1F_AVG1_ADC8192;SIN_CROTAL;BLOQUE_16CFG_SIN_CROTAL_20260602_130033_CFG001_CONFIG_01_-_B1F_AVG1_ADC8192;configurations;toma con tabla personalizada de configuraciones;CONFIG 01 - B1F_AVG1_ADC8192;887;22.205212;5615;1968;25.27;2058;31;31;1;100;411;8192;50;0;confirmada;2026-06-02T13:01:19.704
BLOQUE_16CFG_SIN_CROTAL_20260602_130033_CFG001_CONFIG_01_-_B1F_AVG1_ADC8192;SIN_CROTAL;BLOQUE_16CFG_SIN_CROTAL_20260602_130033_CFG001_CONFIG_01_-_B1F_AVG1_ADC8192;configurations;toma con tabla personalizada de configuraciones;CONFIG 01 - B1F_AVG1_ADC8192;888;22.225016;5620;1964;24.53;2029;31;31;1;100;411;8192;50;0;confirmada;2026-06-02T13:01:19.704
BLOQUE_16CFG_SIN_CROTAL_20260602_130033_CFG001_CONFIG_01_-_B1F_AVG1_ADC8192;SIN_CROTAL;BLOQUE_16CFG_SIN_CROTAL_20260602_130033_CFG001_CONFIG_01_-_B1F_AVG1_ADC8192;configurations;toma con tabla personalizada de configuraciones;CONFIG 01 - B1F_AVG1_ADC8192;889;22.255434;5619;1967;24.79;2039;31;31;1;100;411;8192;50;0;confirmada;2026-06-02T13:01:19.705
BLOQUE_16CFG_SIN_CROTAL_20260602_130033_CFG001_CONFIG_01_-_B1F_AVG1_ADC8192;SIN_CROTAL;BLOQUE_16CFG_SIN_CROTAL_20260602_130033_CFG001_CONFIG_01_-_B1F_AVG1_ADC8192;configurations;toma con tabla personalizada de configuraciones;CONFIG 01 - B1F_AVG1_ADC8192;890;22.275419;5616;1981;25.22;2056;31;31;1;100;411;8192;50;0;confirmada;2026-06-02T13:01:19.705
BLOQUE_16CFG_SIN_CROTAL_20260602_130033_CFG001_CONFIG_01_-_B1F_AVG1_ADC8192;SIN_CROTAL;BLOQUE_16CFG_SIN_CROTAL_20260602_130033_CFG001_CONFIG_01_-_B1F_AVG1_ADC8192;configurations;toma con tabla personalizada de configuraciones;CONFIG 01 - B1F_AVG1_ADC8192;891;22.305539;5619;1971;25.11;2052;31;31;1;100;411;8192;50;0;confirmada;2026-06-02T13:01:19.705
BLOQUE_16CFG_SIN_CROTAL_20260602_130033_CFG001_CONFIG_01_-_B1F_AVG1_ADC8192;SIN_CROTAL;BLOQUE_16CFG_SIN_CROTAL_20260602_130033_CFG001_CONFIG_01_-_B1F_AVG1_ADC8192;configurations;toma con tabla personalizada de configuraciones;CONFIG 01 - B1F_AVG1_ADC8192;892;22.326036;5616;1966;24.71;2036;31;31;1;100;411;8192;50;0;confirmada;2026-06-02T13:01:19.705
BLOQUE_16CFG_SIN_CROTAL_20260602_130033_CFG001_CONFIG_01_-_B1F_AVG1_ADC8192;SIN_CROTAL;BLOQUE_16CFG_SIN_CROTAL_20260602_130033_CFG001_CONFIG_01_-_B1F_AVG1_ADC8192;configurations;toma con tabla personalizada de configuraciones;CONFIG 01 - B1F_AVG1_ADC8192;893;22.355692;5609;1967;24.89;2043;31;31;1;100;411;8192;50;0;confirmada;2026-06-02T13:01:19.705
BLOQUE_16CFG_SIN_CROTAL_20260602_130033_CFG001_CONFIG_01_-_B1F_AVG1_ADC8192;SIN_CROTAL;BLOQUE_16CFG_SIN_CROTAL_20260602_130033_CFG001_CONFIG_01_-_B1F_AVG1_ADC8192;configurations;toma con tabla personalizada de configuraciones;CONFIG 01 - B1F_AVG1_ADC8192;894;22.375201;5604;1966;25.01;2048;31;31;1;100;411;8192;50;0;confirmada;2026-06-02T13:01:19.705
BLOQUE_16CFG_SIN_CROTAL_20260602_130033_CFG001_CONFIG_01_-_B1F_AVG1_ADC8192;SIN_CROTAL;BLOQUE_16CFG_SIN_CROTAL_20260602_130033_CFG001_CONFIG_01_-_B1F_AVG1_ADC8192;configurations;toma con tabla personalizada de configuraciones;CONFIG 01 - B1F_AVG1_ADC8192;895;22.405716;5619;1977;25.22;2056;31;31;1;100;411;8192;50;0;confirmada;2026-06-02T13:01:19.705
BLOQUE_16CFG_SIN_CROTAL_20260602_130033_CFG001_CONFIG_01_-_B1F_AVG1_ADC8192;SIN_CROTAL;BLOQUE_16CFG_SIN_CROTAL_20260602_130033_CFG001_CONFIG_01_-_B1F_AVG1_ADC8192;configurations;toma con tabla personalizada de configuraciones;CONFIG 01 - B1F_AVG1_ADC8192;896;22.425688;5607;1973;25.24;2057;31;31;1;100;411;8192;50;0;confirmada;2026-06-02T13:01:19.705
BLOQUE_16CFG_SIN_CROTAL_20260602_130033_CFG001_CONFIG_01_-_B1F_AVG1_ADC8192;SIN_CROTAL;BLOQUE_16CFG_SIN_CROTAL_20260602_130033_CFG001_CONFIG_01_-_B1F_AVG1_ADC8192;configurations;toma con tabla personalizada de configuraciones;CONFIG 01 - B1F_AVG1_ADC8192;897;22.455833;5622;1976;24.84;2041;31;31;1;100;411;8192;50;0;confirmada;2026-06-02T13:01:19.705
BLOQUE_16CFG_SIN_CROTAL_20260602_130033_CFG001_CONFIG_01_-_B1F_AVG1_ADC8192;SIN_CROTAL;BLOQUE_16CFG_SIN_CROTAL_20260602_130033_CFG001_CONFIG_01_-_B1F_AVG1_ADC8192;configurations;toma con tabla personalizada de configuraciones;CONFIG 01 - B1F_AVG1_ADC8192;898;22.476560;5609;1962;24.91;2044;31;31;1;100;411;8192;50;0;confirmada;2026-06-02T13:01:19.705
BLOQUE_16CFG_SIN_CROTAL_20260602_130033_CFG001_CONFIG_01_-_B1F_AVG1_ADC8192;SIN_CROTAL;BLOQUE_16CFG_SIN_CROTAL_20260602_130033_CFG001_CONFIG_01_-_B1F_AVG1_ADC8192;configurations;toma con tabla personalizada de configuraciones;CONFIG 01 - B1F_AVG1_ADC8192;899;22.506080;5619;1971;25.04;2049;31;31;1;100;411;8192;50;0;confirmada;2026-06-02T13:01:19.705
BLOQUE_16CFG_SIN_CROTAL_20260602_130033_CFG001_CONFIG_01_-_B1F_AVG1_ADC8192;SIN_CROTAL;BLOQUE_16CFG_SIN_CROTAL_20260602_130033_CFG001_CONFIG_01_-_B1F_AVG1_ADC8192;configurations;toma con tabla personalizada de configuraciones;CONFIG 01 - B1F_AVG1_ADC8192;900;22.525689;5616;1964;25.32;2060;31;31;1;100;411;8192;50;0;confirmada;2026-06-02T13:01:19.705
BLOQUE_16CFG_SIN_CROTAL_20260602_130033_CFG001_CONFIG_01_-_B1F_AVG1_ADC8192;SIN_CROTAL;BLOQUE_16CFG_SIN_CROTAL_20260602_130033_CFG001_CONFIG_01_-_B1F_AVG1_ADC8192;configurations;toma con tabla personalizada de configuraciones;CONFIG 01 - B1F_AVG1_ADC8192;901;22.556137;5613;1976;24.94;2045;31;31;1;100;411;8192;50;0;confirmada;2026-06-02T13:01:19.705
BLOQUE_16CFG_SIN_CROTAL_20260602_130033_CFG001_CONFIG_01_-_B1F_AVG1_ADC8192;SIN_CROTAL;BLOQUE_16CFG_SIN_CROTAL_20260602_130033_CFG001_CONFIG_01_-_B1F_AVG1_ADC8192;configurations;toma con tabla personalizada de configuraciones;CONFIG 01 - B1F_AVG1_ADC8192;902;22.576420;5614;1970;24.94;2045;31;31;1;100;411;8192;50;0;confirmada;2026-06-02T13:01:19.705
BLOQUE_16CFG_SIN_CROTAL_20260602_130033_CFG001_CONFIG_01_-_B1F_AVG1_ADC8192;SIN_CROTAL;BLOQUE_16CFG_SIN_CROTAL_20260602_130033_CFG001_CONFIG_01_-_B1F_AVG1_ADC8192;configurations;toma con tabla personalizada de configuraciones;CONFIG 01 - B1F_AVG1_ADC8192;903;22.606455;5619;1969;25.09;2051;31;31;1;100;411;8192;50;0;confirmada;2026-06-02T13:01:19.705
BLOQUE_16CFG_SIN_CROTAL_20260602_130033_CFG001_CONFIG_01_-_B1F_AVG1_ADC8192;SIN_CROTAL;BLOQUE_16CFG_SIN_CROTAL_20260602_130033_CFG001_CONFIG_01_-_B1F_AVG1_ADC8192;configurations;toma con tabla personalizada de configuraciones;CONFIG 01 - B1F_AVG1_ADC8192;904;22.626226;5618;1971;24.91;2044;31;31;1;100;411;8192;50;0;confirmada;2026-06-02T13:01:19.705
BLOQUE_16CFG_SIN_CROTAL_20260602_130033_CFG001_CONFIG_01_-_B1F_AVG1_ADC8192;SIN_CROTAL;BLOQUE_16CFG_SIN_CROTAL_20260602_130033_CFG001_CONFIG_01_-_B1F_AVG1_ADC8192;configurations;toma con tabla personalizada de configuraciones;CONFIG 01 - B1F_AVG1_ADC8192;905;22.656483;5611;1971;24.51;2028;31;31;1;100;411;8192;50;0;confirmada;2026-06-02T13:01:19.705
BLOQUE_16CFG_SIN_CROTAL_20260602_130033_CFG001_CONFIG_01_-_B1F_AVG1_ADC8192;SIN_CROTAL;BLOQUE_16CFG_SIN_CROTAL_20260602_130033_CFG001_CONFIG_01_-_B1F_AVG1_ADC8192;configurations;toma con tabla personalizada de configuraciones;CONFIG 01 - B1F_AVG1_ADC8192;906;22.676422;5617;1975;24.86;2042;31;31;1;100;411;8192;50;0;confirmada;2026-06-02T13:01:19.705
BLOQUE_16CFG_SIN_CROTAL_20260602_130033_CFG001_CONFIG_01_-_B1F_AVG1_ADC8192;SIN_CROTAL;BLOQUE_16CFG_SIN_CROTAL_20260602_130033_CFG001_CONFIG_01_-_B1F_AVG1_ADC8192;configurations;toma con tabla personalizada de configuraciones;CONFIG 01 - B1F_AVG1_ADC8192;907;22.706634;5615;1975;25.16;2054;31;31;1;100;411;8192;50;0;confirmada;2026-06-02T13:01:19.705
BLOQUE_16CFG_SIN_CROTAL_20260602_130033_CFG001_CONFIG_01_-_B1F_AVG1_ADC8192;SIN_CROTAL;BLOQUE_16CFG_SIN_CROTAL_20260602_130033_CFG001_CONFIG_01_-_B1F_AVG1_ADC8192;configurations;toma con tabla personalizada de configuraciones;CONFIG 01 - B1F_AVG1_ADC8192;908;22.727048;5615;1961;25.75;2077;31;31;1;100;411;8192;50;0;confirmada;2026-06-02T13:01:19.705
BLOQUE_16CFG_SIN_CROTAL_20260602_130033_CFG001_CONFIG_01_-_B1F_AVG1_ADC8192;SIN_CROTAL;BLOQUE_16CFG_SIN_CROTAL_20260602_130033_CFG001_CONFIG_01_-_B1F_AVG1_ADC8192;configurations;toma con tabla personalizada de configuraciones;CONFIG 01 - B1F_AVG1_ADC8192;909;22.756754;5612;1973;24.56;2030;31;31;1;100;411;8192;50;0;confirmada;2026-06-02T13:01:19.705
BLOQUE_16CFG_SIN_CROTAL_20260602_130033_CFG001_CONFIG_01_-_B1F_AVG1_ADC8192;SIN_CROTAL;BLOQUE_16CFG_SIN_CROTAL_20260602_130033_CFG001_CONFIG_01_-_B1F_AVG1_ADC8192;configurations;toma con tabla personalizada de configuraciones;CONFIG 01 - B1F_AVG1_ADC8192;910;22.776911;5619;1970;25.04;2049;31;31;1;100;411;8192;50;0;confirmada;2026-06-02T13:01:19.705
BLOQUE_16CFG_SIN_CROTAL_20260602_130033_CFG001_CONFIG_01_-_B1F_AVG1_ADC8192;SIN_CROTAL;BLOQUE_16CFG_SIN_CROTAL_20260602_130033_CFG001_CONFIG_01_-_B1F_AVG1_ADC8192;configurations;toma con tabla personalizada de configuraciones;CONFIG 01 - B1F_AVG1_ADC8192;911;22.806862;5618;1977;24.76;2038;31;31;1;100;411;8192;50;0;confirmada;2026-06-02T13:01:19.705
BLOQUE_16CFG_SIN_CROTAL_20260602_130033_CFG001_CONFIG_01_-_B1F_AVG1_ADC8192;SIN_CROTAL;BLOQUE_16CFG_SIN_CROTAL_20260602_130033_CFG001_CONFIG_01_-_B1F_AVG1_ADC8192;configurations;toma con tabla personalizada de configuraciones;CONFIG 01 - B1F_AVG1_ADC8192;912;22.826671;5618;1969;25.24;2057;31;31;1;100;411;8192;50;0;confirmada;2026-06-02T13:01:19.705
BLOQUE_16CFG_SIN_CROTAL_20260602_130033_CFG001_CONFIG_01_-_B1F_AVG1_ADC8192;SIN_CROTAL;BLOQUE_16CFG_SIN_CROTAL_20260602_130033_CFG001_CONFIG_01_-_B1F_AVG1_ADC8192;configurations;toma con tabla personalizada de configuraciones;CONFIG 01 - B1F_AVG1_ADC8192;913;22.857038;5618;1982;24.91;2044;31;31;1;100;411;8192;50;0;confirmada;2026-06-02T13:01:19.705
BLOQUE_16CFG_SIN_CROTAL_20260602_130033_CFG001_CONFIG_01_-_B1F_AVG1_ADC8192;SIN_CROTAL;BLOQUE_16CFG_SIN_CROTAL_20260602_130033_CFG001_CONFIG_01_-_B1F_AVG1_ADC8192;configurations;toma con tabla personalizada de configuraciones;CONFIG 01 - B1F_AVG1_ADC8192;914;22.876652;5610;1971;25.19;2055;31;31;1;100;411;8192;50;0;confirmada;2026-06-02T13:01:19.705
BLOQUE_16CFG_SIN_CROTAL_20260602_130033_CFG001_CONFIG_01_-_B1F_AVG1_ADC8192;SIN_CROTAL;BLOQUE_16CFG_SIN_CROTAL_20260602_130033_CFG001_CONFIG_01_-_B1F_AVG1_ADC8192;configurations;toma con tabla personalizada de configuraciones;CONFIG 01 - B1F_AVG1_ADC8192;915;22.907096;5618;1972;25.16;2054;31;31;1;100;411;8192;50;0;confirmada;2026-06-02T13:01:19.705
BLOQUE_16CFG_SIN_CROTAL_20260602_130033_CFG001_CONFIG_01_-_B1F_AVG1_ADC8192;SIN_CROTAL;BLOQUE_16CFG_SIN_CROTAL_20260602_130033_CFG001_CONFIG_01_-_B1F_AVG1_ADC8192;configurations;toma con tabla personalizada de configuraciones;CONFIG 01 - B1F_AVG1_ADC8192;916;22.927167;5609;1982;24.28;2019;31;31;1;100;411;8192;50;0;confirmada;2026-06-02T13:01:19.705
BLOQUE_16CFG_SIN_CROTAL_20260602_130033_CFG001_CONFIG_01_-_B1F_AVG1_ADC8192;SIN_CROTAL;BLOQUE_16CFG_SIN_CROTAL_20260602_130033_CFG001_CONFIG_01_-_B1F_AVG1_ADC8192;configurations;toma con tabla personalizada de configuraciones;CONFIG 01 - B1F_AVG1_ADC8192;917;22.957375;5612;1962;25.11;2052;31;31;1;100;411;8192;50;0;confirmada;2026-06-02T13:01:19.705
BLOQUE_16CFG_SIN_CROTAL_20260602_130033_CFG001_CONFIG_01_-_B1F_AVG1_ADC8192;SIN_CROTAL;BLOQUE_16CFG_SIN_CROTAL_20260602_130033_CFG001_CONFIG_01_-_B1F_AVG1_ADC8192;configurations;toma con tabla personalizada de configuraciones;CONFIG 01 - B1F_AVG1_ADC8192;918;22.977587;5624;1957;22.43;1945;31;31;1;100;411;8192;50;0;confirmada;2026-06-02T13:01:19.705
BLOQUE_16CFG_SIN_CROTAL_20260602_130033_CFG001_CONFIG_01_-_B1F_AVG1_ADC8192;SIN_CROTAL;BLOQUE_16CFG_SIN_CROTAL_20260602_130033_CFG001_CONFIG_01_-_B1F_AVG1_ADC8192;configurations;toma con tabla personalizada de configuraciones;CONFIG 01 - B1F_AVG1_ADC8192;919;23.007412;5618;1977;24.71;2036;31;31;1;100;411;8192;50;0;confirmada;2026-06-02T13:01:19.705
BLOQUE_16CFG_SIN_CROTAL_20260602_130033_CFG001_CONFIG_01_-_B1F_AVG1_ADC8192;SIN_CROTAL;BLOQUE_16CFG_SIN_CROTAL_20260602_130033_CFG001_CONFIG_01_-_B1F_AVG1_ADC8192;configurations;toma con tabla personalizada de configuraciones;CONFIG 01 - B1F_AVG1_ADC8192;920;23.027861;5616;1960;24.73;2037;31;31;1;100;411;8192;50;0;confirmada;2026-06-02T13:01:19.705
BLOQUE_16CFG_SIN_CROTAL_20260602_130033_CFG001_CONFIG_01_-_B1F_AVG1_ADC8192;SIN_CROTAL;BLOQUE_16CFG_SIN_CROTAL_20260602_130033_CFG001_CONFIG_01_-_B1F_AVG1_ADC8192;configurations;toma con tabla personalizada de configuraciones;CONFIG 01 - B1F_AVG1_ADC8192;921;23.057552;5624;1969;24.31;2020;31;31;1;100;411;8192;50;0;confirmada;2026-06-02T13:01:19.705
BLOQUE_16CFG_SIN_CROTAL_20260602_130033_CFG001_CONFIG_01_-_B1F_AVG1_ADC8192;SIN_CROTAL;BLOQUE_16CFG_SIN_CROTAL_20260602_130033_CFG001_CONFIG_01_-_B1F_AVG1_ADC8192;configurations;toma con tabla personalizada de configuraciones;CONFIG 01 - B1F_AVG1_ADC8192;922;23.077682;5621;1973;24.94;2045;31;31;1;100;411;8192;50;0;confirmada;2026-06-02T13:01:19.705
BLOQUE_16CFG_SIN_CROTAL_20260602_130033_CFG001_CONFIG_01_-_B1F_AVG1_ADC8192;SIN_CROTAL;BLOQUE_16CFG_SIN_CROTAL_20260602_130033_CFG001_CONFIG_01_-_B1F_AVG1_ADC8192;configurations;toma con tabla personalizada de configuraciones;CONFIG 01 - B1F_AVG1_ADC8192;923;23.107692;5618;1980;24.91;2044;31;31;1;100;411;8192;50;0;confirmada;2026-06-02T13:01:19.705
BLOQUE_16CFG_SIN_CROTAL_20260602_130033_CFG001_CONFIG_01_-_B1F_AVG1_ADC8192;SIN_CROTAL;BLOQUE_16CFG_SIN_CROTAL_20260602_130033_CFG001_CONFIG_01_-_B1F_AVG1_ADC8192;configurations;toma con tabla personalizada de configuraciones;CONFIG 01 - B1F_AVG1_ADC8192;924;23.128284;5619;1966;25.01;2048;31;31;1;100;411;8192;50;0;confirmada;2026-06-02T13:01:19.705
BLOQUE_16CFG_SIN_CROTAL_20260602_130033_CFG001_CONFIG_01_-_B1F_AVG1_ADC8192;SIN_CROTAL;BLOQUE_16CFG_SIN_CROTAL_20260602_130033_CFG001_CONFIG_01_-_B1F_AVG1_ADC8192;configurations;toma con tabla personalizada de configuraciones;CONFIG 01 - B1F_AVG1_ADC8192;925;23.157849;5614;1976;25.16;2054;31;31;1;100;411;8192;50;0;confirmada;2026-06-02T13:01:19.705
BLOQUE_16CFG_SIN_CROTAL_20260602_130033_CFG001_CONFIG_01_-_B1F_AVG1_ADC8192;SIN_CROTAL;BLOQUE_16CFG_SIN_CROTAL_20260602_130033_CFG001_CONFIG_01_-_B1F_AVG1_ADC8192;configurations;toma con tabla personalizada de configuraciones;CONFIG 01 - B1F_AVG1_ADC8192;926;23.177805;5620;1970;24.89;2043;31;31;1;100;411;8192;50;0;confirmada;2026-06-02T13:01:19.705
BLOQUE_16CFG_SIN_CROTAL_20260602_130033_CFG001_CONFIG_01_-_B1F_AVG1_ADC8192;SIN_CROTAL;BLOQUE_16CFG_SIN_CROTAL_20260602_130033_CFG001_CONFIG_01_-_B1F_AVG1_ADC8192;configurations;toma con tabla personalizada de configuraciones;CONFIG 01 - B1F_AVG1_ADC8192;927;23.207961;5608;1972;25.04;2049;31;31;1;100;411;8192;50;0;confirmada;2026-06-02T13:01:19.705
BLOQUE_16CFG_SIN_CROTAL_20260602_130033_CFG001_CONFIG_01_-_B1F_AVG1_ADC8192;SIN_CROTAL;BLOQUE_16CFG_SIN_CROTAL_20260602_130033_CFG001_CONFIG_01_-_B1F_AVG1_ADC8192;configurations;toma con tabla personalizada de configuraciones;CONFIG 01 - B1F_AVG1_ADC8192;928;23.228374;5627;1968;24.84;2041;31;31;1;100;411;8192;50;0;confirmada;2026-06-02T13:01:19.705
BLOQUE_16CFG_SIN_CROTAL_20260602_130033_CFG001_CONFIG_01_-_B1F_AVG1_ADC8192;SIN_CROTAL;BLOQUE_16CFG_SIN_CROTAL_20260602_130033_CFG001_CONFIG_01_-_B1F_AVG1_ADC8192;configurations;toma con tabla personalizada de configuraciones;CONFIG 01 - B1F_AVG1_ADC8192;929;23.257993;5618;1972;24.86;2042;31;31;1;100;411;8192;50;0;confirmada;2026-06-02T13:01:19.705
BLOQUE_16CFG_SIN_CROTAL_20260602_130033_CFG001_CONFIG_01_-_B1F_AVG1_ADC8192;SIN_CROTAL;BLOQUE_16CFG_SIN_CROTAL_20260602_130033_CFG001_CONFIG_01_-_B1F_AVG1_ADC8192;configurations;toma con tabla personalizada de configuraciones;CONFIG 01 - B1F_AVG1_ADC8192;930;23.278108;5618;1977;25.16;2054;31;31;1;100;411;8192;50;0;confirmada;2026-06-02T13:01:19.705
BLOQUE_16CFG_SIN_CROTAL_20260602_130033_CFG001_CONFIG_01_-_B1F_AVG1_ADC8192;SIN_CROTAL;BLOQUE_16CFG_SIN_CROTAL_20260602_130033_CFG001_CONFIG_01_-_B1F_AVG1_ADC8192;configurations;toma con tabla personalizada de configuraciones;CONFIG 01 - B1F_AVG1_ADC8192;931;23.308137;5623;1982;24.99;2047;31;31;1;100;411;8192;50;0;confirmada;2026-06-02T13:01:19.705
BLOQUE_16CFG_SIN_CROTAL_20260602_130033_CFG001_CONFIG_01_-_B1F_AVG1_ADC8192;SIN_CROTAL;BLOQUE_16CFG_SIN_CROTAL_20260602_130033_CFG001_CONFIG_01_-_B1F_AVG1_ADC8192;configurations;toma con tabla personalizada de configuraciones;CONFIG 01 - B1F_AVG1_ADC8192;932;23.328815;5617;1961;25.34;2061;31;31;1;100;411;8192;50;0;confirmada;2026-06-02T13:01:19.705
BLOQUE_16CFG_SIN_CROTAL_20260602_130033_CFG001_CONFIG_01_-_B1F_AVG1_ADC8192;SIN_CROTAL;BLOQUE_16CFG_SIN_CROTAL_20260602_130033_CFG001_CONFIG_01_-_B1F_AVG1_ADC8192;configurations;toma con tabla personalizada de configuraciones;CONFIG 01 - B1F_AVG1_ADC8192;933;23.358257;5611;1979;25.27;2058;31;31;1;100;411;8192;50;0;confirmada;2026-06-02T13:01:19.705
BLOQUE_16CFG_SIN_CROTAL_20260602_130033_CFG001_CONFIG_01_-_B1F_AVG1_ADC8192;SIN_CROTAL;BLOQUE_16CFG_SIN_CROTAL_20260602_130033_CFG001_CONFIG_01_-_B1F_AVG1_ADC8192;configurations;toma con tabla personalizada de configuraciones;CONFIG 01 - B1F_AVG1_ADC8192;934;23.378249;5619;1980;24.61;2032;31;31;1;100;411;8192;50;0;confirmada;2026-06-02T13:01:19.705
BLOQUE_16CFG_SIN_CROTAL_20260602_130033_CFG001_CONFIG_01_-_B1F_AVG1_ADC8192;SIN_CROTAL;BLOQUE_16CFG_SIN_CROTAL_20260602_130033_CFG001_CONFIG_01_-_B1F_AVG1_ADC8192;configurations;toma con tabla personalizada de configuraciones;CONFIG 01 - B1F_AVG1_ADC8192;935;23.408447;5621;1979;24.99;2047;31;31;1;100;411;8192;50;0;confirmada;2026-06-02T13:01:19.705
BLOQUE_16CFG_SIN_CROTAL_20260602_130033_CFG001_CONFIG_01_-_B1F_AVG1_ADC8192;SIN_CROTAL;BLOQUE_16CFG_SIN_CROTAL_20260602_130033_CFG001_CONFIG_01_-_B1F_AVG1_ADC8192;configurations;toma con tabla personalizada de configuraciones;CONFIG 01 - B1F_AVG1_ADC8192;936;23.428370;5615;1970;24.33;2021;31;31;1;100;411;8192;50;0;confirmada;2026-06-02T13:01:19.705
BLOQUE_16CFG_SIN_CROTAL_20260602_130033_CFG001_CONFIG_01_-_B1F_AVG1_ADC8192;SIN_CROTAL;BLOQUE_16CFG_SIN_CROTAL_20260602_130033_CFG001_CONFIG_01_-_B1F_AVG1_ADC8192;configurations;toma con tabla personalizada de configuraciones;CONFIG 01 - B1F_AVG1_ADC8192;937;23.458713;5622;1969;25.29;2059;31;31;1;100;411;8192;50;0;confirmada;2026-06-02T13:01:19.705
BLOQUE_16CFG_SIN_CROTAL_20260602_130033_CFG001_CONFIG_01_-_B1F_AVG1_ADC8192;SIN_CROTAL;BLOQUE_16CFG_SIN_CROTAL_20260602_130033_CFG001_CONFIG_01_-_B1F_AVG1_ADC8192;configurations;toma con tabla personalizada de configuraciones;CONFIG 01 - B1F_AVG1_ADC8192;938;23.478537;5622;1971;25.37;2062;31;31;1;100;411;8192;50;0;confirmada;2026-06-02T13:01:19.705
BLOQUE_16CFG_SIN_CROTAL_20260602_130033_CFG001_CONFIG_01_-_B1F_AVG1_ADC8192;SIN_CROTAL;BLOQUE_16CFG_SIN_CROTAL_20260602_130033_CFG001_CONFIG_01_-_B1F_AVG1_ADC8192;configurations;toma con tabla personalizada de configuraciones;CONFIG 01 - B1F_AVG1_ADC8192;939;23.508714;5614;1972;25.70;2075;31;31;1;100;411;8192;50;0;confirmada;2026-06-02T13:01:19.705
BLOQUE_16CFG_SIN_CROTAL_20260602_130033_CFG001_CONFIG_01_-_B1F_AVG1_ADC8192;SIN_CROTAL;BLOQUE_16CFG_SIN_CROTAL_20260602_130033_CFG001_CONFIG_01_-_B1F_AVG1_ADC8192;configurations;toma con tabla personalizada de configuraciones;CONFIG 01 - B1F_AVG1_ADC8192;940;23.529320;5624;1972;24.91;2044;31;31;1;100;411;8192;50;0;confirmada;2026-06-02T13:01:19.705
BLOQUE_16CFG_SIN_CROTAL_20260602_130033_CFG001_CONFIG_01_-_B1F_AVG1_ADC8192;SIN_CROTAL;BLOQUE_16CFG_SIN_CROTAL_20260602_130033_CFG001_CONFIG_01_-_B1F_AVG1_ADC8192;configurations;toma con tabla personalizada de configuraciones;CONFIG 01 - B1F_AVG1_ADC8192;941;23.558782;5618;1966;24.91;2044;31;31;1;100;411;8192;50;0;confirmada;2026-06-02T13:01:19.705
BLOQUE_16CFG_SIN_CROTAL_20260602_130033_CFG001_CONFIG_01_-_B1F_AVG1_ADC8192;SIN_CROTAL;BLOQUE_16CFG_SIN_CROTAL_20260602_130033_CFG001_CONFIG_01_-_B1F_AVG1_ADC8192;configurations;toma con tabla personalizada de configuraciones;CONFIG 01 - B1F_AVG1_ADC8192;942;23.578875;5617;1979;23.98;2007;31;31;1;100;411;8192;50;0;confirmada;2026-06-02T13:01:19.705
BLOQUE_16CFG_SIN_CROTAL_20260602_130033_CFG001_CONFIG_01_-_B1F_AVG1_ADC8192;SIN_CROTAL;BLOQUE_16CFG_SIN_CROTAL_20260602_130033_CFG001_CONFIG_01_-_B1F_AVG1_ADC8192;configurations;toma con tabla personalizada de configuraciones;CONFIG 01 - B1F_AVG1_ADC8192;943;23.608982;5622;1976;24.89;2043;31;31;1;100;411;8192;50;0;confirmada;2026-06-02T13:01:19.705
BLOQUE_16CFG_SIN_CROTAL_20260602_130033_CFG001_CONFIG_01_-_B1F_AVG1_ADC8192;SIN_CROTAL;BLOQUE_16CFG_SIN_CROTAL_20260602_130033_CFG001_CONFIG_01_-_B1F_AVG1_ADC8192;configurations;toma con tabla personalizada de configuraciones;CONFIG 01 - B1F_AVG1_ADC8192;944;23.628647;5614;1972;25.65;2073;31;31;1;100;411;8192;50;0;confirmada;2026-06-02T13:01:19.705
BLOQUE_16CFG_SIN_CROTAL_20260602_130033_CFG001_CONFIG_01_-_B1F_AVG1_ADC8192;SIN_CROTAL;BLOQUE_16CFG_SIN_CROTAL_20260602_130033_CFG001_CONFIG_01_-_B1F_AVG1_ADC8192;configurations;toma con tabla personalizada de configuraciones;CONFIG 01 - B1F_AVG1_ADC8192;945;23.659095;5624;1978;25.01;2048;31;31;1;100;411;8192;50;0;confirmada;2026-06-02T13:01:19.705
BLOQUE_16CFG_SIN_CROTAL_20260602_130033_CFG001_CONFIG_01_-_B1F_AVG1_ADC8192;SIN_CROTAL;BLOQUE_16CFG_SIN_CROTAL_20260602_130033_CFG001_CONFIG_01_-_B1F_AVG1_ADC8192;configurations;toma con tabla personalizada de configuraciones;CONFIG 01 - B1F_AVG1_ADC8192;946;23.679313;5615;1971;24.89;2043;31;31;1;100;411;8192;50;0;confirmada;2026-06-02T13:01:19.705
BLOQUE_16CFG_SIN_CROTAL_20260602_130033_CFG001_CONFIG_01_-_B1F_AVG1_ADC8192;SIN_CROTAL;BLOQUE_16CFG_SIN_CROTAL_20260602_130033_CFG001_CONFIG_01_-_B1F_AVG1_ADC8192;configurations;toma con tabla personalizada de configuraciones;CONFIG 01 - B1F_AVG1_ADC8192;947;23.709406;5612;1974;25.16;2054;31;31;1;100;411;8192;50;0;confirmada;2026-06-02T13:01:19.705
BLOQUE_16CFG_SIN_CROTAL_20260602_130033_CFG001_CONFIG_01_-_B1F_AVG1_ADC8192;SIN_CROTAL;BLOQUE_16CFG_SIN_CROTAL_20260602_130033_CFG001_CONFIG_01_-_B1F_AVG1_ADC8192;configurations;toma con tabla personalizada de configuraciones;CONFIG 01 - B1F_AVG1_ADC8192;948;23.729458;5621;1972;25.09;2051;31;31;1;100;411;8192;50;0;confirmada;2026-06-02T13:01:19.705
BLOQUE_16CFG_SIN_CROTAL_20260602_130033_CFG001_CONFIG_01_-_B1F_AVG1_ADC8192;SIN_CROTAL;BLOQUE_16CFG_SIN_CROTAL_20260602_130033_CFG001_CONFIG_01_-_B1F_AVG1_ADC8192;configurations;toma con tabla personalizada de configuraciones;CONFIG 01 - B1F_AVG1_ADC8192;949;23.759363;5617;1974;24.51;2028;31;31;1;100;411;8192;50;0;confirmada;2026-06-02T13:01:19.705
BLOQUE_16CFG_SIN_CROTAL_20260602_130033_CFG001_CONFIG_01_-_B1F_AVG1_ADC8192;SIN_CROTAL;BLOQUE_16CFG_SIN_CROTAL_20260602_130033_CFG001_CONFIG_01_-_B1F_AVG1_ADC8192;configurations;toma con tabla personalizada de configuraciones;CONFIG 01 - B1F_AVG1_ADC8192;950;23.779761;5626;1965;25.11;2052;31;31;1;100;411;8192;50;0;confirmada;2026-06-02T13:01:19.705
BLOQUE_16CFG_SIN_CROTAL_20260602_130033_CFG001_CONFIG_01_-_B1F_AVG1_ADC8192;SIN_CROTAL;BLOQUE_16CFG_SIN_CROTAL_20260602_130033_CFG001_CONFIG_01_-_B1F_AVG1_ADC8192;configurations;toma con tabla personalizada de configuraciones;CONFIG 01 - B1F_AVG1_ADC8192;951;23.809627;5621;1966;25.09;2051;31;31;1;100;411;8192;50;0;confirmada;2026-06-02T13:01:19.705
BLOQUE_16CFG_SIN_CROTAL_20260602_130033_CFG001_CONFIG_01_-_B1F_AVG1_ADC8192;SIN_CROTAL;BLOQUE_16CFG_SIN_CROTAL_20260602_130033_CFG001_CONFIG_01_-_B1F_AVG1_ADC8192;configurations;toma con tabla personalizada de configuraciones;CONFIG 01 - B1F_AVG1_ADC8192;952;23.829625;5616;1972;24.51;2028;31;31;1;100;411;8192;50;0;confirmada;2026-06-02T13:01:19.705
BLOQUE_16CFG_SIN_CROTAL_20260602_130033_CFG001_CONFIG_01_-_B1F_AVG1_ADC8192;SIN_CROTAL;BLOQUE_16CFG_SIN_CROTAL_20260602_130033_CFG001_CONFIG_01_-_B1F_AVG1_ADC8192;configurations;toma con tabla personalizada de configuraciones;CONFIG 01 - B1F_AVG1_ADC8192;953;23.859777;5618;1968;25.11;2052;31;31;1;100;411;8192;50;0;confirmada;2026-06-02T13:01:19.705
BLOQUE_16CFG_SIN_CROTAL_20260602_130033_CFG001_CONFIG_01_-_B1F_AVG1_ADC8192;SIN_CROTAL;BLOQUE_16CFG_SIN_CROTAL_20260602_130033_CFG001_CONFIG_01_-_B1F_AVG1_ADC8192;configurations;toma con tabla personalizada de configuraciones;CONFIG 01 - B1F_AVG1_ADC8192;954;23.879385;5618;1967;25.19;2055;31;31;1;100;411;8192;50;0;confirmada;2026-06-02T13:01:19.705
BLOQUE_16CFG_SIN_CROTAL_20260602_130033_CFG001_CONFIG_01_-_B1F_AVG1_ADC8192;SIN_CROTAL;BLOQUE_16CFG_SIN_CROTAL_20260602_130033_CFG001_CONFIG_01_-_B1F_AVG1_ADC8192;configurations;toma con tabla personalizada de configuraciones;CONFIG 01 - B1F_AVG1_ADC8192;955;23.909853;5618;1963;25.29;2059;31;31;1;100;411;8192;50;0;confirmada;2026-06-02T13:01:19.705
BLOQUE_16CFG_SIN_CROTAL_20260602_130033_CFG001_CONFIG_01_-_B1F_AVG1_ADC8192;SIN_CROTAL;BLOQUE_16CFG_SIN_CROTAL_20260602_130033_CFG001_CONFIG_01_-_B1F_AVG1_ADC8192;configurations;toma con tabla personalizada de configuraciones;CONFIG 01 - B1F_AVG1_ADC8192;956;23.929936;5615;1969;25.34;2061;31;31;1;100;411;8192;50;0;confirmada;2026-06-02T13:01:19.705
BLOQUE_16CFG_SIN_CROTAL_20260602_130033_CFG001_CONFIG_01_-_B1F_AVG1_ADC8192;SIN_CROTAL;BLOQUE_16CFG_SIN_CROTAL_20260602_130033_CFG001_CONFIG_01_-_B1F_AVG1_ADC8192;configurations;toma con tabla personalizada de configuraciones;CONFIG 01 - B1F_AVG1_ADC8192;957;23.959990;5618;1976;24.73;2037;31;31;1;100;411;8192;50;0;confirmada;2026-06-02T13:01:19.705
BLOQUE_16CFG_SIN_CROTAL_20260602_130033_CFG001_CONFIG_01_-_B1F_AVG1_ADC8192;SIN_CROTAL;BLOQUE_16CFG_SIN_CROTAL_20260602_130033_CFG001_CONFIG_01_-_B1F_AVG1_ADC8192;configurations;toma con tabla personalizada de configuraciones;CONFIG 01 - B1F_AVG1_ADC8192;958;23.979986;5617;1970;24.84;2041;31;31;1;100;411;8192;50;0;confirmada;2026-06-02T13:01:19.705
BLOQUE_16CFG_SIN_CROTAL_20260602_130033_CFG001_CONFIG_01_-_B1F_AVG1_ADC8192;SIN_CROTAL;BLOQUE_16CFG_SIN_CROTAL_20260602_130033_CFG001_CONFIG_01_-_B1F_AVG1_ADC8192;configurations;toma con tabla personalizada de configuraciones;CONFIG 01 - B1F_AVG1_ADC8192;959;24.010110;5616;1969;25.04;2049;31;31;1;100;411;8192;50;0;confirmada;2026-06-02T13:01:19.705
BLOQUE_16CFG_SIN_CROTAL_20260602_130033_CFG001_CONFIG_01_-_B1F_AVG1_ADC8192;SIN_CROTAL;BLOQUE_16CFG_SIN_CROTAL_20260602_130033_CFG001_CONFIG_01_-_B1F_AVG1_ADC8192;configurations;toma con tabla personalizada de configuraciones;CONFIG 01 - B1F_AVG1_ADC8192;960;24.029869;5615;1972;24.94;2045;31;31;1;100;411;8192;50;0;confirmada;2026-06-02T13:01:19.705
BLOQUE_16CFG_SIN_CROTAL_20260602_130033_CFG001_CONFIG_01_-_B1F_AVG1_ADC8192;SIN_CROTAL;BLOQUE_16CFG_SIN_CROTAL_20260602_130033_CFG001_CONFIG_01_-_B1F_AVG1_ADC8192;configurations;toma con tabla personalizada de configuraciones;CONFIG 01 - B1F_AVG1_ADC8192;961;24.060116;5622;1968;25.52;2068;31;31;1;100;411;8192;50;0;confirmada;2026-06-02T13:01:19.705
BLOQUE_16CFG_SIN_CROTAL_20260602_130033_CFG001_CONFIG_01_-_B1F_AVG1_ADC8192;SIN_CROTAL;BLOQUE_16CFG_SIN_CROTAL_20260602_130033_CFG001_CONFIG_01_-_B1F_AVG1_ADC8192;configurations;toma con tabla personalizada de configuraciones;CONFIG 01 - B1F_AVG1_ADC8192;962;24.079702;5612;1974;24.91;2044;31;31;1;100;411;8192;50;0;confirmada;2026-06-02T13:01:19.705
BLOQUE_16CFG_SIN_CROTAL_20260602_130033_CFG001_CONFIG_01_-_B1F_AVG1_ADC8192;SIN_CROTAL;BLOQUE_16CFG_SIN_CROTAL_20260602_130033_CFG001_CONFIG_01_-_B1F_AVG1_ADC8192;configurations;toma con tabla personalizada de configuraciones;CONFIG 01 - B1F_AVG1_ADC8192;963;24.110421;5618;1969;25.16;2054;31;31;1;100;411;8192;50;0;confirmada;2026-06-02T13:01:19.705
BLOQUE_16CFG_SIN_CROTAL_20260602_130033_CFG001_CONFIG_01_-_B1F_AVG1_ADC8192;SIN_CROTAL;BLOQUE_16CFG_SIN_CROTAL_20260602_130033_CFG001_CONFIG_01_-_B1F_AVG1_ADC8192;configurations;toma con tabla personalizada de configuraciones;CONFIG 01 - B1F_AVG1_ADC8192;964;24.130503;5602;1972;24.56;2030;31;31;1;100;411;8192;50;0;confirmada;2026-06-02T13:01:19.705
BLOQUE_16CFG_SIN_CROTAL_20260602_130033_CFG001_CONFIG_01_-_B1F_AVG1_ADC8192;SIN_CROTAL;BLOQUE_16CFG_SIN_CROTAL_20260602_130033_CFG001_CONFIG_01_-_B1F_AVG1_ADC8192;configurations;toma con tabla personalizada de configuraciones;CONFIG 01 - B1F_AVG1_ADC8192;965;24.160565;5624;1972;25.39;2063;31;31;1;100;411;8192;50;0;confirmada;2026-06-02T13:01:19.705
BLOQUE_16CFG_SIN_CROTAL_20260602_130033_CFG001_CONFIG_01_-_B1F_AVG1_ADC8192;SIN_CROTAL;BLOQUE_16CFG_SIN_CROTAL_20260602_130033_CFG001_CONFIG_01_-_B1F_AVG1_ADC8192;configurations;toma con tabla personalizada de configuraciones;CONFIG 01 - B1F_AVG1_ADC8192;966;24.180688;5619;1969;25.14;2053;31;31;1;100;411;8192;50;0;confirmada;2026-06-02T13:01:19.705
BLOQUE_16CFG_SIN_CROTAL_20260602_130033_CFG001_CONFIG_01_-_B1F_AVG1_ADC8192;SIN_CROTAL;BLOQUE_16CFG_SIN_CROTAL_20260602_130033_CFG001_CONFIG_01_-_B1F_AVG1_ADC8192;configurations;toma con tabla personalizada de configuraciones;CONFIG 01 - B1F_AVG1_ADC8192;967;24.210560;5621;1968;25.29;2059;31;31;1;100;411;8192;50;0;confirmada;2026-06-02T13:01:19.705
BLOQUE_16CFG_SIN_CROTAL_20260602_130033_CFG001_CONFIG_01_-_B1F_AVG1_ADC8192;SIN_CROTAL;BLOQUE_16CFG_SIN_CROTAL_20260602_130033_CFG001_CONFIG_01_-_B1F_AVG1_ADC8192;configurations;toma con tabla personalizada de configuraciones;CONFIG 01 - B1F_AVG1_ADC8192;968;24.230457;5609;1985;24.36;2022;31;31;1;100;411;8192;50;0;confirmada;2026-06-02T13:01:19.705
BLOQUE_16CFG_SIN_CROTAL_20260602_130033_CFG001_CONFIG_01_-_B1F_AVG1_ADC8192;SIN_CROTAL;BLOQUE_16CFG_SIN_CROTAL_20260602_130033_CFG001_CONFIG_01_-_B1F_AVG1_ADC8192;configurations;toma con tabla personalizada de configuraciones;CONFIG 01 - B1F_AVG1_ADC8192;969;24.260645;5619;1972;25.16;2054;31;31;1;100;411;8192;50;0;confirmada;2026-06-02T13:01:19.705
BLOQUE_16CFG_SIN_CROTAL_20260602_130033_CFG001_CONFIG_01_-_B1F_AVG1_ADC8192;SIN_CROTAL;BLOQUE_16CFG_SIN_CROTAL_20260602_130033_CFG001_CONFIG_01_-_B1F_AVG1_ADC8192;configurations;toma con tabla personalizada de configuraciones;CONFIG 01 - B1F_AVG1_ADC8192;970;24.280729;5621;1980;24.96;2046;31;31;1;100;411;8192;50;0;confirmada;2026-06-02T13:01:19.705
BLOQUE_16CFG_SIN_CROTAL_20260602_130033_CFG001_CONFIG_01_-_B1F_AVG1_ADC8192;SIN_CROTAL;BLOQUE_16CFG_SIN_CROTAL_20260602_130033_CFG001_CONFIG_01_-_B1F_AVG1_ADC8192;configurations;toma con tabla personalizada de configuraciones;CONFIG 01 - B1F_AVG1_ADC8192;971;24.310847;5620;1974;24.31;2020;31;31;1;100;411;8192;50;0;confirmada;2026-06-02T13:01:19.705
BLOQUE_16CFG_SIN_CROTAL_20260602_130033_CFG001_CONFIG_01_-_B1F_AVG1_ADC8192;SIN_CROTAL;BLOQUE_16CFG_SIN_CROTAL_20260602_130033_CFG001_CONFIG_01_-_B1F_AVG1_ADC8192;configurations;toma con tabla personalizada de configuraciones;CONFIG 01 - B1F_AVG1_ADC8192;972;24.330846;5612;1974;25.52;2068;31;31;1;100;411;8192;50;0;confirmada;2026-06-02T13:01:19.705
BLOQUE_16CFG_SIN_CROTAL_20260602_130033_CFG001_CONFIG_01_-_B1F_AVG1_ADC8192;SIN_CROTAL;BLOQUE_16CFG_SIN_CROTAL_20260602_130033_CFG001_CONFIG_01_-_B1F_AVG1_ADC8192;configurations;toma con tabla personalizada de configuraciones;CONFIG 01 - B1F_AVG1_ADC8192;973;24.361036;5616;1966;24.96;2046;31;31;1;100;411;8192;50;0;confirmada;2026-06-02T13:01:19.705
BLOQUE_16CFG_SIN_CROTAL_20260602_130033_CFG001_CONFIG_01_-_B1F_AVG1_ADC8192;SIN_CROTAL;BLOQUE_16CFG_SIN_CROTAL_20260602_130033_CFG001_CONFIG_01_-_B1F_AVG1_ADC8192;configurations;toma con tabla personalizada de configuraciones;CONFIG 01 - B1F_AVG1_ADC8192;974;24.381495;5628;1962;25.49;2067;31;31;1;100;411;8192;50;0;confirmada;2026-06-02T13:01:19.705
BLOQUE_16CFG_SIN_CROTAL_20260602_130033_CFG001_CONFIG_01_-_B1F_AVG1_ADC8192;SIN_CROTAL;BLOQUE_16CFG_SIN_CROTAL_20260602_130033_CFG001_CONFIG_01_-_B1F_AVG1_ADC8192;configurations;toma con tabla personalizada de configuraciones;CONFIG 01 - B1F_AVG1_ADC8192;975;24.411034;5613;1978;25.09;2051;31;31;1;100;411;8192;50;0;confirmada;2026-06-02T13:01:19.705
BLOQUE_16CFG_SIN_CROTAL_20260602_130033_CFG001_CONFIG_01_-_B1F_AVG1_ADC8192;SIN_CROTAL;BLOQUE_16CFG_SIN_CROTAL_20260602_130033_CFG001_CONFIG_01_-_B1F_AVG1_ADC8192;configurations;toma con tabla personalizada de configuraciones;CONFIG 01 - B1F_AVG1_ADC8192;976;24.431245;5612;1970;25.16;2054;31;31;1;100;411;8192;50;0;confirmada;2026-06-02T13:01:19.705
BLOQUE_16CFG_SIN_CROTAL_20260602_130033_CFG001_CONFIG_01_-_B1F_AVG1_ADC8192;SIN_CROTAL;BLOQUE_16CFG_SIN_CROTAL_20260602_130033_CFG001_CONFIG_01_-_B1F_AVG1_ADC8192;configurations;toma con tabla personalizada de configuraciones;CONFIG 01 - B1F_AVG1_ADC8192;977;24.461233;5617;1977;25.37;2062;31;31;1;100;411;8192;50;0;confirmada;2026-06-02T13:01:19.705
BLOQUE_16CFG_SIN_CROTAL_20260602_130033_CFG001_CONFIG_01_-_B1F_AVG1_ADC8192;SIN_CROTAL;BLOQUE_16CFG_SIN_CROTAL_20260602_130033_CFG001_CONFIG_01_-_B1F_AVG1_ADC8192;configurations;toma con tabla personalizada de configuraciones;CONFIG 01 - B1F_AVG1_ADC8192;978;24.480690;5618;1973;24.43;2025;31;31;1;100;411;8192;50;0;confirmada;2026-06-02T13:01:19.705
BLOQUE_16CFG_SIN_CROTAL_20260602_130033_CFG001_CONFIG_01_-_B1F_AVG1_ADC8192;SIN_CROTAL;BLOQUE_16CFG_SIN_CROTAL_20260602_130033_CFG001_CONFIG_01_-_B1F_AVG1_ADC8192;configurations;toma con tabla personalizada de configuraciones;CONFIG 01 - B1F_AVG1_ADC8192;979;24.511431;5615;1978;25.11;2052;31;31;1;100;411;8192;50;0;confirmada;2026-06-02T13:01:19.705
BLOQUE_16CFG_SIN_CROTAL_20260602_130033_CFG001_CONFIG_01_-_B1F_AVG1_ADC8192;SIN_CROTAL;BLOQUE_16CFG_SIN_CROTAL_20260602_130033_CFG001_CONFIG_01_-_B1F_AVG1_ADC8192;configurations;toma con tabla personalizada de configuraciones;CONFIG 01 - B1F_AVG1_ADC8192;980;24.531519;5619;1966;24.91;2044;31;31;1;100;411;8192;50;0;confirmada;2026-06-02T13:01:19.705
BLOQUE_16CFG_SIN_CROTAL_20260602_130033_CFG001_CONFIG_01_-_B1F_AVG1_ADC8192;SIN_CROTAL;BLOQUE_16CFG_SIN_CROTAL_20260602_130033_CFG001_CONFIG_01_-_B1F_AVG1_ADC8192;configurations;toma con tabla personalizada de configuraciones;CONFIG 01 - B1F_AVG1_ADC8192;981;24.561540;5621;1972;25.14;2053;31;31;1;100;411;8192;50;0;confirmada;2026-06-02T13:01:19.705
BLOQUE_16CFG_SIN_CROTAL_20260602_130033_CFG001_CONFIG_01_-_B1F_AVG1_ADC8192;SIN_CROTAL;BLOQUE_16CFG_SIN_CROTAL_20260602_130033_CFG001_CONFIG_01_-_B1F_AVG1_ADC8192;configurations;toma con tabla personalizada de configuraciones;CONFIG 01 - B1F_AVG1_ADC8192;982;24.581197;5610;1961;24.48;2027;31;31;1;100;411;8192;50;0;confirmada;2026-06-02T13:01:19.705
BLOQUE_16CFG_SIN_CROTAL_20260602_130033_CFG001_CONFIG_01_-_B1F_AVG1_ADC8192;SIN_CROTAL;BLOQUE_16CFG_SIN_CROTAL_20260602_130033_CFG001_CONFIG_01_-_B1F_AVG1_ADC8192;configurations;toma con tabla personalizada de configuraciones;CONFIG 01 - B1F_AVG1_ADC8192;983;24.611597;5610;1965;25.06;2050;31;31;1;100;411;8192;50;0;confirmada;2026-06-02T13:01:19.705
BLOQUE_16CFG_SIN_CROTAL_20260602_130033_CFG001_CONFIG_01_-_B1F_AVG1_ADC8192;SIN_CROTAL;BLOQUE_16CFG_SIN_CROTAL_20260602_130033_CFG001_CONFIG_01_-_B1F_AVG1_ADC8192;configurations;toma con tabla personalizada de configuraciones;CONFIG 01 - B1F_AVG1_ADC8192;984;24.631539;5616;1970;24.41;2024;31;31;1;100;411;8192;50;0;confirmada;2026-06-02T13:01:19.705
BLOQUE_16CFG_SIN_CROTAL_20260602_130033_CFG001_CONFIG_01_-_B1F_AVG1_ADC8192;SIN_CROTAL;BLOQUE_16CFG_SIN_CROTAL_20260602_130033_CFG001_CONFIG_01_-_B1F_AVG1_ADC8192;configurations;toma con tabla personalizada de configuraciones;CONFIG 01 - B1F_AVG1_ADC8192;985;24.661829;5618;1975;24.38;2023;31;31;1;100;411;8192;50;0;confirmada;2026-06-02T13:01:19.705
BLOQUE_16CFG_SIN_CROTAL_20260602_130033_CFG001_CONFIG_01_-_B1F_AVG1_ADC8192;SIN_CROTAL;BLOQUE_16CFG_SIN_CROTAL_20260602_130033_CFG001_CONFIG_01_-_B1F_AVG1_ADC8192;configurations;toma con tabla personalizada de configuraciones;CONFIG 01 - B1F_AVG1_ADC8192;986;24.682278;5617;1960;24.63;2033;31;31;1;100;411;8192;50;0;confirmada;2026-06-02T13:01:19.705
BLOQUE_16CFG_SIN_CROTAL_20260602_130033_CFG001_CONFIG_01_-_B1F_AVG1_ADC8192;SIN_CROTAL;BLOQUE_16CFG_SIN_CROTAL_20260602_130033_CFG001_CONFIG_01_-_B1F_AVG1_ADC8192;configurations;toma con tabla personalizada de configuraciones;CONFIG 01 - B1F_AVG1_ADC8192;987;24.711884;5620;1975;25.22;2056;31;31;1;100;411;8192;50;0;confirmada;2026-06-02T13:01:19.705
BLOQUE_16CFG_SIN_CROTAL_20260602_130033_CFG001_CONFIG_01_-_B1F_AVG1_ADC8192;SIN_CROTAL;BLOQUE_16CFG_SIN_CROTAL_20260602_130033_CFG001_CONFIG_01_-_B1F_AVG1_ADC8192;configurations;toma con tabla personalizada de configuraciones;CONFIG 01 - B1F_AVG1_ADC8192;988;24.731342;5614;1976;24.28;2019;31;31;1;100;411;8192;50;0;confirmada;2026-06-02T13:01:19.705
BLOQUE_16CFG_SIN_CROTAL_20260602_130033_CFG001_CONFIG_01_-_B1F_AVG1_ADC8192;SIN_CROTAL;BLOQUE_16CFG_SIN_CROTAL_20260602_130033_CFG001_CONFIG_01_-_B1F_AVG1_ADC8192;configurations;toma con tabla personalizada de configuraciones;CONFIG 01 - B1F_AVG1_ADC8192;989;24.762018;5625;1973;25.06;2050;31;31;1;100;411;8192;50;0;confirmada;2026-06-02T13:01:19.705
BLOQUE_16CFG_SIN_CROTAL_20260602_130033_CFG001_CONFIG_01_-_B1F_AVG1_ADC8192;SIN_CROTAL;BLOQUE_16CFG_SIN_CROTAL_20260602_130033_CFG001_CONFIG_01_-_B1F_AVG1_ADC8192;configurations;toma con tabla personalizada de configuraciones;CONFIG 01 - B1F_AVG1_ADC8192;990;24.781998;5621;1966;23.88;2003;31;31;1;100;411;8192;50;0;confirmada;2026-06-02T13:01:19.705
BLOQUE_16CFG_SIN_CROTAL_20260602_130033_CFG001_CONFIG_01_-_B1F_AVG1_ADC8192;SIN_CROTAL;BLOQUE_16CFG_SIN_CROTAL_20260602_130033_CFG001_CONFIG_01_-_B1F_AVG1_ADC8192;configurations;toma con tabla personalizada de configuraciones;CONFIG 01 - B1F_AVG1_ADC8192;991;24.812145;5622;1969;25.06;2050;31;31;1;100;411;8192;50;0;confirmada;2026-06-02T13:01:19.705
BLOQUE_16CFG_SIN_CROTAL_20260602_130033_CFG001_CONFIG_01_-_B1F_AVG1_ADC8192;SIN_CROTAL;BLOQUE_16CFG_SIN_CROTAL_20260602_130033_CFG001_CONFIG_01_-_B1F_AVG1_ADC8192;configurations;toma con tabla personalizada de configuraciones;CONFIG 01 - B1F_AVG1_ADC8192;992;24.831876;5613;1972;25.47;2066;31;31;1;100;411;8192;50;0;confirmada;2026-06-02T13:01:19.705
BLOQUE_16CFG_SIN_CROTAL_20260602_130033_CFG001_CONFIG_01_-_B1F_AVG1_ADC8192;SIN_CROTAL;BLOQUE_16CFG_SIN_CROTAL_20260602_130033_CFG001_CONFIG_01_-_B1F_AVG1_ADC8192;configurations;toma con tabla personalizada de configuraciones;CONFIG 01 - B1F_AVG1_ADC8192;993;24.862324;5614;1974;24.68;2035;31;31;1;100;411;8192;50;0;confirmada;2026-06-02T13:01:19.705
BLOQUE_16CFG_SIN_CROTAL_20260602_130033_CFG001_CONFIG_01_-_B1F_AVG1_ADC8192;SIN_CROTAL;BLOQUE_16CFG_SIN_CROTAL_20260602_130033_CFG001_CONFIG_01_-_B1F_AVG1_ADC8192;configurations;toma con tabla personalizada de configuraciones;CONFIG 01 - B1F_AVG1_ADC8192;994;24.882901;5614;1966;25.24;2057;31;31;1;100;411;8192;50;0;confirmada;2026-06-02T13:01:19.705
BLOQUE_16CFG_SIN_CROTAL_20260602_130033_CFG001_CONFIG_01_-_B1F_AVG1_ADC8192;SIN_CROTAL;BLOQUE_16CFG_SIN_CROTAL_20260602_130033_CFG001_CONFIG_01_-_B1F_AVG1_ADC8192;configurations;toma con tabla personalizada de configuraciones;CONFIG 01 - B1F_AVG1_ADC8192;995;24.912388;5612;1970;25.16;2054;31;31;1;100;411;8192;50;0;confirmada;2026-06-02T13:01:19.705
BLOQUE_16CFG_SIN_CROTAL_20260602_130033_CFG001_CONFIG_01_-_B1F_AVG1_ADC8192;SIN_CROTAL;BLOQUE_16CFG_SIN_CROTAL_20260602_130033_CFG001_CONFIG_01_-_B1F_AVG1_ADC8192;configurations;toma con tabla personalizada de configuraciones;CONFIG 01 - B1F_AVG1_ADC8192;996;24.932418;5614;1973;25.16;2054;31;31;1;100;411;8192;50;0;confirmada;2026-06-02T13:01:19.705
BLOQUE_16CFG_SIN_CROTAL_20260602_130033_CFG001_CONFIG_01_-_B1F_AVG1_ADC8192;SIN_CROTAL;BLOQUE_16CFG_SIN_CROTAL_20260602_130033_CFG001_CONFIG_01_-_B1F_AVG1_ADC8192;configurations;toma con tabla personalizada de configuraciones;CONFIG 01 - B1F_AVG1_ADC8192;997;24.962471;5611;1980;25.09;2051;31;31;1;100;411;8192;50;0;confirmada;2026-06-02T13:01:19.705
BLOQUE_16CFG_SIN_CROTAL_20260602_130033_CFG001_CONFIG_01_-_B1F_AVG1_ADC8192;SIN_CROTAL;BLOQUE_16CFG_SIN_CROTAL_20260602_130033_CFG001_CONFIG_01_-_B1F_AVG1_ADC8192;configurations;toma con tabla personalizada de configuraciones;CONFIG 01 - B1F_AVG1_ADC8192;998;24.983209;5617;1967;24.81;2040;31;31;1;100;411;8192;50;0;confirmada;2026-06-02T13:01:19.705
BLOQUE_16CFG_SIN_CROTAL_20260602_130033_CFG001_CONFIG_01_-_B1F_AVG1_ADC8192;SIN_CROTAL;BLOQUE_16CFG_SIN_CROTAL_20260602_130033_CFG001_CONFIG_01_-_B1F_AVG1_ADC8192;configurations;toma con tabla personalizada de configuraciones;CONFIG 01 - B1F_AVG1_ADC8192;999;25.012613;5613;1976;25.52;2068;31;31;1;100;411;8192;50;0;confirmada;2026-06-02T13:01:19.706
BLOQUE_16CFG_SIN_CROTAL_20260602_130033_CFG001_CONFIG_01_-_B1F_AVG1_ADC8192;SIN_CROTAL;BLOQUE_16CFG_SIN_CROTAL_20260602_130033_CFG001_CONFIG_01_-_B1F_AVG1_ADC8192;configurations;toma con tabla personalizada de configuraciones;CONFIG 01 - B1F_AVG1_ADC8192;1000;25.032695;5611;1970;24.73;2037;31;31;1;100;411;8192;50;0;confirmada;2026-06-02T13:01:19.706
BLOQUE_16CFG_SIN_CROTAL_20260602_130033_CFG001_CONFIG_01_-_B1F_AVG1_ADC8192;SIN_CROTAL;BLOQUE_16CFG_SIN_CROTAL_20260602_130033_CFG001_CONFIG_01_-_B1F_AVG1_ADC8192;configurations;toma con tabla personalizada de configuraciones;CONFIG 01 - B1F_AVG1_ADC8192;1001;25.062922;5616;1972;25.34;2061;31;31;1;100;411;8192;50;0;confirmada;2026-06-02T13:01:19.706
BLOQUE_16CFG_SIN_CROTAL_20260602_130033_CFG001_CONFIG_01_-_B1F_AVG1_ADC8192;SIN_CROTAL;BLOQUE_16CFG_SIN_CROTAL_20260602_130033_CFG001_CONFIG_01_-_B1F_AVG1_ADC8192;configurations;toma con tabla personalizada de configuraciones;CONFIG 01 - B1F_AVG1_ADC8192;1002;25.083130;5623;1960;25.09;2051;31;31;1;100;411;8192;50;0;confirmada;2026-06-02T13:01:19.706
BLOQUE_16CFG_SIN_CROTAL_20260602_130033_CFG001_CONFIG_01_-_B1F_AVG1_ADC8192;SIN_CROTAL;BLOQUE_16CFG_SIN_CROTAL_20260602_130033_CFG001_CONFIG_01_-_B1F_AVG1_ADC8192;configurations;toma con tabla personalizada de configuraciones;CONFIG 01 - B1F_AVG1_ADC8192;1003;25.112879;5619;1972;25.14;2053;31;31;1;100;411;8192;50;0;confirmada;2026-06-02T13:01:19.706
BLOQUE_16CFG_SIN_CROTAL_20260602_130033_CFG001_CONFIG_01_-_B1F_AVG1_ADC8192;SIN_CROTAL;BLOQUE_16CFG_SIN_CROTAL_20260602_130033_CFG001_CONFIG_01_-_B1F_AVG1_ADC8192;configurations;toma con tabla personalizada de configuraciones;CONFIG 01 - B1F_AVG1_ADC8192;1004;25.133305;5620;1967;25.01;2048;31;31;1;100;411;8192;50;0;confirmada;2026-06-02T13:01:19.706
BLOQUE_16CFG_SIN_CROTAL_20260602_130033_CFG001_CONFIG_01_-_B1F_AVG1_ADC8192;SIN_CROTAL;BLOQUE_16CFG_SIN_CROTAL_20260602_130033_CFG001_CONFIG_01_-_B1F_AVG1_ADC8192;configurations;toma con tabla personalizada de configuraciones;CONFIG 01 - B1F_AVG1_ADC8192;1005;25.163077;5609;1967;25.06;2050;31;31;1;100;411;8192;50;0;confirmada;2026-06-02T13:01:19.706
BLOQUE_16CFG_SIN_CROTAL_20260602_130033_CFG001_CONFIG_01_-_B1F_AVG1_ADC8192;SIN_CROTAL;BLOQUE_16CFG_SIN_CROTAL_20260602_130033_CFG001_CONFIG_01_-_B1F_AVG1_ADC8192;configurations;toma con tabla personalizada de configuraciones;CONFIG 01 - B1F_AVG1_ADC8192;1006;25.183130;5612;1969;25.37;2062;31;31;1;100;411;8192;50;0;confirmada;2026-06-02T13:01:19.706
BLOQUE_16CFG_SIN_CROTAL_20260602_130033_CFG001_CONFIG_01_-_B1F_AVG1_ADC8192;SIN_CROTAL;BLOQUE_16CFG_SIN_CROTAL_20260602_130033_CFG001_CONFIG_01_-_B1F_AVG1_ADC8192;configurations;toma con tabla personalizada de configuraciones;CONFIG 01 - B1F_AVG1_ADC8192;1007;25.213351;5610;1967;25.49;2067;31;31;1;100;411;8192;50;0;confirmada;2026-06-02T13:01:19.706
BLOQUE_16CFG_SIN_CROTAL_20260602_130033_CFG001_CONFIG_01_-_B1F_AVG1_ADC8192;SIN_CROTAL;BLOQUE_16CFG_SIN_CROTAL_20260602_130033_CFG001_CONFIG_01_-_B1F_AVG1_ADC8192;configurations;toma con tabla personalizada de configuraciones;CONFIG 01 - B1F_AVG1_ADC8192;1008;25.233397;5617;1964;25.04;2049;31;31;1;100;411;8192;50;0;confirmada;2026-06-02T13:01:19.706
BLOQUE_16CFG_SIN_CROTAL_20260602_130033_CFG001_CONFIG_01_-_B1F_AVG1_ADC8192;SIN_CROTAL;BLOQUE_16CFG_SIN_CROTAL_20260602_130033_CFG001_CONFIG_01_-_B1F_AVG1_ADC8192;configurations;toma con tabla personalizada de configuraciones;CONFIG 01 - B1F_AVG1_ADC8192;1009;25.263415;5611;1971;25.16;2054;31;31;1;100;411;8192;50;0;confirmada;2026-06-02T13:01:19.706
BLOQUE_16CFG_SIN_CROTAL_20260602_130033_CFG001_CONFIG_01_-_B1F_AVG1_ADC8192;SIN_CROTAL;BLOQUE_16CFG_SIN_CROTAL_20260602_130033_CFG001_CONFIG_01_-_B1F_AVG1_ADC8192;configurations;toma con tabla personalizada de configuraciones;CONFIG 01 - B1F_AVG1_ADC8192;1010;25.283521;5614;1964;24.38;2023;31;31;1;100;411;8192;50;0;confirmada;2026-06-02T13:01:19.706
BLOQUE_16CFG_SIN_CROTAL_20260602_130033_CFG001_CONFIG_01_-_B1F_AVG1_ADC8192;SIN_CROTAL;BLOQUE_16CFG_SIN_CROTAL_20260602_130033_CFG001_CONFIG_01_-_B1F_AVG1_ADC8192;configurations;toma con tabla personalizada de configuraciones;CONFIG 01 - B1F_AVG1_ADC8192;1011;25.313596;5602;1965;24.46;2026;31;31;1;100;411;8192;50;0;confirmada;2026-06-02T13:01:19.706
BLOQUE_16CFG_SIN_CROTAL_20260602_130033_CFG001_CONFIG_01_-_B1F_AVG1_ADC8192;SIN_CROTAL;BLOQUE_16CFG_SIN_CROTAL_20260602_130033_CFG001_CONFIG_01_-_B1F_AVG1_ADC8192;configurations;toma con tabla personalizada de configuraciones;CONFIG 01 - B1F_AVG1_ADC8192;1012;25.333830;5616;1962;24.81;2040;31;31;1;100;411;8192;50;0;confirmada;2026-06-02T13:01:19.706
BLOQUE_16CFG_SIN_CROTAL_20260602_130033_CFG001_CONFIG_01_-_B1F_AVG1_ADC8192;SIN_CROTAL;BLOQUE_16CFG_SIN_CROTAL_20260602_130033_CFG001_CONFIG_01_-_B1F_AVG1_ADC8192;configurations;toma con tabla personalizada de configuraciones;CONFIG 01 - B1F_AVG1_ADC8192;1013;25.363643;5615;1967;25.60;2071;31;31;1;100;411;8192;50;0;confirmada;2026-06-02T13:01:19.706
BLOQUE_16CFG_SIN_CROTAL_20260602_130033_CFG001_CONFIG_01_-_B1F_AVG1_ADC8192;SIN_CROTAL;BLOQUE_16CFG_SIN_CROTAL_20260602_130033_CFG001_CONFIG_01_-_B1F_AVG1_ADC8192;configurations;toma con tabla personalizada de configuraciones;CONFIG 01 - B1F_AVG1_ADC8192;1014;25.383962;5624;1958;24.38;2023;31;31;1;100;411;8192;50;0;confirmada;2026-06-02T13:01:19.706
BLOQUE_16CFG_SIN_CROTAL_20260602_130033_CFG001_CONFIG_01_-_B1F_AVG1_ADC8192;SIN_CROTAL;BLOQUE_16CFG_SIN_CROTAL_20260602_130033_CFG001_CONFIG_01_-_B1F_AVG1_ADC8192;configurations;toma con tabla personalizada de configuraciones;CONFIG 01 - B1F_AVG1_ADC8192;1015;25.413806;5614;1979;24.58;2031;31;31;1;100;411;8192;50;0;confirmada;2026-06-02T13:01:19.706
BLOQUE_16CFG_SIN_CROTAL_20260602_130033_CFG001_CONFIG_01_-_B1F_AVG1_ADC8192;SIN_CROTAL;BLOQUE_16CFG_SIN_CROTAL_20260602_130033_CFG001_CONFIG_01_-_B1F_AVG1_ADC8192;configurations;toma con tabla personalizada de configuraciones;CONFIG 01 - B1F_AVG1_ADC8192;1016;25.433511;5607;1967;24.68;2035;31;31;1;100;411;8192;50;0;confirmada;2026-06-02T13:01:19.706
BLOQUE_16CFG_SIN_CROTAL_20260602_130033_CFG001_CONFIG_01_-_B1F_AVG1_ADC8192;SIN_CROTAL;BLOQUE_16CFG_SIN_CROTAL_20260602_130033_CFG001_CONFIG_01_-_B1F_AVG1_ADC8192;configurations;toma con tabla personalizada de configuraciones;CONFIG 01 - B1F_AVG1_ADC8192;1017;25.463797;5613;1970;24.31;2020;31;31;1;100;411;8192;50;0;confirmada;2026-06-02T13:01:19.706
BLOQUE_16CFG_SIN_CROTAL_20260602_130033_CFG001_CONFIG_01_-_B1F_AVG1_ADC8192;SIN_CROTAL;BLOQUE_16CFG_SIN_CROTAL_20260602_130033_CFG001_CONFIG_01_-_B1F_AVG1_ADC8192;configurations;toma con tabla personalizada de configuraciones;CONFIG 01 - B1F_AVG1_ADC8192;1018;25.484453;5613;1969;25.09;2051;31;31;1;100;411;8192;50;0;confirmada;2026-06-02T13:01:19.706
BLOQUE_16CFG_SIN_CROTAL_20260602_130033_CFG001_CONFIG_01_-_B1F_AVG1_ADC8192;SIN_CROTAL;BLOQUE_16CFG_SIN_CROTAL_20260602_130033_CFG001_CONFIG_01_-_B1F_AVG1_ADC8192;configurations;toma con tabla personalizada de configuraciones;CONFIG 01 - B1F_AVG1_ADC8192;1019;25.513991;5607;1970;25.01;2048;31;31;1;100;411;8192;50;0;confirmada;2026-06-02T13:01:19.706
BLOQUE_16CFG_SIN_CROTAL_20260602_130033_CFG001_CONFIG_01_-_B1F_AVG1_ADC8192;SIN_CROTAL;BLOQUE_16CFG_SIN_CROTAL_20260602_130033_CFG001_CONFIG_01_-_B1F_AVG1_ADC8192;configurations;toma con tabla personalizada de configuraciones;CONFIG 01 - B1F_AVG1_ADC8192;1020;25.534056;5621;1974;25.54;2069;31;31;1;100;411;8192;50;0;confirmada;2026-06-02T13:01:19.706
BLOQUE_16CFG_SIN_CROTAL_20260602_130033_CFG001_CONFIG_01_-_B1F_AVG1_ADC8192;SIN_CROTAL;BLOQUE_16CFG_SIN_CROTAL_20260602_130033_CFG001_CONFIG_01_-_B1F_AVG1_ADC8192;configurations;toma con tabla personalizada de configuraciones;CONFIG 01 - B1F_AVG1_ADC8192;1021;25.564069;5612;1977;25.22;2056;31;31;1;100;411;8192;50;0;confirmada;2026-06-02T13:01:19.706
BLOQUE_16CFG_SIN_CROTAL_20260602_130033_CFG001_CONFIG_01_-_B1F_AVG1_ADC8192;SIN_CROTAL;BLOQUE_16CFG_SIN_CROTAL_20260602_130033_CFG001_CONFIG_01_-_B1F_AVG1_ADC8192;configurations;toma con tabla personalizada de configuraciones;CONFIG 01 - B1F_AVG1_ADC8192;1022;25.584274;5616;1966;24.99;2047;31;31;1;100;411;8192;50;0;confirmada;2026-06-02T13:01:19.706
BLOQUE_16CFG_SIN_CROTAL_20260602_130033_CFG001_CONFIG_01_-_B1F_AVG1_ADC8192;SIN_CROTAL;BLOQUE_16CFG_SIN_CROTAL_20260602_130033_CFG001_CONFIG_01_-_B1F_AVG1_ADC8192;configurations;toma con tabla personalizada de configuraciones;CONFIG 01 - B1F_AVG1_ADC8192;1023;25.614329;5612;1973;24.99;2047;31;31;1;100;411;8192;50;0;confirmada;2026-06-02T13:01:19.706
BLOQUE_16CFG_SIN_CROTAL_20260602_130033_CFG001_CONFIG_01_-_B1F_AVG1_ADC8192;SIN_CROTAL;BLOQUE_16CFG_SIN_CROTAL_20260602_130033_CFG001_CONFIG_01_-_B1F_AVG1_ADC8192;configurations;toma con tabla personalizada de configuraciones;CONFIG 01 - B1F_AVG1_ADC8192;1024;25.633925;5608;1965;25.01;2048;31;31;1;100;411;8192;50;0;confirmada;2026-06-02T13:01:19.706
BLOQUE_16CFG_SIN_CROTAL_20260602_130033_CFG001_CONFIG_01_-_B1F_AVG1_ADC8192;SIN_CROTAL;BLOQUE_16CFG_SIN_CROTAL_20260602_130033_CFG001_CONFIG_01_-_B1F_AVG1_ADC8192;configurations;toma con tabla personalizada de configuraciones;CONFIG 01 - B1F_AVG1_ADC8192;1025;25.664469;5617;1971;24.63;2033;31;31;1;100;411;8192;50;0;confirmada;2026-06-02T13:01:19.706
BLOQUE_16CFG_SIN_CROTAL_20260602_130033_CFG001_CONFIG_01_-_B1F_AVG1_ADC8192;SIN_CROTAL;BLOQUE_16CFG_SIN_CROTAL_20260602_130033_CFG001_CONFIG_01_-_B1F_AVG1_ADC8192;configurations;toma con tabla personalizada de configuraciones;CONFIG 01 - B1F_AVG1_ADC8192;1026;25.684921;5617;1970;24.99;2047;31;31;1;100;411;8192;50;0;confirmada;2026-06-02T13:01:19.706
BLOQUE_16CFG_SIN_CROTAL_20260602_130033_CFG001_CONFIG_01_-_B1F_AVG1_ADC8192;SIN_CROTAL;BLOQUE_16CFG_SIN_CROTAL_20260602_130033_CFG001_CONFIG_01_-_B1F_AVG1_ADC8192;configurations;toma con tabla personalizada de configuraciones;CONFIG 01 - B1F_AVG1_ADC8192;1027;25.714551;5614;1979;24.89;2043;31;31;1;100;411;8192;50;0;confirmada;2026-06-02T13:01:19.706
BLOQUE_16CFG_SIN_CROTAL_20260602_130033_CFG001_CONFIG_01_-_B1F_AVG1_ADC8192;SIN_CROTAL;BLOQUE_16CFG_SIN_CROTAL_20260602_130033_CFG001_CONFIG_01_-_B1F_AVG1_ADC8192;configurations;toma con tabla personalizada de configuraciones;CONFIG 01 - B1F_AVG1_ADC8192;1028;25.734330;5618;1962;24.81;2040;31;31;1;100;411;8192;50;0;confirmada;2026-06-02T13:01:19.706
BLOQUE_16CFG_SIN_CROTAL_20260602_130033_CFG001_CONFIG_01_-_B1F_AVG1_ADC8192;SIN_CROTAL;BLOQUE_16CFG_SIN_CROTAL_20260602_130033_CFG001_CONFIG_01_-_B1F_AVG1_ADC8192;configurations;toma con tabla personalizada de configuraciones;CONFIG 01 - B1F_AVG1_ADC8192;1029;25.764675;5607;1964;25.49;2067;31;31;1;100;411;8192;50;0;confirmada;2026-06-02T13:01:19.706
BLOQUE_16CFG_SIN_CROTAL_20260602_130033_CFG001_CONFIG_01_-_B1F_AVG1_ADC8192;SIN_CROTAL;BLOQUE_16CFG_SIN_CROTAL_20260602_130033_CFG001_CONFIG_01_-_B1F_AVG1_ADC8192;configurations;toma con tabla personalizada de configuraciones;CONFIG 01 - B1F_AVG1_ADC8192;1030;25.784789;5615;1964;25.57;2070;31;31;1;100;411;8192;50;0;confirmada;2026-06-02T13:01:19.706
BLOQUE_16CFG_SIN_CROTAL_20260602_130033_CFG001_CONFIG_01_-_B1F_AVG1_ADC8192;SIN_CROTAL;BLOQUE_16CFG_SIN_CROTAL_20260602_130033_CFG001_CONFIG_01_-_B1F_AVG1_ADC8192;configurations;toma con tabla personalizada de configuraciones;CONFIG 01 - B1F_AVG1_ADC8192;1031;25.814841;5610;1971;24.94;2045;31;31;1;100;411;8192;50;0;confirmada;2026-06-02T13:01:19.706
BLOQUE_16CFG_SIN_CROTAL_20260602_130033_CFG001_CONFIG_01_-_B1F_AVG1_ADC8192;SIN_CROTAL;BLOQUE_16CFG_SIN_CROTAL_20260602_130033_CFG001_CONFIG_01_-_B1F_AVG1_ADC8192;configurations;toma con tabla personalizada de configuraciones;CONFIG 01 - B1F_AVG1_ADC8192;1032;25.834712;5616;1971;24.86;2042;31;31;1;100;411;8192;50;0;confirmada;2026-06-02T13:01:19.706
BLOQUE_16CFG_SIN_CROTAL_20260602_130033_CFG001_CONFIG_01_-_B1F_AVG1_ADC8192;SIN_CROTAL;BLOQUE_16CFG_SIN_CROTAL_20260602_130033_CFG001_CONFIG_01_-_B1F_AVG1_ADC8192;configurations;toma con tabla personalizada de configuraciones;CONFIG 01 - B1F_AVG1_ADC8192;1033;25.864779;5618;1971;25.19;2055;31;31;1;100;411;8192;50;0;confirmada;2026-06-02T13:01:19.706
BLOQUE_16CFG_SIN_CROTAL_20260602_130033_CFG001_CONFIG_01_-_B1F_AVG1_ADC8192;SIN_CROTAL;BLOQUE_16CFG_SIN_CROTAL_20260602_130033_CFG001_CONFIG_01_-_B1F_AVG1_ADC8192;configurations;toma con tabla personalizada de configuraciones;CONFIG 01 - B1F_AVG1_ADC8192;1034;25.885272;5619;1960;24.91;2044;31;31;1;100;411;8192;50;0;confirmada;2026-06-02T13:01:19.706
BLOQUE_16CFG_SIN_CROTAL_20260602_130033_CFG001_CONFIG_01_-_B1F_AVG1_ADC8192;SIN_CROTAL;BLOQUE_16CFG_SIN_CROTAL_20260602_130033_CFG001_CONFIG_01_-_B1F_AVG1_ADC8192;configurations;toma con tabla personalizada de configuraciones;CONFIG 01 - B1F_AVG1_ADC8192;1035;25.914892;5621;1966;24.99;2047;31;31;1;100;411;8192;50;0;confirmada;2026-06-02T13:01:19.706
BLOQUE_16CFG_SIN_CROTAL_20260602_130033_CFG001_CONFIG_01_-_B1F_AVG1_ADC8192;SIN_CROTAL;BLOQUE_16CFG_SIN_CROTAL_20260602_130033_CFG001_CONFIG_01_-_B1F_AVG1_ADC8192;configurations;toma con tabla personalizada de configuraciones;CONFIG 01 - B1F_AVG1_ADC8192;1036;25.934891;5615;1971;25.11;2052;31;31;1;100;411;8192;50;0;confirmada;2026-06-02T13:01:19.706
BLOQUE_16CFG_SIN_CROTAL_20260602_130033_CFG001_CONFIG_01_-_B1F_AVG1_ADC8192;SIN_CROTAL;BLOQUE_16CFG_SIN_CROTAL_20260602_130033_CFG001_CONFIG_01_-_B1F_AVG1_ADC8192;configurations;toma con tabla personalizada de configuraciones;CONFIG 01 - B1F_AVG1_ADC8192;1037;25.965150;5612;1968;24.41;2024;31;31;1;100;411;8192;50;0;confirmada;2026-06-02T13:01:19.706
BLOQUE_16CFG_SIN_CROTAL_20260602_130033_CFG001_CONFIG_01_-_B1F_AVG1_ADC8192;SIN_CROTAL;BLOQUE_16CFG_SIN_CROTAL_20260602_130033_CFG001_CONFIG_01_-_B1F_AVG1_ADC8192;configurations;toma con tabla personalizada de configuraciones;CONFIG 01 - B1F_AVG1_ADC8192;1038;25.985503;5622;1956;24.38;2023;31;31;1;100;411;8192;50;0;confirmada;2026-06-02T13:01:19.706
BLOQUE_16CFG_SIN_CROTAL_20260602_130033_CFG001_CONFIG_01_-_B1F_AVG1_ADC8192;SIN_CROTAL;BLOQUE_16CFG_SIN_CROTAL_20260602_130033_CFG001_CONFIG_01_-_B1F_AVG1_ADC8192;configurations;toma con tabla personalizada de configuraciones;CONFIG 01 - B1F_AVG1_ADC8192;1039;26.015282;5613;1971;24.43;2025;31;31;1;100;411;8192;50;0;confirmada;2026-06-02T13:01:19.706
BLOQUE_16CFG_SIN_CROTAL_20260602_130033_CFG001_CONFIG_01_-_B1F_AVG1_ADC8192;SIN_CROTAL;BLOQUE_16CFG_SIN_CROTAL_20260602_130033_CFG001_CONFIG_01_-_B1F_AVG1_ADC8192;configurations;toma con tabla personalizada de configuraciones;CONFIG 01 - B1F_AVG1_ADC8192;1040;26.035271;5615;1979;25.09;2051;31;31;1;100;411;8192;50;0;confirmada;2026-06-02T13:01:19.706
BLOQUE_16CFG_SIN_CROTAL_20260602_130033_CFG001_CONFIG_01_-_B1F_AVG1_ADC8192;SIN_CROTAL;BLOQUE_16CFG_SIN_CROTAL_20260602_130033_CFG001_CONFIG_01_-_B1F_AVG1_ADC8192;configurations;toma con tabla personalizada de configuraciones;CONFIG 01 - B1F_AVG1_ADC8192;1041;26.065262;5618;1976;24.53;2029;31;31;1;100;411;8192;50;0;confirmada;2026-06-02T13:01:19.706
BLOQUE_16CFG_SIN_CROTAL_20260602_130033_CFG001_CONFIG_01_-_B1F_AVG1_ADC8192;SIN_CROTAL;BLOQUE_16CFG_SIN_CROTAL_20260602_130033_CFG001_CONFIG_01_-_B1F_AVG1_ADC8192;configurations;toma con tabla personalizada de configuraciones;CONFIG 01 - B1F_AVG1_ADC8192;1042;26.085047;5612;1974;25.65;2073;31;31;1;100;411;8192;50;0;confirmada;2026-06-02T13:01:19.706
BLOQUE_16CFG_SIN_CROTAL_20260602_130033_CFG001_CONFIG_01_-_B1F_AVG1_ADC8192;SIN_CROTAL;BLOQUE_16CFG_SIN_CROTAL_20260602_130033_CFG001_CONFIG_01_-_B1F_AVG1_ADC8192;configurations;toma con tabla personalizada de configuraciones;CONFIG 01 - B1F_AVG1_ADC8192;1043;26.115506;5620;1977;24.81;2040;31;31;1;100;411;8192;50;0;confirmada;2026-06-02T13:01:19.706
BLOQUE_16CFG_SIN_CROTAL_20260602_130033_CFG001_CONFIG_01_-_B1F_AVG1_ADC8192;SIN_CROTAL;BLOQUE_16CFG_SIN_CROTAL_20260602_130033_CFG001_CONFIG_01_-_B1F_AVG1_ADC8192;configurations;toma con tabla personalizada de configuraciones;CONFIG 01 - B1F_AVG1_ADC8192;1044;26.135445;5619;1977;24.91;2044;31;31;1;100;411;8192;50;0;confirmada;2026-06-02T13:01:19.706
BLOQUE_16CFG_SIN_CROTAL_20260602_130033_CFG001_CONFIG_01_-_B1F_AVG1_ADC8192;SIN_CROTAL;BLOQUE_16CFG_SIN_CROTAL_20260602_130033_CFG001_CONFIG_01_-_B1F_AVG1_ADC8192;configurations;toma con tabla personalizada de configuraciones;CONFIG 01 - B1F_AVG1_ADC8192;1045;26.165548;5608;1968;25.39;2063;31;31;1;100;411;8192;50;0;confirmada;2026-06-02T13:01:19.706
BLOQUE_16CFG_SIN_CROTAL_20260602_130033_CFG001_CONFIG_01_-_B1F_AVG1_ADC8192;SIN_CROTAL;BLOQUE_16CFG_SIN_CROTAL_20260602_130033_CFG001_CONFIG_01_-_B1F_AVG1_ADC8192;configurations;toma con tabla personalizada de configuraciones;CONFIG 01 - B1F_AVG1_ADC8192;1046;26.185586;5610;1973;25.01;2048;31;31;1;100;411;8192;50;0;confirmada;2026-06-02T13:01:19.706
BLOQUE_16CFG_SIN_CROTAL_20260602_130033_CFG001_CONFIG_01_-_B1F_AVG1_ADC8192;SIN_CROTAL;BLOQUE_16CFG_SIN_CROTAL_20260602_130033_CFG001_CONFIG_01_-_B1F_AVG1_ADC8192;configurations;toma con tabla personalizada de configuraciones;CONFIG 01 - B1F_AVG1_ADC8192;1047;26.215668;5629;1975;24.53;2029;31;31;1;100;411;8192;50;0;confirmada;2026-06-02T13:01:19.706
BLOQUE_16CFG_SIN_CROTAL_20260602_130033_CFG001_CONFIG_01_-_B1F_AVG1_ADC8192;SIN_CROTAL;BLOQUE_16CFG_SIN_CROTAL_20260602_130033_CFG001_CONFIG_01_-_B1F_AVG1_ADC8192;configurations;toma con tabla personalizada de configuraciones;CONFIG 01 - B1F_AVG1_ADC8192;1048;26.235635;5615;1970;25.11;2052;31;31;1;100;411;8192;50;0;confirmada;2026-06-02T13:01:19.706
BLOQUE_16CFG_SIN_CROTAL_20260602_130033_CFG001_CONFIG_01_-_B1F_AVG1_ADC8192;SIN_CROTAL;BLOQUE_16CFG_SIN_CROTAL_20260602_130033_CFG001_CONFIG_01_-_B1F_AVG1_ADC8192;configurations;toma con tabla personalizada de configuraciones;CONFIG 01 - B1F_AVG1_ADC8192;1049;26.265803;5619;1977;25.09;2051;31;31;1;100;411;8192;50;0;confirmada;2026-06-02T13:01:19.706
BLOQUE_16CFG_SIN_CROTAL_20260602_130033_CFG001_CONFIG_01_-_B1F_AVG1_ADC8192;SIN_CROTAL;BLOQUE_16CFG_SIN_CROTAL_20260602_130033_CFG001_CONFIG_01_-_B1F_AVG1_ADC8192;configurations;toma con tabla personalizada de configuraciones;CONFIG 01 - B1F_AVG1_ADC8192;1050;26.286264;5621;1966;25.22;2056;31;31;1;100;411;8192;50;0;confirmada;2026-06-02T13:01:19.706
BLOQUE_16CFG_SIN_CROTAL_20260602_130033_CFG001_CONFIG_01_-_B1F_AVG1_ADC8192;SIN_CROTAL;BLOQUE_16CFG_SIN_CROTAL_20260602_130033_CFG001_CONFIG_01_-_B1F_AVG1_ADC8192;configurations;toma con tabla personalizada de configuraciones;CONFIG 01 - B1F_AVG1_ADC8192;1051;26.315926;5609;1978;24.36;2022;31;31;1;100;411;8192;50;0;confirmada;2026-06-02T13:01:19.706
BLOQUE_16CFG_SIN_CROTAL_20260602_130033_CFG001_CONFIG_01_-_B1F_AVG1_ADC8192;SIN_CROTAL;BLOQUE_16CFG_SIN_CROTAL_20260602_130033_CFG001_CONFIG_01_-_B1F_AVG1_ADC8192;configurations;toma con tabla personalizada de configuraciones;CONFIG 01 - B1F_AVG1_ADC8192;1052;26.335945;5620;1980;24.84;2041;31;31;1;100;411;8192;50;0;confirmada;2026-06-02T13:01:19.706
BLOQUE_16CFG_SIN_CROTAL_20260602_130033_CFG001_CONFIG_01_-_B1F_AVG1_ADC8192;SIN_CROTAL;BLOQUE_16CFG_SIN_CROTAL_20260602_130033_CFG001_CONFIG_01_-_B1F_AVG1_ADC8192;configurations;toma con tabla personalizada de configuraciones;CONFIG 01 - B1F_AVG1_ADC8192;1053;26.366153;5615;1966;25.24;2057;31;31;1;100;411;8192;50;0;confirmada;2026-06-02T13:01:19.706
BLOQUE_16CFG_SIN_CROTAL_20260602_130033_CFG001_CONFIG_01_-_B1F_AVG1_ADC8192;SIN_CROTAL;BLOQUE_16CFG_SIN_CROTAL_20260602_130033_CFG001_CONFIG_01_-_B1F_AVG1_ADC8192;configurations;toma con tabla personalizada de configuraciones;CONFIG 01 - B1F_AVG1_ADC8192;1054;26.386575;5628;1967;24.86;2042;31;31;1;100;411;8192;50;0;confirmada;2026-06-02T13:01:19.706
BLOQUE_16CFG_SIN_CROTAL_20260602_130033_CFG001_CONFIG_01_-_B1F_AVG1_ADC8192;SIN_CROTAL;BLOQUE_16CFG_SIN_CROTAL_20260602_130033_CFG001_CONFIG_01_-_B1F_AVG1_ADC8192;configurations;toma con tabla personalizada de configuraciones;CONFIG 01 - B1F_AVG1_ADC8192;1055;26.416291;5615;1975;25.52;2068;31;31;1;100;411;8192;50;0;confirmada;2026-06-02T13:01:19.706
BLOQUE_16CFG_SIN_CROTAL_20260602_130033_CFG001_CONFIG_01_-_B1F_AVG1_ADC8192;SIN_CROTAL;BLOQUE_16CFG_SIN_CROTAL_20260602_130033_CFG001_CONFIG_01_-_B1F_AVG1_ADC8192;configurations;toma con tabla personalizada de configuraciones;CONFIG 01 - B1F_AVG1_ADC8192;1056;26.436705;5617;1958;24.96;2046;31;31;1;100;411;8192;50;0;confirmada;2026-06-02T13:01:19.706
BLOQUE_16CFG_SIN_CROTAL_20260602_130033_CFG001_CONFIG_01_-_B1F_AVG1_ADC8192;SIN_CROTAL;BLOQUE_16CFG_SIN_CROTAL_20260602_130033_CFG001_CONFIG_01_-_B1F_AVG1_ADC8192;configurations;toma con tabla personalizada de configuraciones;CONFIG 01 - B1F_AVG1_ADC8192;1057;26.466245;5619;1972;25.16;2054;31;31;1;100;411;8192;50;0;confirmada;2026-06-02T13:01:19.706
BLOQUE_16CFG_SIN_CROTAL_20260602_130033_CFG001_CONFIG_01_-_B1F_AVG1_ADC8192;SIN_CROTAL;BLOQUE_16CFG_SIN_CROTAL_20260602_130033_CFG001_CONFIG_01_-_B1F_AVG1_ADC8192;configurations;toma con tabla personalizada de configuraciones;CONFIG 01 - B1F_AVG1_ADC8192;1058;26.486261;5614;1976;24.46;2026;31;31;1;100;411;8192;50;0;confirmada;2026-06-02T13:01:19.706
BLOQUE_16CFG_SIN_CROTAL_20260602_130033_CFG001_CONFIG_01_-_B1F_AVG1_ADC8192;SIN_CROTAL;BLOQUE_16CFG_SIN_CROTAL_20260602_130033_CFG001_CONFIG_01_-_B1F_AVG1_ADC8192;configurations;toma con tabla personalizada de configuraciones;CONFIG 01 - B1F_AVG1_ADC8192;1059;26.516447;5618;1973;25.52;2068;31;31;1;100;411;8192;50;0;confirmada;2026-06-02T13:01:19.706
BLOQUE_16CFG_SIN_CROTAL_20260602_130033_CFG001_CONFIG_01_-_B1F_AVG1_ADC8192;SIN_CROTAL;BLOQUE_16CFG_SIN_CROTAL_20260602_130033_CFG001_CONFIG_01_-_B1F_AVG1_ADC8192;configurations;toma con tabla personalizada de configuraciones;CONFIG 01 - B1F_AVG1_ADC8192;1060;26.536374;5610;1969;24.73;2037;31;31;1;100;411;8192;50;0;confirmada;2026-06-02T13:01:19.706
BLOQUE_16CFG_SIN_CROTAL_20260602_130033_CFG001_CONFIG_01_-_B1F_AVG1_ADC8192;SIN_CROTAL;BLOQUE_16CFG_SIN_CROTAL_20260602_130033_CFG001_CONFIG_01_-_B1F_AVG1_ADC8192;configurations;toma con tabla personalizada de configuraciones;CONFIG 01 - B1F_AVG1_ADC8192;1061;26.566634;5613;1969;25.49;2067;31;31;1;100;411;8192;50;0;confirmada;2026-06-02T13:01:19.706
BLOQUE_16CFG_SIN_CROTAL_20260602_130033_CFG001_CONFIG_01_-_B1F_AVG1_ADC8192;SIN_CROTAL;BLOQUE_16CFG_SIN_CROTAL_20260602_130033_CFG001_CONFIG_01_-_B1F_AVG1_ADC8192;configurations;toma con tabla personalizada de configuraciones;CONFIG 01 - B1F_AVG1_ADC8192;1062;26.586468;5617;1965;24.41;2024;31;31;1;100;411;8192;50;0;confirmada;2026-06-02T13:01:19.706
BLOQUE_16CFG_SIN_CROTAL_20260602_130033_CFG001_CONFIG_01_-_B1F_AVG1_ADC8192;SIN_CROTAL;BLOQUE_16CFG_SIN_CROTAL_20260602_130033_CFG001_CONFIG_01_-_B1F_AVG1_ADC8192;configurations;toma con tabla personalizada de configuraciones;CONFIG 01 - B1F_AVG1_ADC8192;1063;26.616742;5613;1972;24.21;2016;31;31;1;100;411;8192;50;0;confirmada;2026-06-02T13:01:19.706
BLOQUE_16CFG_SIN_CROTAL_20260602_130033_CFG001_CONFIG_01_-_B1F_AVG1_ADC8192;SIN_CROTAL;BLOQUE_16CFG_SIN_CROTAL_20260602_130033_CFG001_CONFIG_01_-_B1F_AVG1_ADC8192;configurations;toma con tabla personalizada de configuraciones;CONFIG 01 - B1F_AVG1_ADC8192;1064;26.637040;5617;1969;24.76;2038;31;31;1;100;411;8192;50;0;confirmada;2026-06-02T13:01:19.706
BLOQUE_16CFG_SIN_CROTAL_20260602_130033_CFG001_CONFIG_01_-_B1F_AVG1_ADC8192;SIN_CROTAL;BLOQUE_16CFG_SIN_CROTAL_20260602_130033_CFG001_CONFIG_01_-_B1F_AVG1_ADC8192;configurations;toma con tabla personalizada de configuraciones;CONFIG 01 - B1F_AVG1_ADC8192;1065;26.666870;5611;1965;24.53;2029;31;31;1;100;411;8192;50;0;confirmada;2026-06-02T13:01:19.706
BLOQUE_16CFG_SIN_CROTAL_20260602_130033_CFG001_CONFIG_01_-_B1F_AVG1_ADC8192;SIN_CROTAL;BLOQUE_16CFG_SIN_CROTAL_20260602_130033_CFG001_CONFIG_01_-_B1F_AVG1_ADC8192;configurations;toma con tabla personalizada de configuraciones;CONFIG 01 - B1F_AVG1_ADC8192;1066;26.686923;5620;1964;25.22;2056;31;31;1;100;411;8192;50;0;confirmada;2026-06-02T13:01:19.706
BLOQUE_16CFG_SIN_CROTAL_20260602_130033_CFG001_CONFIG_01_-_B1F_AVG1_ADC8192;SIN_CROTAL;BLOQUE_16CFG_SIN_CROTAL_20260602_130033_CFG001_CONFIG_01_-_B1F_AVG1_ADC8192;configurations;toma con tabla personalizada de configuraciones;CONFIG 01 - B1F_AVG1_ADC8192;1067;26.717012;5605;1971;25.14;2053;31;31;1;100;411;8192;50;0;confirmada;2026-06-02T13:01:19.706
BLOQUE_16CFG_SIN_CROTAL_20260602_130033_CFG001_CONFIG_01_-_B1F_AVG1_ADC8192;SIN_CROTAL;BLOQUE_16CFG_SIN_CROTAL_20260602_130033_CFG001_CONFIG_01_-_B1F_AVG1_ADC8192;configurations;toma con tabla personalizada de configuraciones;CONFIG 01 - B1F_AVG1_ADC8192;1068;26.736994;5619;1959;25.01;2048;31;31;1;100;411;8192;50;0;confirmada;2026-06-02T13:01:19.706
BLOQUE_16CFG_SIN_CROTAL_20260602_130033_CFG001_CONFIG_01_-_B1F_AVG1_ADC8192;SIN_CROTAL;BLOQUE_16CFG_SIN_CROTAL_20260602_130033_CFG001_CONFIG_01_-_B1F_AVG1_ADC8192;configurations;toma con tabla personalizada de configuraciones;CONFIG 01 - B1F_AVG1_ADC8192;1069;26.767048;5619;1966;24.26;2018;31;31;1;100;411;8192;50;0;confirmada;2026-06-02T13:01:19.706
BLOQUE_16CFG_SIN_CROTAL_20260602_130033_CFG001_CONFIG_01_-_B1F_AVG1_ADC8192;SIN_CROTAL;BLOQUE_16CFG_SIN_CROTAL_20260602_130033_CFG001_CONFIG_01_-_B1F_AVG1_ADC8192;configurations;toma con tabla personalizada de configuraciones;CONFIG 01 - B1F_AVG1_ADC8192;1070;26.787044;5614;1962;24.71;2036;31;31;1;100;411;8192;50;0;confirmada;2026-06-02T13:01:19.706
BLOQUE_16CFG_SIN_CROTAL_20260602_130033_CFG001_CONFIG_01_-_B1F_AVG1_ADC8192;SIN_CROTAL;BLOQUE_16CFG_SIN_CROTAL_20260602_130033_CFG001_CONFIG_01_-_B1F_AVG1_ADC8192;configurations;toma con tabla personalizada de configuraciones;CONFIG 01 - B1F_AVG1_ADC8192;1071;26.817223;5618;1980;25.11;2052;31;31;1;100;411;8192;50;0;confirmada;2026-06-02T13:01:19.706
BLOQUE_16CFG_SIN_CROTAL_20260602_130033_CFG001_CONFIG_01_-_B1F_AVG1_ADC8192;SIN_CROTAL;BLOQUE_16CFG_SIN_CROTAL_20260602_130033_CFG001_CONFIG_01_-_B1F_AVG1_ADC8192;configurations;toma con tabla personalizada de configuraciones;CONFIG 01 - B1F_AVG1_ADC8192;1072;26.837411;5615;1973;24.53;2029;31;31;1;100;411;8192;50;0;confirmada;2026-06-02T13:01:19.706
BLOQUE_16CFG_SIN_CROTAL_20260602_130033_CFG001_CONFIG_01_-_B1F_AVG1_ADC8192;SIN_CROTAL;BLOQUE_16CFG_SIN_CROTAL_20260602_130033_CFG001_CONFIG_01_-_B1F_AVG1_ADC8192;configurations;toma con tabla personalizada de configuraciones;CONFIG 01 - B1F_AVG1_ADC8192;1073;26.867449;5621;1970;25.29;2059;31;31;1;100;411;8192;50;0;confirmada;2026-06-02T13:01:19.706
BLOQUE_16CFG_SIN_CROTAL_20260602_130033_CFG001_CONFIG_01_-_B1F_AVG1_ADC8192;SIN_CROTAL;BLOQUE_16CFG_SIN_CROTAL_20260602_130033_CFG001_CONFIG_01_-_B1F_AVG1_ADC8192;configurations;toma con tabla personalizada de configuraciones;CONFIG 01 - B1F_AVG1_ADC8192;1074;26.887711;5623;1961;24.86;2042;31;31;1;100;411;8192;50;0;confirmada;2026-06-02T13:01:19.706
BLOQUE_16CFG_SIN_CROTAL_20260602_130033_CFG001_CONFIG_01_-_B1F_AVG1_ADC8192;SIN_CROTAL;BLOQUE_16CFG_SIN_CROTAL_20260602_130033_CFG001_CONFIG_01_-_B1F_AVG1_ADC8192;configurations;toma con tabla personalizada de configuraciones;CONFIG 01 - B1F_AVG1_ADC8192;1075;26.917397;5616;1978;25.06;2050;31;31;1;100;411;8192;50;0;confirmada;2026-06-02T13:01:19.706
BLOQUE_16CFG_SIN_CROTAL_20260602_130033_CFG001_CONFIG_01_-_B1F_AVG1_ADC8192;SIN_CROTAL;BLOQUE_16CFG_SIN_CROTAL_20260602_130033_CFG001_CONFIG_01_-_B1F_AVG1_ADC8192;configurations;toma con tabla personalizada de configuraciones;CONFIG 01 - B1F_AVG1_ADC8192;1076;26.936955;5620;1964;25.19;2055;31;31;1;100;411;8192;50;0;confirmada;2026-06-02T13:01:19.706
BLOQUE_16CFG_SIN_CROTAL_20260602_130033_CFG001_CONFIG_01_-_B1F_AVG1_ADC8192;SIN_CROTAL;BLOQUE_16CFG_SIN_CROTAL_20260602_130033_CFG001_CONFIG_01_-_B1F_AVG1_ADC8192;configurations;toma con tabla personalizada de configuraciones;CONFIG 01 - B1F_AVG1_ADC8192;1077;26.967593;5618;1969;25.14;2053;31;31;1;100;411;8192;50;0;confirmada;2026-06-02T13:01:19.706
BLOQUE_16CFG_SIN_CROTAL_20260602_130033_CFG001_CONFIG_01_-_B1F_AVG1_ADC8192;SIN_CROTAL;BLOQUE_16CFG_SIN_CROTAL_20260602_130033_CFG001_CONFIG_01_-_B1F_AVG1_ADC8192;configurations;toma con tabla personalizada de configuraciones;CONFIG 01 - B1F_AVG1_ADC8192;1078;26.987448;5613;1970;25.01;2048;31;31;1;100;411;8192;50;0;confirmada;2026-06-02T13:01:19.706
BLOQUE_16CFG_SIN_CROTAL_20260602_130033_CFG001_CONFIG_01_-_B1F_AVG1_ADC8192;SIN_CROTAL;BLOQUE_16CFG_SIN_CROTAL_20260602_130033_CFG001_CONFIG_01_-_B1F_AVG1_ADC8192;configurations;toma con tabla personalizada de configuraciones;CONFIG 01 - B1F_AVG1_ADC8192;1079;27.017623;5622;1972;24.99;2047;31;31;1;100;411;8192;50;0;confirmada;2026-06-02T13:01:19.706
BLOQUE_16CFG_SIN_CROTAL_20260602_130033_CFG001_CONFIG_01_-_B1F_AVG1_ADC8192;SIN_CROTAL;BLOQUE_16CFG_SIN_CROTAL_20260602_130033_CFG001_CONFIG_01_-_B1F_AVG1_ADC8192;configurations;toma con tabla personalizada de configuraciones;CONFIG 01 - B1F_AVG1_ADC8192;1080;27.037705;5624;1973;25.54;2069;31;31;1;100;411;8192;50;0;confirmada;2026-06-02T13:01:19.706
BLOQUE_16CFG_SIN_CROTAL_20260602_130033_CFG001_CONFIG_01_-_B1F_AVG1_ADC8192;SIN_CROTAL;BLOQUE_16CFG_SIN_CROTAL_20260602_130033_CFG001_CONFIG_01_-_B1F_AVG1_ADC8192;configurations;toma con tabla personalizada de configuraciones;CONFIG 01 - B1F_AVG1_ADC8192;1081;27.067751;5619;1969;24.36;2022;31;31;1;100;411;8192;50;0;confirmada;2026-06-02T13:01:19.706
BLOQUE_16CFG_SIN_CROTAL_20260602_130033_CFG001_CONFIG_01_-_B1F_AVG1_ADC8192;SIN_CROTAL;BLOQUE_16CFG_SIN_CROTAL_20260602_130033_CFG001_CONFIG_01_-_B1F_AVG1_ADC8192;configurations;toma con tabla personalizada de configuraciones;CONFIG 01 - B1F_AVG1_ADC8192;1082;27.087583;5611;1970;24.61;2032;31;31;1;100;411;8192;50;0;confirmada;2026-06-02T13:01:19.706
BLOQUE_16CFG_SIN_CROTAL_20260602_130033_CFG001_CONFIG_01_-_B1F_AVG1_ADC8192;SIN_CROTAL;BLOQUE_16CFG_SIN_CROTAL_20260602_130033_CFG001_CONFIG_01_-_B1F_AVG1_ADC8192;configurations;toma con tabla personalizada de configuraciones;CONFIG 01 - B1F_AVG1_ADC8192;1083;27.117926;5612;1982;24.48;2027;31;31;1;100;411;8192;50;0;confirmada;2026-06-02T13:01:19.706
BLOQUE_16CFG_SIN_CROTAL_20260602_130033_CFG001_CONFIG_01_-_B1F_AVG1_ADC8192;SIN_CROTAL;BLOQUE_16CFG_SIN_CROTAL_20260602_130033_CFG001_CONFIG_01_-_B1F_AVG1_ADC8192;configurations;toma con tabla personalizada de configuraciones;CONFIG 01 - B1F_AVG1_ADC8192;1084;27.138158;5615;1961;25.39;2063;31;31;1;100;411;8192;50;0;confirmada;2026-06-02T13:01:19.706
BLOQUE_16CFG_SIN_CROTAL_20260602_130033_CFG001_CONFIG_01_-_B1F_AVG1_ADC8192;SIN_CROTAL;BLOQUE_16CFG_SIN_CROTAL_20260602_130033_CFG001_CONFIG_01_-_B1F_AVG1_ADC8192;configurations;toma con tabla personalizada de configuraciones;CONFIG 01 - B1F_AVG1_ADC8192;1085;27.168046;5611;1968;25.04;2049;31;31;1;100;411;8192;50;0;confirmada;2026-06-02T13:01:19.706
BLOQUE_16CFG_SIN_CROTAL_20260602_130033_CFG001_CONFIG_01_-_B1F_AVG1_ADC8192;SIN_CROTAL;BLOQUE_16CFG_SIN_CROTAL_20260602_130033_CFG001_CONFIG_01_-_B1F_AVG1_ADC8192;configurations;toma con tabla personalizada de configuraciones;CONFIG 01 - B1F_AVG1_ADC8192;1086;27.188449;5615;1963;25.06;2050;31;31;1;100;411;8192;50;0;confirmada;2026-06-02T13:01:19.706
BLOQUE_16CFG_SIN_CROTAL_20260602_130033_CFG001_CONFIG_01_-_B1F_AVG1_ADC8192;SIN_CROTAL;BLOQUE_16CFG_SIN_CROTAL_20260602_130033_CFG001_CONFIG_01_-_B1F_AVG1_ADC8192;configurations;toma con tabla personalizada de configuraciones;CONFIG 01 - B1F_AVG1_ADC8192;1087;27.218206;5609;1973;24.91;2044;31;31;1;100;411;8192;50;0;confirmada;2026-06-02T13:01:19.706
BLOQUE_16CFG_SIN_CROTAL_20260602_130033_CFG001_CONFIG_01_-_B1F_AVG1_ADC8192;SIN_CROTAL;BLOQUE_16CFG_SIN_CROTAL_20260602_130033_CFG001_CONFIG_01_-_B1F_AVG1_ADC8192;configurations;toma con tabla personalizada de configuraciones;CONFIG 01 - B1F_AVG1_ADC8192;1088;27.238471;5617;1961;25.34;2061;31;31;1;100;411;8192;50;0;confirmada;2026-06-02T13:01:19.706
BLOQUE_16CFG_SIN_CROTAL_20260602_130033_CFG001_CONFIG_01_-_B1F_AVG1_ADC8192;SIN_CROTAL;BLOQUE_16CFG_SIN_CROTAL_20260602_130033_CFG001_CONFIG_01_-_B1F_AVG1_ADC8192;configurations;toma con tabla personalizada de configuraciones;CONFIG 01 - B1F_AVG1_ADC8192;1089;27.268325;5617;1972;25.42;2064;31;31;1;100;411;8192;50;0;confirmada;2026-06-02T13:01:19.706
BLOQUE_16CFG_SIN_CROTAL_20260602_130033_CFG001_CONFIG_01_-_B1F_AVG1_ADC8192;SIN_CROTAL;BLOQUE_16CFG_SIN_CROTAL_20260602_130033_CFG001_CONFIG_01_-_B1F_AVG1_ADC8192;configurations;toma con tabla personalizada de configuraciones;CONFIG 01 - B1F_AVG1_ADC8192;1090;27.288043;5616;1965;25.34;2061;31;31;1;100;411;8192;50;0;confirmada;2026-06-02T13:01:19.706
BLOQUE_16CFG_SIN_CROTAL_20260602_130033_CFG001_CONFIG_01_-_B1F_AVG1_ADC8192;SIN_CROTAL;BLOQUE_16CFG_SIN_CROTAL_20260602_130033_CFG001_CONFIG_01_-_B1F_AVG1_ADC8192;configurations;toma con tabla personalizada de configuraciones;CONFIG 01 - B1F_AVG1_ADC8192;1091;27.318506;5622;1977;25.19;2055;31;31;1;100;411;8192;50;0;confirmada;2026-06-02T13:01:19.706
BLOQUE_16CFG_SIN_CROTAL_20260602_130033_CFG001_CONFIG_01_-_B1F_AVG1_ADC8192;SIN_CROTAL;BLOQUE_16CFG_SIN_CROTAL_20260602_130033_CFG001_CONFIG_01_-_B1F_AVG1_ADC8192;configurations;toma con tabla personalizada de configuraciones;CONFIG 01 - B1F_AVG1_ADC8192;1092;27.338539;5616;1967;24.43;2025;31;31;1;100;411;8192;50;0;confirmada;2026-06-02T13:01:19.706
BLOQUE_16CFG_SIN_CROTAL_20260602_130033_CFG001_CONFIG_01_-_B1F_AVG1_ADC8192;SIN_CROTAL;BLOQUE_16CFG_SIN_CROTAL_20260602_130033_CFG001_CONFIG_01_-_B1F_AVG1_ADC8192;configurations;toma con tabla personalizada de configuraciones;CONFIG 01 - B1F_AVG1_ADC8192;1093;27.368626;5617;1970;24.96;2046;31;31;1;100;411;8192;50;0;confirmada;2026-06-02T13:01:19.706
BLOQUE_16CFG_SIN_CROTAL_20260602_130033_CFG001_CONFIG_01_-_B1F_AVG1_ADC8192;SIN_CROTAL;BLOQUE_16CFG_SIN_CROTAL_20260602_130033_CFG001_CONFIG_01_-_B1F_AVG1_ADC8192;configurations;toma con tabla personalizada de configuraciones;CONFIG 01 - B1F_AVG1_ADC8192;1094;27.388739;5615;1970;25.19;2055;31;31;1;100;411;8192;50;0;confirmada;2026-06-02T13:01:19.706
BLOQUE_16CFG_SIN_CROTAL_20260602_130033_CFG001_CONFIG_01_-_B1F_AVG1_ADC8192;SIN_CROTAL;BLOQUE_16CFG_SIN_CROTAL_20260602_130033_CFG001_CONFIG_01_-_B1F_AVG1_ADC8192;configurations;toma con tabla personalizada de configuraciones;CONFIG 01 - B1F_AVG1_ADC8192;1095;27.418783;5622;1981;25.27;2058;31;31;1;100;411;8192;50;0;confirmada;2026-06-02T13:01:19.706
BLOQUE_16CFG_SIN_CROTAL_20260602_130033_CFG001_CONFIG_01_-_B1F_AVG1_ADC8192;SIN_CROTAL;BLOQUE_16CFG_SIN_CROTAL_20260602_130033_CFG001_CONFIG_01_-_B1F_AVG1_ADC8192;configurations;toma con tabla personalizada de configuraciones;CONFIG 01 - B1F_AVG1_ADC8192;1096;27.438962;5609;1969;25.42;2064;31;31;1;100;411;8192;50;0;confirmada;2026-06-02T13:01:19.706
BLOQUE_16CFG_SIN_CROTAL_20260602_130033_CFG001_CONFIG_01_-_B1F_AVG1_ADC8192;SIN_CROTAL;BLOQUE_16CFG_SIN_CROTAL_20260602_130033_CFG001_CONFIG_01_-_B1F_AVG1_ADC8192;configurations;toma con tabla personalizada de configuraciones;CONFIG 01 - B1F_AVG1_ADC8192;1097;27.468872;5614;1969;24.84;2041;31;31;1;100;411;8192;50;0;confirmada;2026-06-02T13:01:19.706
BLOQUE_16CFG_SIN_CROTAL_20260602_130033_CFG001_CONFIG_01_-_B1F_AVG1_ADC8192;SIN_CROTAL;BLOQUE_16CFG_SIN_CROTAL_20260602_130033_CFG001_CONFIG_01_-_B1F_AVG1_ADC8192;configurations;toma con tabla personalizada de configuraciones;CONFIG 01 - B1F_AVG1_ADC8192;1098;27.488519;5606;1967;24.26;2018;31;31;1;100;411;8192;50;0;confirmada;2026-06-02T13:01:19.706
BLOQUE_16CFG_SIN_CROTAL_20260602_130033_CFG001_CONFIG_01_-_B1F_AVG1_ADC8192;SIN_CROTAL;BLOQUE_16CFG_SIN_CROTAL_20260602_130033_CFG001_CONFIG_01_-_B1F_AVG1_ADC8192;configurations;toma con tabla personalizada de configuraciones;CONFIG 01 - B1F_AVG1_ADC8192;1099;27.518976;5618;1972;25.22;2056;31;31;1;100;411;8192;50;0;confirmada;2026-06-02T13:01:19.706
BLOQUE_16CFG_SIN_CROTAL_20260602_130033_CFG001_CONFIG_01_-_B1F_AVG1_ADC8192;SIN_CROTAL;BLOQUE_16CFG_SIN_CROTAL_20260602_130033_CFG001_CONFIG_01_-_B1F_AVG1_ADC8192;configurations;toma con tabla personalizada de configuraciones;CONFIG 01 - B1F_AVG1_ADC8192;1100;27.539322;5626;1963;24.94;2045;31;31;1;100;411;8192;50;0;confirmada;2026-06-02T13:01:19.706
BLOQUE_16CFG_SIN_CROTAL_20260602_130033_CFG001_CONFIG_01_-_B1F_AVG1_ADC8192;SIN_CROTAL;BLOQUE_16CFG_SIN_CROTAL_20260602_130033_CFG001_CONFIG_01_-_B1F_AVG1_ADC8192;configurations;toma con tabla personalizada de configuraciones;CONFIG 01 - B1F_AVG1_ADC8192;1101;27.568974;5615;1981;24.86;2042;31;31;1;100;411;8192;50;0;confirmada;2026-06-02T13:01:19.706
BLOQUE_16CFG_SIN_CROTAL_20260602_130033_CFG001_CONFIG_01_-_B1F_AVG1_ADC8192;SIN_CROTAL;BLOQUE_16CFG_SIN_CROTAL_20260602_130033_CFG001_CONFIG_01_-_B1F_AVG1_ADC8192;configurations;toma con tabla personalizada de configuraciones;CONFIG 01 - B1F_AVG1_ADC8192;1102;27.588805;5613;1968;25.37;2062;31;31;1;100;411;8192;50;0;confirmada;2026-06-02T13:01:19.706
BLOQUE_16CFG_SIN_CROTAL_20260602_130033_CFG001_CONFIG_01_-_B1F_AVG1_ADC8192;SIN_CROTAL;BLOQUE_16CFG_SIN_CROTAL_20260602_130033_CFG001_CONFIG_01_-_B1F_AVG1_ADC8192;configurations;toma con tabla personalizada de configuraciones;CONFIG 01 - B1F_AVG1_ADC8192;1103;27.619259;5614;1976;25.29;2059;31;31;1;100;411;8192;50;0;confirmada;2026-06-02T13:01:19.706
BLOQUE_16CFG_SIN_CROTAL_20260602_130033_CFG001_CONFIG_01_-_B1F_AVG1_ADC8192;SIN_CROTAL;BLOQUE_16CFG_SIN_CROTAL_20260602_130033_CFG001_CONFIG_01_-_B1F_AVG1_ADC8192;configurations;toma con tabla personalizada de configuraciones;CONFIG 01 - B1F_AVG1_ADC8192;1104;27.639355;5617;1969;24.99;2047;31;31;1;100;411;8192;50;0;confirmada;2026-06-02T13:01:19.707
BLOQUE_16CFG_SIN_CROTAL_20260602_130033_CFG001_CONFIG_01_-_B1F_AVG1_ADC8192;SIN_CROTAL;BLOQUE_16CFG_SIN_CROTAL_20260602_130033_CFG001_CONFIG_01_-_B1F_AVG1_ADC8192;configurations;toma con tabla personalizada de configuraciones;CONFIG 01 - B1F_AVG1_ADC8192;1105;27.669231;5623;1982;25.06;2050;31;31;1;100;411;8192;50;0;confirmada;2026-06-02T13:01:19.707
BLOQUE_16CFG_SIN_CROTAL_20260602_130033_CFG001_CONFIG_01_-_B1F_AVG1_ADC8192;SIN_CROTAL;BLOQUE_16CFG_SIN_CROTAL_20260602_130033_CFG001_CONFIG_01_-_B1F_AVG1_ADC8192;configurations;toma con tabla personalizada de configuraciones;CONFIG 01 - B1F_AVG1_ADC8192;1106;27.689315;5615;1972;25.29;2059;31;31;1;100;411;8192;50;0;confirmada;2026-06-02T13:01:19.707
BLOQUE_16CFG_SIN_CROTAL_20260602_130033_CFG001_CONFIG_01_-_B1F_AVG1_ADC8192;SIN_CROTAL;BLOQUE_16CFG_SIN_CROTAL_20260602_130033_CFG001_CONFIG_01_-_B1F_AVG1_ADC8192;configurations;toma con tabla personalizada de configuraciones;CONFIG 01 - B1F_AVG1_ADC8192;1107;27.719453;5606;1973;25.01;2048;31;31;1;100;411;8192;50;0;confirmada;2026-06-02T13:01:19.707
BLOQUE_16CFG_SIN_CROTAL_20260602_130033_CFG001_CONFIG_01_-_B1F_AVG1_ADC8192;SIN_CROTAL;BLOQUE_16CFG_SIN_CROTAL_20260602_130033_CFG001_CONFIG_01_-_B1F_AVG1_ADC8192;configurations;toma con tabla personalizada de configuraciones;CONFIG 01 - B1F_AVG1_ADC8192;1108;27.739384;5613;1972;25.49;2067;31;31;1;100;411;8192;50;0;confirmada;2026-06-02T13:01:19.707
BLOQUE_16CFG_SIN_CROTAL_20260602_130033_CFG001_CONFIG_01_-_B1F_AVG1_ADC8192;SIN_CROTAL;BLOQUE_16CFG_SIN_CROTAL_20260602_130033_CFG001_CONFIG_01_-_B1F_AVG1_ADC8192;configurations;toma con tabla personalizada de configuraciones;CONFIG 01 - B1F_AVG1_ADC8192;1109;27.769608;5615;1972;25.57;2070;31;31;1;100;411;8192;50;0;confirmada;2026-06-02T13:01:19.707
BLOQUE_16CFG_SIN_CROTAL_20260602_130033_CFG001_CONFIG_01_-_B1F_AVG1_ADC8192;SIN_CROTAL;BLOQUE_16CFG_SIN_CROTAL_20260602_130033_CFG001_CONFIG_01_-_B1F_AVG1_ADC8192;configurations;toma con tabla personalizada de configuraciones;CONFIG 01 - B1F_AVG1_ADC8192;1110;27.789703;5611;1961;24.91;2044;31;31;1;100;411;8192;50;0;confirmada;2026-06-02T13:01:19.707
BLOQUE_16CFG_SIN_CROTAL_20260602_130033_CFG001_CONFIG_01_-_B1F_AVG1_ADC8192;SIN_CROTAL;BLOQUE_16CFG_SIN_CROTAL_20260602_130033_CFG001_CONFIG_01_-_B1F_AVG1_ADC8192;configurations;toma con tabla personalizada de configuraciones;CONFIG 01 - B1F_AVG1_ADC8192;1111;27.819738;5620;1971;25.01;2048;31;31;1;100;411;8192;50;0;confirmada;2026-06-02T13:01:19.707
BLOQUE_16CFG_SIN_CROTAL_20260602_130033_CFG001_CONFIG_01_-_B1F_AVG1_ADC8192;SIN_CROTAL;BLOQUE_16CFG_SIN_CROTAL_20260602_130033_CFG001_CONFIG_01_-_B1F_AVG1_ADC8192;configurations;toma con tabla personalizada de configuraciones;CONFIG 01 - B1F_AVG1_ADC8192;1112;27.839768;5620;1974;25.06;2050;31;31;1;100;411;8192;50;0;confirmada;2026-06-02T13:01:19.707
BLOQUE_16CFG_SIN_CROTAL_20260602_130033_CFG001_CONFIG_01_-_B1F_AVG1_ADC8192;SIN_CROTAL;BLOQUE_16CFG_SIN_CROTAL_20260602_130033_CFG001_CONFIG_01_-_B1F_AVG1_ADC8192;configurations;toma con tabla personalizada de configuraciones;CONFIG 01 - B1F_AVG1_ADC8192;1113;27.869828;5612;1975;25.39;2063;31;31;1;100;411;8192;50;0;confirmada;2026-06-02T13:01:19.707
BLOQUE_16CFG_SIN_CROTAL_20260602_130033_CFG001_CONFIG_01_-_B1F_AVG1_ADC8192;SIN_CROTAL;BLOQUE_16CFG_SIN_CROTAL_20260602_130033_CFG001_CONFIG_01_-_B1F_AVG1_ADC8192;configurations;toma con tabla personalizada de configuraciones;CONFIG 01 - B1F_AVG1_ADC8192;1114;27.890114;5615;1964;24.63;2033;31;31;1;100;411;8192;50;0;confirmada;2026-06-02T13:01:19.707
BLOQUE_16CFG_SIN_CROTAL_20260602_130033_CFG001_CONFIG_01_-_B1F_AVG1_ADC8192;SIN_CROTAL;BLOQUE_16CFG_SIN_CROTAL_20260602_130033_CFG001_CONFIG_01_-_B1F_AVG1_ADC8192;configurations;toma con tabla personalizada de configuraciones;CONFIG 01 - B1F_AVG1_ADC8192;1115;27.919845;5621;1979;24.36;2022;31;31;1;100;411;8192;50;0;confirmada;2026-06-02T13:01:19.707
BLOQUE_16CFG_SIN_CROTAL_20260602_130033_CFG001_CONFIG_01_-_B1F_AVG1_ADC8192;SIN_CROTAL;BLOQUE_16CFG_SIN_CROTAL_20260602_130033_CFG001_CONFIG_01_-_B1F_AVG1_ADC8192;configurations;toma con tabla personalizada de configuraciones;CONFIG 01 - B1F_AVG1_ADC8192;1116;27.939418;5603;1974;24.86;2042;31;31;1;100;411;8192;50;0;confirmada;2026-06-02T13:01:19.707
BLOQUE_16CFG_SIN_CROTAL_20260602_130033_CFG001_CONFIG_01_-_B1F_AVG1_ADC8192;SIN_CROTAL;BLOQUE_16CFG_SIN_CROTAL_20260602_130033_CFG001_CONFIG_01_-_B1F_AVG1_ADC8192;configurations;toma con tabla personalizada de configuraciones;CONFIG 01 - B1F_AVG1_ADC8192;1117;27.970065;5621;1972;25.32;2060;31;31;1;100;411;8192;50;0;confirmada;2026-06-02T13:01:19.707
BLOQUE_16CFG_SIN_CROTAL_20260602_130033_CFG001_CONFIG_01_-_B1F_AVG1_ADC8192;SIN_CROTAL;BLOQUE_16CFG_SIN_CROTAL_20260602_130033_CFG001_CONFIG_01_-_B1F_AVG1_ADC8192;configurations;toma con tabla personalizada de configuraciones;CONFIG 01 - B1F_AVG1_ADC8192;1118;27.989981;5627;1968;25.57;2070;31;31;1;100;411;8192;50;0;confirmada;2026-06-02T13:01:19.707
BLOQUE_16CFG_SIN_CROTAL_20260602_130033_CFG001_CONFIG_01_-_B1F_AVG1_ADC8192;SIN_CROTAL;BLOQUE_16CFG_SIN_CROTAL_20260602_130033_CFG001_CONFIG_01_-_B1F_AVG1_ADC8192;configurations;toma con tabla personalizada de configuraciones;CONFIG 01 - B1F_AVG1_ADC8192;1119;28.020261;5617;1971;25.04;2049;31;31;1;100;411;8192;50;0;confirmada;2026-06-02T13:01:19.707
BLOQUE_16CFG_SIN_CROTAL_20260602_130033_CFG001_CONFIG_01_-_B1F_AVG1_ADC8192;SIN_CROTAL;BLOQUE_16CFG_SIN_CROTAL_20260602_130033_CFG001_CONFIG_01_-_B1F_AVG1_ADC8192;configurations;toma con tabla personalizada de configuraciones;CONFIG 01 - B1F_AVG1_ADC8192;1120;28.039787;5606;1970;25.06;2050;31;31;1;100;411;8192;50;0;confirmada;2026-06-02T13:01:19.707
BLOQUE_16CFG_SIN_CROTAL_20260602_130033_CFG001_CONFIG_01_-_B1F_AVG1_ADC8192;SIN_CROTAL;BLOQUE_16CFG_SIN_CROTAL_20260602_130033_CFG001_CONFIG_01_-_B1F_AVG1_ADC8192;configurations;toma con tabla personalizada de configuraciones;CONFIG 01 - B1F_AVG1_ADC8192;1121;28.070261;5611;1977;25.16;2054;31;31;1;100;411;8192;50;0;confirmada;2026-06-02T13:01:19.707
BLOQUE_16CFG_SIN_CROTAL_20260602_130033_CFG001_CONFIG_01_-_B1F_AVG1_ADC8192;SIN_CROTAL;BLOQUE_16CFG_SIN_CROTAL_20260602_130033_CFG001_CONFIG_01_-_B1F_AVG1_ADC8192;configurations;toma con tabla personalizada de configuraciones;CONFIG 01 - B1F_AVG1_ADC8192;1122;28.089919;5608;1968;24.71;2036;31;31;1;100;411;8192;50;0;confirmada;2026-06-02T13:01:19.707
BLOQUE_16CFG_SIN_CROTAL_20260602_130033_CFG001_CONFIG_01_-_B1F_AVG1_ADC8192;SIN_CROTAL;BLOQUE_16CFG_SIN_CROTAL_20260602_130033_CFG001_CONFIG_01_-_B1F_AVG1_ADC8192;configurations;toma con tabla personalizada de configuraciones;CONFIG 01 - B1F_AVG1_ADC8192;1123;28.120323;5620;1972;25.49;2067;31;31;1;100;411;8192;50;0;confirmada;2026-06-02T13:01:19.707
BLOQUE_16CFG_SIN_CROTAL_20260602_130033_CFG001_CONFIG_01_-_B1F_AVG1_ADC8192;SIN_CROTAL;BLOQUE_16CFG_SIN_CROTAL_20260602_130033_CFG001_CONFIG_01_-_B1F_AVG1_ADC8192;configurations;toma con tabla personalizada de configuraciones;CONFIG 01 - B1F_AVG1_ADC8192;1124;28.140340;5615;1973;25.37;2062;31;31;1;100;411;8192;50;0;confirmada;2026-06-02T13:01:19.707
BLOQUE_16CFG_SIN_CROTAL_20260602_130033_CFG001_CONFIG_01_-_B1F_AVG1_ADC8192;SIN_CROTAL;BLOQUE_16CFG_SIN_CROTAL_20260602_130033_CFG001_CONFIG_01_-_B1F_AVG1_ADC8192;configurations;toma con tabla personalizada de configuraciones;CONFIG 01 - B1F_AVG1_ADC8192;1125;28.170610;5613;1975;25.04;2049;31;31;1;100;411;8192;50;0;confirmada;2026-06-02T13:01:19.707
BLOQUE_16CFG_SIN_CROTAL_20260602_130033_CFG001_CONFIG_01_-_B1F_AVG1_ADC8192;SIN_CROTAL;BLOQUE_16CFG_SIN_CROTAL_20260602_130033_CFG001_CONFIG_01_-_B1F_AVG1_ADC8192;configurations;toma con tabla personalizada de configuraciones;CONFIG 01 - B1F_AVG1_ADC8192;1126;28.190720;5613;1966;24.36;2022;31;31;1;100;411;8192;50;0;confirmada;2026-06-02T13:01:19.707
BLOQUE_16CFG_SIN_CROTAL_20260602_130033_CFG001_CONFIG_01_-_B1F_AVG1_ADC8192;SIN_CROTAL;BLOQUE_16CFG_SIN_CROTAL_20260602_130033_CFG001_CONFIG_01_-_B1F_AVG1_ADC8192;configurations;toma con tabla personalizada de configuraciones;CONFIG 01 - B1F_AVG1_ADC8192;1127;28.220743;5618;1961;24.48;2027;31;31;1;100;411;8192;50;0;confirmada;2026-06-02T13:01:19.707
BLOQUE_16CFG_SIN_CROTAL_20260602_130033_CFG001_CONFIG_01_-_B1F_AVG1_ADC8192;SIN_CROTAL;BLOQUE_16CFG_SIN_CROTAL_20260602_130033_CFG001_CONFIG_01_-_B1F_AVG1_ADC8192;configurations;toma con tabla personalizada de configuraciones;CONFIG 01 - B1F_AVG1_ADC8192;1128;28.240748;5617;1973;24.53;2029;31;31;1;100;411;8192;50;0;confirmada;2026-06-02T13:01:19.707
BLOQUE_16CFG_SIN_CROTAL_20260602_130033_CFG001_CONFIG_01_-_B1F_AVG1_ADC8192;SIN_CROTAL;BLOQUE_16CFG_SIN_CROTAL_20260602_130033_CFG001_CONFIG_01_-_B1F_AVG1_ADC8192;configurations;toma con tabla personalizada de configuraciones;CONFIG 01 - B1F_AVG1_ADC8192;1129;28.270855;5618;1973;24.61;2032;31;31;1;100;411;8192;50;0;confirmada;2026-06-02T13:01:19.707
BLOQUE_16CFG_SIN_CROTAL_20260602_130033_CFG001_CONFIG_01_-_B1F_AVG1_ADC8192;SIN_CROTAL;BLOQUE_16CFG_SIN_CROTAL_20260602_130033_CFG001_CONFIG_01_-_B1F_AVG1_ADC8192;configurations;toma con tabla personalizada de configuraciones;CONFIG 01 - B1F_AVG1_ADC8192;1130;28.290971;5612;1972;24.33;2021;31;31;1;100;411;8192;50;0;confirmada;2026-06-02T13:01:19.707
BLOQUE_16CFG_SIN_CROTAL_20260602_130033_CFG001_CONFIG_01_-_B1F_AVG1_ADC8192;SIN_CROTAL;BLOQUE_16CFG_SIN_CROTAL_20260602_130033_CFG001_CONFIG_01_-_B1F_AVG1_ADC8192;configurations;toma con tabla personalizada de configuraciones;CONFIG 01 - B1F_AVG1_ADC8192;1131;28.320902;5616;1982;24.61;2032;31;31;1;100;411;8192;50;0;confirmada;2026-06-02T13:01:19.707
BLOQUE_16CFG_SIN_CROTAL_20260602_130033_CFG001_CONFIG_01_-_B1F_AVG1_ADC8192;SIN_CROTAL;BLOQUE_16CFG_SIN_CROTAL_20260602_130033_CFG001_CONFIG_01_-_B1F_AVG1_ADC8192;configurations;toma con tabla personalizada de configuraciones;CONFIG 01 - B1F_AVG1_ADC8192;1132;28.340994;5618;1978;25.16;2054;31;31;1;100;411;8192;50;0;confirmada;2026-06-02T13:01:19.707
BLOQUE_16CFG_SIN_CROTAL_20260602_130033_CFG001_CONFIG_01_-_B1F_AVG1_ADC8192;SIN_CROTAL;BLOQUE_16CFG_SIN_CROTAL_20260602_130033_CFG001_CONFIG_01_-_B1F_AVG1_ADC8192;configurations;toma con tabla personalizada de configuraciones;CONFIG 01 - B1F_AVG1_ADC8192;1133;28.370985;5626;1979;24.68;2035;31;31;1;100;411;8192;50;0;confirmada;2026-06-02T13:01:19.707
BLOQUE_16CFG_SIN_CROTAL_20260602_130033_CFG001_CONFIG_01_-_B1F_AVG1_ADC8192;SIN_CROTAL;BLOQUE_16CFG_SIN_CROTAL_20260602_130033_CFG001_CONFIG_01_-_B1F_AVG1_ADC8192;configurations;toma con tabla personalizada de configuraciones;CONFIG 01 - B1F_AVG1_ADC8192;1134;28.391029;5623;1978;25.09;2051;31;31;1;100;411;8192;50;0;confirmada;2026-06-02T13:01:19.707
BLOQUE_16CFG_SIN_CROTAL_20260602_130033_CFG001_CONFIG_01_-_B1F_AVG1_ADC8192;SIN_CROTAL;BLOQUE_16CFG_SIN_CROTAL_20260602_130033_CFG001_CONFIG_01_-_B1F_AVG1_ADC8192;configurations;toma con tabla personalizada de configuraciones;CONFIG 01 - B1F_AVG1_ADC8192;1135;28.421165;5621;1977;25.24;2057;31;31;1;100;411;8192;50;0;confirmada;2026-06-02T13:01:19.707
BLOQUE_16CFG_SIN_CROTAL_20260602_130033_CFG001_CONFIG_01_-_B1F_AVG1_ADC8192;SIN_CROTAL;BLOQUE_16CFG_SIN_CROTAL_20260602_130033_CFG001_CONFIG_01_-_B1F_AVG1_ADC8192;configurations;toma con tabla personalizada de configuraciones;CONFIG 01 - B1F_AVG1_ADC8192;1136;28.440652;5616;1977;25.49;2067;31;31;1;100;411;8192;50;0;confirmada;2026-06-02T13:01:19.707
BLOQUE_16CFG_SIN_CROTAL_20260602_130033_CFG001_CONFIG_01_-_B1F_AVG1_ADC8192;SIN_CROTAL;BLOQUE_16CFG_SIN_CROTAL_20260602_130033_CFG001_CONFIG_01_-_B1F_AVG1_ADC8192;configurations;toma con tabla personalizada de configuraciones;CONFIG 01 - B1F_AVG1_ADC8192;1137;28.471189;5616;1964;24.79;2039;31;31;1;100;411;8192;50;0;confirmada;2026-06-02T13:01:19.707
BLOQUE_16CFG_SIN_CROTAL_20260602_130033_CFG001_CONFIG_01_-_B1F_AVG1_ADC8192;SIN_CROTAL;BLOQUE_16CFG_SIN_CROTAL_20260602_130033_CFG001_CONFIG_01_-_B1F_AVG1_ADC8192;configurations;toma con tabla personalizada de configuraciones;CONFIG 01 - B1F_AVG1_ADC8192;1138;28.491676;5625;1963;25.16;2054;31;31;1;100;411;8192;50;0;confirmada;2026-06-02T13:01:19.707
BLOQUE_16CFG_SIN_CROTAL_20260602_130033_CFG001_CONFIG_01_-_B1F_AVG1_ADC8192;SIN_CROTAL;BLOQUE_16CFG_SIN_CROTAL_20260602_130033_CFG001_CONFIG_01_-_B1F_AVG1_ADC8192;configurations;toma con tabla personalizada de configuraciones;CONFIG 01 - B1F_AVG1_ADC8192;1139;28.521307;5621;1971;25.24;2057;31;31;1;100;411;8192;50;0;confirmada;2026-06-02T13:01:19.707
BLOQUE_16CFG_SIN_CROTAL_20260602_130033_CFG001_CONFIG_01_-_B1F_AVG1_ADC8192;SIN_CROTAL;BLOQUE_16CFG_SIN_CROTAL_20260602_130033_CFG001_CONFIG_01_-_B1F_AVG1_ADC8192;configurations;toma con tabla personalizada de configuraciones;CONFIG 01 - B1F_AVG1_ADC8192;1140;28.541339;5615;1973;25.60;2071;31;31;1;100;411;8192;50;0;confirmada;2026-06-02T13:01:19.707
BLOQUE_16CFG_SIN_CROTAL_20260602_130033_CFG001_CONFIG_01_-_B1F_AVG1_ADC8192;SIN_CROTAL;BLOQUE_16CFG_SIN_CROTAL_20260602_130033_CFG001_CONFIG_01_-_B1F_AVG1_ADC8192;configurations;toma con tabla personalizada de configuraciones;CONFIG 01 - B1F_AVG1_ADC8192;1141;28.571418;5615;1972;25.60;2071;31;31;1;100;411;8192;50;0;confirmada;2026-06-02T13:01:19.707
BLOQUE_16CFG_SIN_CROTAL_20260602_130033_CFG001_CONFIG_01_-_B1F_AVG1_ADC8192;SIN_CROTAL;BLOQUE_16CFG_SIN_CROTAL_20260602_130033_CFG001_CONFIG_01_-_B1F_AVG1_ADC8192;configurations;toma con tabla personalizada de configuraciones;CONFIG 01 - B1F_AVG1_ADC8192;1142;28.592059;5625;1966;25.22;2056;31;31;1;100;411;8192;50;0;confirmada;2026-06-02T13:01:19.707
BLOQUE_16CFG_SIN_CROTAL_20260602_130033_CFG001_CONFIG_01_-_B1F_AVG1_ADC8192;SIN_CROTAL;BLOQUE_16CFG_SIN_CROTAL_20260602_130033_CFG001_CONFIG_01_-_B1F_AVG1_ADC8192;configurations;toma con tabla personalizada de configuraciones;CONFIG 01 - B1F_AVG1_ADC8192;1143;28.621617;5618;1967;25.16;2054;31;31;1;100;411;8192;50;0;confirmada;2026-06-02T13:01:19.707
BLOQUE_16CFG_SIN_CROTAL_20260602_130033_CFG001_CONFIG_01_-_B1F_AVG1_ADC8192;SIN_CROTAL;BLOQUE_16CFG_SIN_CROTAL_20260602_130033_CFG001_CONFIG_01_-_B1F_AVG1_ADC8192;configurations;toma con tabla personalizada de configuraciones;CONFIG 01 - B1F_AVG1_ADC8192;1144;28.641534;5618;1981;25.34;2061;31;31;1;100;411;8192;50;0;confirmada;2026-06-02T13:01:19.707
BLOQUE_16CFG_SIN_CROTAL_20260602_130033_CFG001_CONFIG_01_-_B1F_AVG1_ADC8192;SIN_CROTAL;BLOQUE_16CFG_SIN_CROTAL_20260602_130033_CFG001_CONFIG_01_-_B1F_AVG1_ADC8192;configurations;toma con tabla personalizada de configuraciones;CONFIG 01 - B1F_AVG1_ADC8192;1145;28.671797;5619;1977;25.06;2050;31;31;1;100;411;8192;50;0;confirmada;2026-06-02T13:01:19.707
BLOQUE_16CFG_SIN_CROTAL_20260602_130033_CFG001_CONFIG_01_-_B1F_AVG1_ADC8192;SIN_CROTAL;BLOQUE_16CFG_SIN_CROTAL_20260602_130033_CFG001_CONFIG_01_-_B1F_AVG1_ADC8192;configurations;toma con tabla personalizada de configuraciones;CONFIG 01 - B1F_AVG1_ADC8192;1146;28.691202;5611;1977;25.47;2066;31;31;1;100;411;8192;50;0;confirmada;2026-06-02T13:01:19.707
